  0.687346E-002  0.781239E-001
  0.687346E-002  0.781239E-001
  0.770417E-002  0.830544E-001
  0.857092E-002  0.879787E-001
  0.947188E-002  0.928968E-001
  0.104053E-001  0.978089E-001
  0.113695E-001  0.102715E+000
  0.123630E-001  0.107615E+000
  0.133841E-001  0.112510E+000
  0.144316E-001  0.117399E+000
  0.155040E-001  0.122283E+000
  0.166001E-001  0.127161E+000
  0.177188E-001  0.132034E+000
  0.188589E-001  0.136903E+000
  0.200195E-001  0.141766E+000
  0.211995E-001  0.146625E+000
  0.223982E-001  0.151479E+000
  0.236146E-001  0.156329E+000
  0.248481E-001  0.161174E+000
  0.260980E-001  0.166015E+000
  0.273636E-001  0.170853E+000
  0.286443E-001  0.175686E+000
  0.299397E-001  0.180515E+000
  0.312491E-001  0.185341E+000
  0.325721E-001  0.190162E+000
  0.339084E-001  0.194981E+000
  0.352574E-001  0.199795E+000
  0.366189E-001  0.204606E+000
  0.379925E-001  0.209414E+000
  0.393779E-001  0.214218E+000
  0.407748E-001  0.219019E+000
  0.421830E-001  0.223817E+000
  0.436021E-001  0.228611E+000
  0.450320E-001  0.233402E+000
  0.464724E-001  0.238190E+000
  0.479232E-001  0.242975E+000
  0.493841E-001  0.247757E+000
  0.508550E-001  0.252536E+000
  0.523357E-001  0.257311E+000
  0.538260E-001  0.262084E+000
  0.553259E-001  0.266854E+000
  0.568351E-001  0.271621E+000
  0.583535E-001  0.276384E+000
  0.598809E-001  0.281145E+000
  0.614174E-001  0.285904E+000
  0.629627E-001  0.290659E+000
  0.645167E-001  0.295411E+000
  0.660793E-001  0.300161E+000
  0.676504E-001  0.304907E+000
  0.692299E-001  0.309651E+000
  0.708176E-001  0.314393E+000
  0.724136E-001  0.319131E+000
  0.740176E-001  0.323867E+000
  0.756297E-001  0.328600E+000
  0.772496E-001  0.333330E+000
  0.788773E-001  0.338058E+000
  0.805127E-001  0.342783E+000
  0.821557E-001  0.347505E+000
  0.838063E-001  0.352225E+000
  0.854642E-001  0.356942E+000
  0.871295E-001  0.361656E+000
  0.888021E-001  0.366368E+000
  0.904818E-001  0.371078E+000
  0.921686E-001  0.375785E+000
  0.938623E-001  0.380489E+000
  0.955630E-001  0.385191E+000
  0.972705E-001  0.389890E+000
  0.989847E-001  0.394587E+000
  0.100706E+000  0.399282E+000
  0.102433E+000  0.403974E+000
  0.104167E+000  0.408664E+000
  0.105907E+000  0.413351E+000
  0.107654E+000  0.418036E+000
  0.109407E+000  0.422719E+000
  0.111166E+000  0.427399E+000
  0.112931E+000  0.432077E+000
  0.114702E+000  0.436753E+000
  0.116479E+000  0.441426E+000
  0.118262E+000  0.446098E+000
  0.120051E+000  0.450767E+000
  0.121845E+000  0.455434E+000
  0.123645E+000  0.460099E+000
  0.125450E+000  0.464761E+000
  0.127261E+000  0.469422E+000
  0.129077E+000  0.474080E+000
  0.130899E+000  0.478737E+000
  0.132726E+000  0.483391E+000
  0.134558E+000  0.488043E+000
  0.136395E+000  0.492694E+000
  0.138237E+000  0.497342E+000
  0.140084E+000  0.501988E+000
  0.141936E+000  0.506632E+000
  0.143793E+000  0.511275E+000
  0.145655E+000  0.515915E+000
  0.147521E+000  0.520554E+000
  0.149392E+000  0.525191E+000
  0.151267E+000  0.529826E+000
  0.153147E+000  0.534459E+000
  0.155032E+000  0.539090E+000
  0.156921E+000  0.543720E+000
  0.158814E+000  0.548348E+000
  0.160711E+000  0.552974E+000
  0.162612E+000  0.557598E+000
  0.164518E+000  0.562221E+000
  0.166428E+000  0.566841E+000
  0.168341E+000  0.571461E+000
  0.170259E+000  0.576078E+000
  0.172180E+000  0.580694E+000
  0.174106E+000  0.585309E+000
  0.176035E+000  0.589922E+000
  0.177968E+000  0.594533E+000
  0.179904E+000  0.599143E+000
  0.181844E+000  0.603751E+000
  0.183788E+000  0.608358E+000
  0.185735E+000  0.612963E+000
  0.187686E+000  0.617567E+000
  0.189640E+000  0.622169E+000
  0.191598E+000  0.626770E+000
  0.193559E+000  0.631370E+000
  0.195523E+000  0.635968E+000
  0.197490E+000  0.640564E+000
  0.199460E+000  0.645160E+000
  0.201434E+000  0.649754E+000
  0.203411E+000  0.654346E+000
  0.205391E+000  0.658938E+000
  0.207373E+000  0.663528E+000
  0.209359E+000  0.668116E+000
  0.211348E+000  0.672704E+000
  0.213339E+000  0.677290E+000
  0.215334E+000  0.681875E+000
  0.217331E+000  0.686459E+000
  0.219331E+000  0.691042E+000
  0.221334E+000  0.695623E+000
  0.223339E+000  0.700203E+000
  0.225347E+000  0.704782E+000
  0.227357E+000  0.709360E+000
  0.229371E+000  0.713937E+000
  0.231386E+000  0.718513E+000
  0.233405E+000  0.723087E+000
  0.235425E+000  0.727661E+000
  0.237448E+000  0.732233E+000
  0.239474E+000  0.736805E+000
  0.241502E+000  0.741375E+000
  0.243532E+000  0.745944E+000
  0.245564E+000  0.750512E+000
  0.247599E+000  0.755080E+000
  0.249636E+000  0.759646E+000
  0.251676E+000  0.764211E+000
  0.253717E+000  0.768775E+000
  0.255760E+000  0.773339E+000
  0.257806E+000  0.777901E+000
  0.259854E+000  0.782463E+000
  0.261904E+000  0.787023E+000
  0.263956E+000  0.791583E+000
  0.266010E+000  0.796141E+000
  0.268065E+000  0.800699E+000
  0.270123E+000  0.805256E+000
  0.272183E+000  0.809812E+000
  0.274245E+000  0.814367E+000
  0.276308E+000  0.818921E+000
  0.278374E+000  0.823475E+000
  0.280441E+000  0.828028E+000
  0.282510E+000  0.832579E+000
  0.284581E+000  0.837130E+000
  0.286653E+000  0.841681E+000
  0.288728E+000  0.846230E+000
  0.290804E+000  0.850779E+000
  0.292882E+000  0.855327E+000
  0.294961E+000  0.859874E+000
  0.297042E+000  0.864420E+000
  0.299125E+000  0.868965E+000
  0.301209E+000  0.873510E+000
  0.303295E+000  0.878054E+000
  0.305383E+000  0.882598E+000
  0.307472E+000  0.887141E+000
  0.309562E+000  0.891683E+000
  0.311654E+000  0.896224E+000
  0.313748E+000  0.900764E+000
  0.315843E+000  0.905304E+000
  0.317939E+000  0.909844E+000
  0.320037E+000  0.914382E+000
  0.322137E+000  0.918920E+000
  0.324237E+000  0.923457E+000
  0.326339E+000  0.927994E+000
  0.328443E+000  0.932530E+000
  0.330548E+000  0.937065E+000
  0.332654E+000  0.941600E+000
  0.334762E+000  0.946134E+000
  0.336870E+000  0.950668E+000
  0.338980E+000  0.955201E+000
  0.341092E+000  0.959733E+000
  0.343204E+000  0.964265E+000
  0.345318E+000  0.968796E+000
  0.347433E+000  0.973327E+000
  0.349550E+000  0.977857E+000
  0.351667E+000  0.982386E+000
  0.353786E+000  0.986915E+000
  0.355906E+000  0.991443E+000
  0.358027E+000  0.995971E+000
  0.360149E+000  0.100050E+001
  0.362272E+000  0.100503E+001
  0.364396E+000  0.100955E+001
  0.366522E+000  0.101408E+001
  0.368648E+000  0.101860E+001
  0.370776E+000  0.102313E+001
  0.372905E+000  0.102765E+001
  0.375034E+000  0.103218E+001
  0.377165E+000  0.103670E+001
  0.379297E+000  0.104122E+001
  0.381430E+000  0.104574E+001
  0.383563E+000  0.105027E+001
  0.385698E+000  0.105479E+001
  0.387834E+000  0.105931E+001
  0.389970E+000  0.106383E+001
  0.392108E+000  0.106835E+001
  0.394247E+000  0.107287E+001
  0.396386E+000  0.107739E+001
  0.398527E+000  0.108191E+001
  0.400668E+000  0.108642E+001
  0.402810E+000  0.109094E+001
  0.404953E+000  0.109546E+001
  0.407097E+000  0.109998E+001
  0.409242E+000  0.110449E+001
  0.411388E+000  0.110901E+001
  0.413534E+000  0.111353E+001
  0.415681E+000  0.111804E+001
  0.417829E+000  0.112256E+001
  0.419978E+000  0.112707E+001
  0.422128E+000  0.113158E+001
  0.424279E+000  0.113610E+001
  0.426430E+000  0.114061E+001
  0.428582E+000  0.114512E+001
  0.430735E+000  0.114964E+001
  0.432888E+000  0.115415E+001
  0.435043E+000  0.115866E+001
  0.437198E+000  0.116317E+001
  0.439354E+000  0.116769E+001
  0.441510E+000  0.117220E+001
  0.443667E+000  0.117671E+001
  0.445825E+000  0.118122E+001
  0.447984E+000  0.118573E+001
  0.450143E+000  0.119024E+001
  0.452303E+000  0.119475E+001
  0.454463E+000  0.119926E+001
  0.456625E+000  0.120376E+001
  0.458786E+000  0.120827E+001
  0.460949E+000  0.121278E+001
  0.463112E+000  0.121729E+001
  0.465276E+000  0.122180E+001
  0.467440E+000  0.122630E+001
  0.469605E+000  0.123081E+001
  0.471770E+000  0.123532E+001
  0.473937E+000  0.123982E+001
  0.476103E+000  0.124433E+001
  0.478270E+000  0.124884E+001
  0.480438E+000  0.125334E+001
  0.482607E+000  0.125785E+001
  0.484776E+000  0.126235E+001
  0.486945E+000  0.126686E+001
  0.489115E+000  0.127136E+001
  0.491285E+000  0.127587E+001
  0.493456E+000  0.128037E+001
  0.495628E+000  0.128487E+001
  0.497800E+000  0.128938E+001
  0.499972E+000  0.129388E+001
  0.502145E+000  0.129838E+001
  0.504319E+000  0.130289E+001
  0.506493E+000  0.130739E+001
  0.508667E+000  0.131189E+001
  0.510842E+000  0.131639E+001
  0.513017E+000  0.132090E+001
  0.515193E+000  0.132540E+001
  0.517369E+000  0.132990E+001
  0.519546E+000  0.133440E+001
  0.521723E+000  0.133890E+001
  0.523900E+000  0.134340E+001
  0.526078E+000  0.134790E+001
  0.528256E+000  0.135240E+001
  0.530435E+000  0.135691E+001
  0.532614E+000  0.136141E+001
  0.534794E+000  0.136591E+001
  0.536973E+000  0.137041E+001
  0.539154E+000  0.137490E+001
  0.541334E+000  0.137940E+001
  0.543515E+000  0.138390E+001
  0.545696E+000  0.138840E+001
  0.547878E+000  0.139290E+001
  0.550060E+000  0.139740E+001
  0.552242E+000  0.140190E+001
  0.554425E+000  0.140640E+001
  0.556607E+000  0.141090E+001
  0.558791E+000  0.141539E+001
  0.560974E+000  0.141989E+001
  0.563158E+000  0.142439E+001
  0.565342E+000  0.142889E+001
  0.567527E+000  0.143339E+001
  0.569711E+000  0.143788E+001
  0.571896E+000  0.144238E+001
  0.574082E+000  0.144688E+001
  0.576267E+000  0.145137E+001
  0.578453E+000  0.145587E+001
  0.580639E+000  0.146037E+001
  0.582825E+000  0.146486E+001
  0.585012E+000  0.146936E+001
  0.587199E+000  0.147386E+001
  0.589386E+000  0.147835E+001
  0.591573E+000  0.148285E+001
  0.593760E+000  0.148735E+001
  0.595948E+000  0.149184E+001
  0.598136E+000  0.149634E+001
  0.600324E+000  0.150083E+001
  0.602513E+000  0.150533E+001
  0.604701E+000  0.150983E+001
  0.606890E+000  0.151432E+001
  0.609079E+000  0.151882E+001
  0.611268E+000  0.152331E+001
  0.613457E+000  0.152781E+001
  0.615647E+000  0.153230E+001
  0.617836E+000  0.153680E+001
  0.620026E+000  0.154129E+001
  0.622216E+000  0.154579E+001
  0.624406E+000  0.155028E+001
  0.626596E+000  0.155478E+001
  0.628787E+000  0.155927E+001
  0.630977E+000  0.156377E+001
  0.633168E+000  0.156826E+001
  0.635359E+000  0.157275E+001
  0.637550E+000  0.157725E+001
  0.639741E+000  0.158174E+001
  0.641932E+000  0.158624E+001
  0.644123E+000  0.159073E+001
  0.646314E+000  0.159523E+001
  0.648506E+000  0.159972E+001
  0.650698E+000  0.160421E+001
  0.652889E+000  0.160871E+001
  0.655081E+000  0.161320E+001
  0.657273E+000  0.161770E+001
  0.659465E+000  0.162219E+001
  0.661657E+000  0.162668E+001
  0.663849E+000  0.163118E+001
  0.666041E+000  0.163567E+001
  0.668233E+000  0.164017E+001
  0.670425E+000  0.164466E+001
  0.672618E+000  0.164915E+001
  0.674810E+000  0.165365E+001
  0.677002E+000  0.165814E+001
  0.679195E+000  0.166263E+001
  0.681387E+000  0.166713E+001
  0.683580E+000  0.167162E+001
  0.685772E+000  0.167612E+001
  0.687965E+000  0.168061E+001
  0.690158E+000  0.168510E+001
  0.692350E+000  0.168960E+001
  0.694543E+000  0.169409E+001
  0.696736E+000  0.169858E+001
  0.698928E+000  0.170308E+001
  0.701121E+000  0.170757E+001
  0.703313E+000  0.171206E+001
  0.705506E+000  0.171656E+001
  0.707699E+000  0.172105E+001
  0.709891E+000  0.172554E+001
  0.712084E+000  0.173004E+001
  0.714276E+000  0.173453E+001
  0.716469E+000  0.173903E+001
  0.718661E+000  0.174352E+001
  0.720854E+000  0.174801E+001
  0.723046E+000  0.175251E+001
  0.725239E+000  0.175700E+001
  0.727431E+000  0.176149E+001
  0.729623E+000  0.176599E+001
  0.731815E+000  0.177048E+001
  0.734008E+000  0.177498E+001
  0.736200E+000  0.177947E+001
  0.738392E+000  0.178396E+001
  0.740584E+000  0.178846E+001
  0.742776E+000  0.179295E+001
  0.744967E+000  0.179745E+001
  0.747159E+000  0.180194E+001
  0.749351E+000  0.180643E+001
  0.751542E+000  0.181093E+001
  0.753734E+000  0.181542E+001
  0.755925E+000  0.181992E+001
  0.758116E+000  0.182441E+001
  0.760308E+000  0.182890E+001
  0.762499E+000  0.183340E+001
  0.764690E+000  0.183789E+001
  0.766881E+000  0.184239E+001
  0.769071E+000  0.184688E+001
  0.771262E+000  0.185138E+001
  0.773452E+000  0.185587E+001
  0.775643E+000  0.186037E+001
  0.777833E+000  0.186486E+001
  0.780023E+000  0.186936E+001
  0.782213E+000  0.187385E+001
  0.784403E+000  0.187835E+001
  0.786593E+000  0.188284E+001
  0.788782E+000  0.188734E+001
  0.790971E+000  0.189183E+001
  0.793161E+000  0.189633E+001
  0.795350E+000  0.190082E+001
  0.797539E+000  0.190532E+001
  0.799727E+000  0.190981E+001
  0.801916E+000  0.191431E+001
  0.804104E+000  0.191880E+001
  0.806293E+000  0.192330E+001
  0.808481E+000  0.192780E+001
  0.810669E+000  0.193229E+001
  0.812856E+000  0.193679E+001
  0.815044E+000  0.194128E+001
  0.817231E+000  0.194578E+001
  0.819418E+000  0.195028E+001
  0.821605E+000  0.195477E+001
  0.823792E+000  0.195927E+001
  0.825978E+000  0.196376E+001
  0.828165E+000  0.196826E+001
  0.830351E+000  0.197276E+001
  0.832537E+000  0.197726E+001
  0.834722E+000  0.198175E+001
  0.836908E+000  0.198625E+001
  0.839093E+000  0.199075E+001
  0.841278E+000  0.199524E+001
  0.843463E+000  0.199974E+001
  0.845647E+000  0.200424E+001
  0.847832E+000  0.200874E+001
  0.850016E+000  0.201323E+001
  0.852200E+000  0.201773E+001
  0.854383E+000  0.202223E+001
  0.856566E+000  0.202673E+001
  0.858750E+000  0.203123E+001
  0.860932E+000  0.203572E+001
  0.863115E+000  0.204022E+001
  0.865297E+000  0.204472E+001
  0.867479E+000  0.204922E+001
  0.869661E+000  0.205372E+001
  0.871843E+000  0.205822E+001
  0.874024E+000  0.206272E+001
  0.876205E+000  0.206722E+001
  0.878385E+000  0.207172E+001
  0.880566E+000  0.207622E+001
  0.882746E+000  0.208072E+001
  0.884926E+000  0.208522E+001
  0.887105E+000  0.208972E+001
  0.889284E+000  0.209422E+001
  0.891463E+000  0.209872E+001
  0.893642E+000  0.210322E+001
  0.895820E+000  0.210772E+001
  0.897998E+000  0.211222E+001
  0.900176E+000  0.211672E+001
  0.902354E+000  0.212122E+001
  0.904531E+000  0.212572E+001
  0.906707E+000  0.213022E+001
  0.908884E+000  0.213472E+001
  0.911060E+000  0.213922E+001
  0.913236E+000  0.214373E+001
  0.915411E+000  0.214823E+001
  0.917586E+000  0.215273E+001
  0.919761E+000  0.215723E+001
  0.921936E+000  0.216173E+001
  0.924110E+000  0.216624E+001
  0.926284E+000  0.217074E+001
  0.928457E+000  0.217524E+001
  0.930630E+000  0.217975E+001
  0.932803E+000  0.218425E+001
  0.934975E+000  0.218875E+001
  0.937147E+000  0.219326E+001
  0.939319E+000  0.219776E+001
  0.941490E+000  0.220226E+001
  0.943661E+000  0.220677E+001
  0.945832E+000  0.221127E+001
  0.948002E+000  0.221578E+001
  0.950172E+000  0.222028E+001
  0.952341E+000  0.222479E+001
  0.954510E+000  0.222929E+001
  0.956679E+000  0.223380E+001
  0.958847E+000  0.223830E+001
  0.961015E+000  0.224281E+001
  0.963183E+000  0.224731E+001
  0.965350E+000  0.225182E+001
  0.967517E+000  0.225633E+001
  0.969683E+000  0.226083E+001
  0.971849E+000  0.226534E+001
  0.974015E+000  0.226985E+001
  0.976180E+000  0.227435E+001
  0.978345E+000  0.227886E+001
  0.980509E+000  0.228337E+001
  0.982673E+000  0.228787E+001
  0.984836E+000  0.229238E+001
  0.986999E+000  0.229689E+001
  0.989162E+000  0.230140E+001
  0.991324E+000  0.230591E+001
  0.993486E+000  0.231041E+001
  0.995648E+000  0.231492E+001
  0.997809E+000  0.231943E+001
  0.999969E+000  0.232394E+001
  0.100213E+001  0.232845E+001
  0.100429E+001  0.233296E+001
  0.100645E+001  0.233747E+001
  0.100861E+001  0.234198E+001
  0.101077E+001  0.234649E+001
  0.101292E+001  0.235100E+001
  0.101508E+001  0.235551E+001
  0.101724E+001  0.236002E+001
  0.101939E+001  0.236453E+001
  0.102155E+001  0.236904E+001
  0.102371E+001  0.237355E+001
  0.102586E+001  0.237807E+001
  0.102802E+001  0.238258E+001
  0.103017E+001  0.238709E+001
  0.103232E+001  0.239160E+001
  0.103448E+001  0.239612E+001
  0.103663E+001  0.240063E+001
  0.103878E+001  0.240514E+001
  0.104094E+001  0.240965E+001
  0.104309E+001  0.241417E+001
  0.104524E+001  0.241868E+001
  0.104739E+001  0.242319E+001
  0.104954E+001  0.242771E+001
  0.105169E+001  0.243222E+001
  0.105384E+001  0.243674E+001
  0.105599E+001  0.244125E+001
  0.105814E+001  0.244577E+001
  0.106028E+001  0.245028E+001
  0.106243E+001  0.245480E+001
  0.106458E+001  0.245931E+001
  0.106672E+001  0.246383E+001
  0.106887E+001  0.246835E+001
  0.107101E+001  0.247286E+001
  0.107316E+001  0.247738E+001
  0.107530E+001  0.248190E+001
  0.107745E+001  0.248641E+001
  0.107959E+001  0.249093E+001
  0.108173E+001  0.249545E+001
  0.108388E+001  0.249996E+001
  0.108602E+001  0.250448E+001
  0.108816E+001  0.250900E+001
  0.109030E+001  0.251352E+001
  0.109244E+001  0.251804E+001
  0.109458E+001  0.252256E+001
  0.109672E+001  0.252708E+001
  0.109886E+001  0.253160E+001
  0.110100E+001  0.253612E+001
  0.110314E+001  0.254063E+001
  0.110527E+001  0.254515E+001
  0.110741E+001  0.254968E+001
  0.110955E+001  0.255420E+001
  0.111168E+001  0.255872E+001
  0.111382E+001  0.256324E+001
  0.111595E+001  0.256776E+001
  0.111809E+001  0.257228E+001
  0.112022E+001  0.257680E+001
  0.112236E+001  0.258132E+001
  0.112449E+001  0.258585E+001
  0.112662E+001  0.259037E+001
  0.112875E+001  0.259489E+001
  0.113089E+001  0.259941E+001
  0.113302E+001  0.260394E+001
  0.113515E+001  0.260846E+001
  0.113728E+001  0.261298E+001
  0.113941E+001  0.261751E+001
  0.114154E+001  0.262203E+001
  0.114366E+001  0.262656E+001
  0.114579E+001  0.263108E+001
  0.114792E+001  0.263561E+001
  0.115005E+001  0.264013E+001
  0.115217E+001  0.264466E+001
  0.115430E+001  0.264918E+001
  0.115643E+001  0.265371E+001
  0.115855E+001  0.265823E+001
  0.116068E+001  0.266276E+001
  0.116280E+001  0.266729E+001
  0.116492E+001  0.267181E+001
  0.116705E+001  0.267634E+001
  0.116917E+001  0.268087E+001
  0.117129E+001  0.268539E+001
  0.117341E+001  0.268992E+001
  0.117553E+001  0.269445E+001
  0.117765E+001  0.269898E+001
  0.117977E+001  0.270351E+001
  0.118189E+001  0.270803E+001
  0.118401E+001  0.271256E+001
  0.118613E+001  0.271709E+001
  0.118825E+001  0.272162E+001
  0.119037E+001  0.272615E+001
  0.119248E+001  0.273068E+001
  0.119460E+001  0.273521E+001
  0.119672E+001  0.273974E+001
  0.119883E+001  0.274427E+001
  0.120095E+001  0.274880E+001
  0.120306E+001  0.275333E+001
  0.120518E+001  0.275786E+001
  0.120729E+001  0.276239E+001
  0.120940E+001  0.276692E+001
  0.121152E+001  0.277146E+001
  0.121363E+001  0.277599E+001
  0.121574E+001  0.278052E+001
  0.121785E+001  0.278505E+001
  0.121996E+001  0.278958E+001
  0.122208E+001  0.279412E+001
  0.122419E+001  0.279865E+001
  0.122629E+001  0.280318E+001
  0.122840E+001  0.280772E+001
  0.123051E+001  0.281225E+001
  0.123262E+001  0.281678E+001
  0.123473E+001  0.282132E+001
  0.123684E+001  0.282585E+001
  0.123894E+001  0.283039E+001
  0.124105E+001  0.283492E+001
  0.124316E+001  0.283946E+001
  0.124526E+001  0.284399E+001
  0.124737E+001  0.284853E+001
  0.124947E+001  0.285306E+001
  0.125157E+001  0.285760E+001
  0.125368E+001  0.286213E+001
  0.125578E+001  0.286667E+001
  0.125788E+001  0.287121E+001
  0.125999E+001  0.287574E+001
  0.126209E+001  0.288028E+001
  0.126419E+001  0.288482E+001
  0.126629E+001  0.288935E+001
  0.126839E+001  0.289389E+001
  0.127049E+001  0.289843E+001
  0.127259E+001  0.290297E+001
  0.127469E+001  0.290750E+001
  0.127679E+001  0.291204E+001
  0.127889E+001  0.291658E+001
  0.128099E+001  0.292112E+001
  0.128308E+001  0.292566E+001
  0.128518E+001  0.293020E+001
  0.128728E+001  0.293474E+001
  0.128938E+001  0.293928E+001
  0.129147E+001  0.294381E+001
  0.129357E+001  0.294835E+001
  0.129566E+001  0.295289E+001
  0.129776E+001  0.295743E+001
  0.129985E+001  0.296197E+001
  0.130194E+001  0.296651E+001
  0.130404E+001  0.297106E+001
  0.130613E+001  0.297560E+001
  0.130822E+001  0.298014E+001
  0.131032E+001  0.298468E+001
  0.131241E+001  0.298922E+001
  0.131450E+001  0.299376E+001
  0.131659E+001  0.299830E+001
  0.131868E+001  0.300284E+001
  0.132077E+001  0.300739E+001
  0.132286E+001  0.301193E+001
  0.132495E+001  0.301647E+001
  0.132704E+001  0.302101E+001
  0.132913E+001  0.302556E+001
  0.133122E+001  0.303010E+001
  0.133331E+001  0.303464E+001
  0.133539E+001  0.303919E+001
  0.133748E+001  0.304373E+001
  0.133957E+001  0.304827E+001
  0.134166E+001  0.305282E+001
  0.134374E+001  0.305736E+001
  0.134583E+001  0.306190E+001
  0.134791E+001  0.306645E+001
  0.135000E+001  0.307099E+001
  0.135208E+001  0.307554E+001
  0.135417E+001  0.308008E+001
  0.135625E+001  0.308463E+001
  0.135834E+001  0.308917E+001
  0.136042E+001  0.309372E+001
  0.136250E+001  0.309826E+001
  0.136458E+001  0.310281E+001
  0.136667E+001  0.310736E+001
  0.136875E+001  0.311190E+001
  0.137083E+001  0.311645E+001
  0.137291E+001  0.312099E+001
  0.137499E+001  0.312554E+001
  0.137707E+001  0.313009E+001
  0.137915E+001  0.313463E+001
  0.138123E+001  0.313918E+001
  0.138331E+001  0.314373E+001
  0.138539E+001  0.314827E+001
  0.138747E+001  0.315282E+001
  0.138955E+001  0.315737E+001
  0.139163E+001  0.316192E+001
  0.139371E+001  0.316646E+001
  0.139578E+001  0.317101E+001
  0.139786E+001  0.317556E+001
  0.139994E+001  0.318011E+001
  0.140202E+001  0.318466E+001
  0.140409E+001  0.318920E+001
  0.140617E+001  0.319375E+001
  0.140824E+001  0.319830E+001
  0.141032E+001  0.320285E+001
  0.141239E+001  0.320740E+001
  0.141447E+001  0.321195E+001
  0.141654E+001  0.321650E+001
  0.141862E+001  0.322105E+001
  0.142069E+001  0.322560E+001
  0.142277E+001  0.323015E+001
  0.142484E+001  0.323470E+001
  0.142691E+001  0.323925E+001
  0.142898E+001  0.324380E+001
  0.143106E+001  0.324835E+001
  0.143313E+001  0.325290E+001
  0.143520E+001  0.325745E+001
  0.143727E+001  0.326200E+001
  0.143934E+001  0.326655E+001
  0.144142E+001  0.327110E+001
  0.144349E+001  0.327565E+001
  0.144556E+001  0.328020E+001
  0.144763E+001  0.328475E+001
  0.144970E+001  0.328931E+001
  0.145177E+001  0.329386E+001
  0.145384E+001  0.329841E+001
  0.145590E+001  0.330296E+001
  0.145797E+001  0.330751E+001
  0.146004E+001  0.331207E+001
  0.146211E+001  0.331662E+001
  0.146418E+001  0.332117E+001
  0.146625E+001  0.332572E+001
  0.146831E+001  0.333027E+001
  0.147038E+001  0.333483E+001
  0.147245E+001  0.333938E+001
  0.147451E+001  0.334393E+001
  0.147658E+001  0.334849E+001
  0.147865E+001  0.335304E+001
  0.148071E+001  0.335759E+001
  0.148278E+001  0.336215E+001
  0.148484E+001  0.336670E+001
  0.148691E+001  0.337125E+001
  0.148897E+001  0.337581E+001
  0.149104E+001  0.338036E+001
  0.149310E+001  0.338491E+001
  0.149517E+001  0.338947E+001
  0.149723E+001  0.339402E+001
  0.149929E+001  0.339858E+001
  0.150136E+001  0.340313E+001
