  0.212317E-001  0.258809E-001
  0.212317E-001  0.258809E-001
  0.244019E-001  0.297474E-001
  0.275718E-001  0.336141E-001
  0.307412E-001  0.374813E-001
  0.339101E-001  0.413488E-001
  0.370785E-001  0.452169E-001
  0.402462E-001  0.490854E-001
  0.434133E-001  0.529545E-001
  0.465796E-001  0.568241E-001
  0.497452E-001  0.606944E-001
  0.529099E-001  0.645654E-001
  0.560737E-001  0.684371E-001
  0.592366E-001  0.723096E-001
  0.623984E-001  0.761830E-001
  0.655592E-001  0.800572E-001
  0.687189E-001  0.839323E-001
  0.718773E-001  0.878084E-001
  0.750345E-001  0.916855E-001
  0.781904E-001  0.955637E-001
  0.813449E-001  0.994431E-001
  0.844979E-001  0.103324E+000
  0.876494E-001  0.107205E+000
  0.907993E-001  0.111088E+000
  0.939476E-001  0.114973E+000
  0.970941E-001  0.118859E+000
  0.100239E+000  0.122746E+000
  0.103382E+000  0.126635E+000
  0.106522E+000  0.130525E+000
  0.109661E+000  0.134417E+000
  0.112798E+000  0.138311E+000
  0.115932E+000  0.142206E+000
  0.119064E+000  0.146104E+000
  0.122194E+000  0.150003E+000
  0.125321E+000  0.153905E+000
  0.128446E+000  0.157808E+000
  0.131568E+000  0.161714E+000
  0.134687E+000  0.165622E+000
  0.137803E+000  0.169532E+000
  0.140916E+000  0.173444E+000
  0.144026E+000  0.177359E+000
  0.147133E+000  0.181277E+000
  0.150236E+000  0.185198E+000
  0.153336E+000  0.189121E+000
  0.156432E+000  0.193047E+000
  0.159524E+000  0.196976E+000
  0.162612E+000  0.200909E+000
  0.165696E+000  0.204844E+000
  0.168775E+000  0.208784E+000
  0.171850E+000  0.212726E+000
  0.174920E+000  0.216673E+000
  0.177985E+000  0.220623E+000
  0.181045E+000  0.224577E+000
  0.184100E+000  0.228536E+000
  0.187149E+000  0.232499E+000
  0.190191E+000  0.236466E+000
  0.193228E+000  0.240439E+000
  0.196258E+000  0.244416E+000
  0.199280E+000  0.248399E+000
  0.202296E+000  0.252387E+000
  0.205303E+000  0.256382E+000
  0.208303E+000  0.260382E+000
  0.211293E+000  0.264389E+000
  0.214275E+000  0.268403E+000
  0.217246E+000  0.272424E+000
  0.220207E+000  0.276453E+000
  0.223157E+000  0.280490E+000
  0.226095E+000  0.284536E+000
  0.229021E+000  0.288591E+000
  0.231932E+000  0.292656E+000
  0.234829E+000  0.296731E+000
  0.237711E+000  0.300817E+000
  0.240575E+000  0.304915E+000
  0.243421E+000  0.309026E+000
  0.246248E+000  0.313151E+000
  0.249053E+000  0.317290E+000
  0.251835E+000  0.321444E+000
  0.254591E+000  0.325616E+000
  0.257321E+000  0.329805E+000
  0.260021E+000  0.334013E+000
  0.262689E+000  0.338242E+000
  0.265321E+000  0.342493E+000
  0.267916E+000  0.346767E+000
  0.270469E+000  0.351066E+000
  0.272978E+000  0.355391E+000
  0.275437E+000  0.359744E+000
  0.277844E+000  0.364127E+000
  0.280195E+000  0.368540E+000
  0.282485E+000  0.372985E+000
  0.284711E+000  0.377462E+000
  0.286868E+000  0.381973E+000
  0.288954E+000  0.386517E+000
  0.290965E+000  0.391094E+000
  0.292899E+000  0.395705E+000
  0.294755E+000  0.400348E+000
  0.296531E+000  0.405022E+000
  0.298228E+000  0.409725E+000
  0.299846E+000  0.414456E+000
  0.301389E+000  0.419212E+000
  0.302857E+000  0.423992E+000
  0.304255E+000  0.428792E+000
  0.305587E+000  0.433612E+000
  0.306856E+000  0.438448E+000
  0.308068E+000  0.443299E+000
  0.309227E+000  0.448163E+000
  0.310338E+000  0.453038E+000
  0.311404E+000  0.457923E+000
  0.312432E+000  0.462816E+000
  0.313425E+000  0.467716E+000
  0.314387E+000  0.472623E+000
  0.315323E+000  0.477535E+000
  0.316234E+000  0.482451E+000
  0.317126E+000  0.487371E+000
  0.318000E+000  0.492294E+000
  0.318860E+000  0.497219E+000
  0.319708E+000  0.502147E+000
  0.320547E+000  0.507076E+000
  0.321378E+000  0.512006E+000
  0.322204E+000  0.516938E+000
  0.323026E+000  0.521870E+000
  0.323845E+000  0.526802E+000
  0.324664E+000  0.531734E+000
  0.325484E+000  0.536667E+000
  0.326305E+000  0.541599E+000
  0.327129E+000  0.546530E+000
  0.327957E+000  0.551461E+000
  0.328789E+000  0.556392E+000
  0.329627E+000  0.561321E+000
  0.330471E+000  0.566249E+000
  0.331322E+000  0.571176E+000
  0.332181E+000  0.576102E+000
  0.333047E+000  0.581026E+000
  0.333922E+000  0.585949E+000
  0.334806E+000  0.590870E+000
  0.335699E+000  0.595790E+000
  0.336602E+000  0.600708E+000
  0.337514E+000  0.605624E+000
  0.338437E+000  0.610538E+000
  0.339371E+000  0.615450E+000
  0.340315E+000  0.620360E+000
  0.341270E+000  0.625268E+000
  0.342236E+000  0.630174E+000
  0.343213E+000  0.635077E+000
  0.344202E+000  0.639979E+000
  0.345202E+000  0.644878E+000
  0.346214E+000  0.649774E+000
  0.347237E+000  0.654668E+000
  0.348272E+000  0.659560E+000
  0.349319E+000  0.664449E+000
  0.350377E+000  0.669336E+000
  0.351448E+000  0.674220E+000
  0.352530E+000  0.679102E+000
  0.353624E+000  0.683980E+000
  0.354730E+000  0.688857E+000
  0.355848E+000  0.693730E+000
  0.356977E+000  0.698601E+000
  0.358118E+000  0.703469E+000
  0.359271E+000  0.708334E+000
  0.360436E+000  0.713197E+000
  0.361612E+000  0.718056E+000
  0.362800E+000  0.722913E+000
  0.363999E+000  0.727767E+000
  0.365209E+000  0.732618E+000
  0.366431E+000  0.737467E+000
  0.367665E+000  0.742312E+000
  0.368909E+000  0.747155E+000
  0.370165E+000  0.751995E+000
  0.371431E+000  0.756832E+000
  0.372709E+000  0.761666E+000
  0.373997E+000  0.766497E+000
  0.375297E+000  0.771325E+000
  0.376606E+000  0.776150E+000
  0.377927E+000  0.780973E+000
  0.379258E+000  0.785793E+000
  0.380599E+000  0.790609E+000
  0.381951E+000  0.795423E+000
  0.383312E+000  0.800234E+000
  0.384684E+000  0.805042E+000
  0.386066E+000  0.809848E+000
  0.387458E+000  0.814650E+000
  0.388859E+000  0.819450E+000
  0.390270E+000  0.824246E+000
  0.391691E+000  0.829040E+000
  0.393121E+000  0.833831E+000
  0.394560E+000  0.838620E+000
  0.396008E+000  0.843405E+000
  0.397466E+000  0.848188E+000
  0.398933E+000  0.852968E+000
  0.400408E+000  0.857746E+000
  0.401893E+000  0.862520E+000
  0.403386E+000  0.867292E+000
  0.404887E+000  0.872061E+000
  0.406397E+000  0.876828E+000
  0.407916E+000  0.881592E+000
  0.409442E+000  0.886353E+000
  0.410977E+000  0.891112E+000
  0.412520E+000  0.895868E+000
  0.414071E+000  0.900621E+000
  0.415629E+000  0.905372E+000
  0.417196E+000  0.910120E+000
  0.418770E+000  0.914866E+000
  0.420351E+000  0.919609E+000
  0.421940E+000  0.924350E+000
  0.423536E+000  0.929088E+000
  0.425140E+000  0.933824E+000
  0.426750E+000  0.938558E+000
  0.428368E+000  0.943289E+000
  0.429993E+000  0.948018E+000
  0.431624E+000  0.952744E+000
  0.433263E+000  0.957468E+000
  0.434907E+000  0.962190E+000
  0.436559E+000  0.966909E+000
  0.438217E+000  0.971626E+000
  0.439881E+000  0.976341E+000
  0.441552E+000  0.981054E+000
  0.443229E+000  0.985764E+000
  0.444912E+000  0.990472E+000
  0.446601E+000  0.995178E+000
  0.448296E+000  0.999882E+000
  0.449997E+000  0.100458E+001
  0.451703E+000  0.100928E+001
  0.453416E+000  0.101398E+001
  0.455134E+000  0.101868E+001
  0.456857E+000  0.102337E+001
  0.458586E+000  0.102806E+001
  0.460321E+000  0.103275E+001
  0.462060E+000  0.103744E+001
  0.463805E+000  0.104212E+001
  0.465555E+000  0.104681E+001
  0.467311E+000  0.105149E+001
  0.469071E+000  0.105617E+001
  0.470836E+000  0.106085E+001
  0.472606E+000  0.106552E+001
  0.474381E+000  0.107020E+001
  0.476160E+000  0.107487E+001
  0.477945E+000  0.107954E+001
  0.479733E+000  0.108421E+001
  0.481527E+000  0.108888E+001
  0.483324E+000  0.109354E+001
  0.485127E+000  0.109821E+001
  0.486933E+000  0.110287E+001
  0.488744E+000  0.110753E+001
  0.490559E+000  0.111219E+001
  0.492378E+000  0.111685E+001
  0.494201E+000  0.112150E+001
  0.496028E+000  0.112616E+001
  0.497860E+000  0.113081E+001
  0.499695E+000  0.113546E+001
  0.501534E+000  0.114011E+001
  0.503377E+000  0.114476E+001
  0.505223E+000  0.114941E+001
  0.507073E+000  0.115405E+001
  0.508927E+000  0.115869E+001
  0.510784E+000  0.116334E+001
  0.512645E+000  0.116798E+001
  0.514510E+000  0.117262E+001
  0.516378E+000  0.117725E+001
  0.518249E+000  0.118189E+001
  0.520123E+000  0.118653E+001
  0.522001E+000  0.119116E+001
  0.523882E+000  0.119579E+001
  0.525766E+000  0.120042E+001
  0.527654E+000  0.120505E+001
  0.529544E+000  0.120968E+001
  0.531438E+000  0.121431E+001
  0.533334E+000  0.121894E+001
  0.535233E+000  0.122356E+001
  0.537136E+000  0.122819E+001
  0.539041E+000  0.123281E+001
  0.540949E+000  0.123743E+001
  0.542860E+000  0.124205E+001
  0.544773E+000  0.124667E+001
  0.546690E+000  0.125129E+001
  0.548609E+000  0.125591E+001
  0.550530E+000  0.126052E+001
  0.552454E+000  0.126514E+001
  0.554381E+000  0.126975E+001
  0.556310E+000  0.127436E+001
  0.558242E+000  0.127898E+001
  0.560176E+000  0.128359E+001
  0.562113E+000  0.128820E+001
  0.564052E+000  0.129280E+001
  0.565993E+000  0.129741E+001
  0.567937E+000  0.130202E+001
  0.569882E+000  0.130662E+001
  0.571830E+000  0.131123E+001
  0.573781E+000  0.131583E+001
  0.575733E+000  0.132044E+001
  0.577688E+000  0.132504E+001
  0.579645E+000  0.132964E+001
  0.581603E+000  0.133424E+001
  0.583564E+000  0.133884E+001
  0.585527E+000  0.134344E+001
  0.587492E+000  0.134804E+001
  0.589459E+000  0.135263E+001
  0.591428E+000  0.135723E+001
  0.593398E+000  0.136182E+001
  0.595371E+000  0.136642E+001
  0.597345E+000  0.137101E+001
  0.599322E+000  0.137561E+001
  0.601300E+000  0.138020E+001
  0.603279E+000  0.138479E+001
  0.605261E+000  0.138938E+001
  0.607244E+000  0.139397E+001
  0.609229E+000  0.139856E+001
  0.611216E+000  0.140315E+001
  0.613204E+000  0.140773E+001
  0.615194E+000  0.141232E+001
  0.617186E+000  0.141691E+001
  0.619179E+000  0.142149E+001
  0.621174E+000  0.142608E+001
  0.623170E+000  0.143066E+001
  0.625168E+000  0.143525E+001
  0.627167E+000  0.143983E+001
  0.629168E+000  0.144441E+001
  0.631170E+000  0.144899E+001
  0.633174E+000  0.145357E+001
  0.635179E+000  0.145815E+001
  0.637185E+000  0.146273E+001
  0.639193E+000  0.146731E+001
  0.641202E+000  0.147189E+001
  0.643213E+000  0.147647E+001
  0.645225E+000  0.148105E+001
  0.647238E+000  0.148562E+001
  0.649252E+000  0.149020E+001
  0.651268E+000  0.149478E+001
  0.653285E+000  0.149935E+001
  0.655303E+000  0.150393E+001
  0.657322E+000  0.150850E+001
  0.659343E+000  0.151307E+001
  0.661365E+000  0.151765E+001
  0.663388E+000  0.152222E+001
  0.665412E+000  0.152679E+001
  0.667437E+000  0.153136E+001
  0.669463E+000  0.153593E+001
  0.671491E+000  0.154050E+001
  0.673519E+000  0.154507E+001
  0.675549E+000  0.154964E+001
  0.677580E+000  0.155421E+001
  0.679611E+000  0.155878E+001
  0.681644E+000  0.156335E+001
  0.683678E+000  0.156792E+001
  0.685712E+000  0.157248E+001
  0.687748E+000  0.157705E+001
  0.689785E+000  0.158162E+001
  0.691823E+000  0.158618E+001
  0.693861E+000  0.159075E+001
  0.695901E+000  0.159531E+001
  0.697941E+000  0.159988E+001
  0.699983E+000  0.160444E+001
  0.702025E+000  0.160901E+001
  0.704068E+000  0.161357E+001
  0.706112E+000  0.161813E+001
  0.708157E+000  0.162270E+001
  0.710203E+000  0.162726E+001
  0.712249E+000  0.163182E+001
  0.714297E+000  0.163638E+001
  0.716345E+000  0.164094E+001
  0.718394E+000  0.164550E+001
  0.720444E+000  0.165006E+001
  0.722495E+000  0.165462E+001
  0.724546E+000  0.165918E+001
  0.726598E+000  0.166374E+001
  0.728651E+000  0.166830E+001
  0.730705E+000  0.167286E+001
  0.732760E+000  0.167742E+001
  0.734815E+000  0.168198E+001
  0.736871E+000  0.168654E+001
  0.738927E+000  0.169109E+001
  0.740985E+000  0.169565E+001
  0.743043E+000  0.170021E+001
  0.745101E+000  0.170476E+001
  0.747161E+000  0.170932E+001
  0.749221E+000  0.171388E+001
  0.751281E+000  0.171843E+001
  0.753343E+000  0.172299E+001
  0.755405E+000  0.172754E+001
  0.757468E+000  0.173210E+001
  0.759531E+000  0.173665E+001
  0.761595E+000  0.174120E+001
  0.763659E+000  0.174576E+001
  0.765724E+000  0.175031E+001
  0.767790E+000  0.175487E+001
  0.769856E+000  0.175942E+001
  0.771923E+000  0.176397E+001
  0.773991E+000  0.176852E+001
  0.776059E+000  0.177308E+001
  0.778127E+000  0.177763E+001
  0.780197E+000  0.178218E+001
  0.782266E+000  0.178673E+001
  0.784337E+000  0.179128E+001
  0.786407E+000  0.179583E+001
  0.788479E+000  0.180038E+001
  0.790551E+000  0.180493E+001
  0.792623E+000  0.180949E+001
  0.794696E+000  0.181404E+001
  0.796769E+000  0.181859E+001
  0.798843E+000  0.182313E+001
  0.800918E+000  0.182768E+001
  0.802993E+000  0.183223E+001
  0.805068E+000  0.183678E+001
  0.807144E+000  0.184133E+001
  0.809220E+000  0.184588E+001
  0.811297E+000  0.185043E+001
  0.813374E+000  0.185498E+001
  0.815452E+000  0.185952E+001
  0.817530E+000  0.186407E+001
  0.819609E+000  0.186862E+001
  0.821688E+000  0.187317E+001
  0.823768E+000  0.187771E+001
  0.825848E+000  0.188226E+001
  0.827928E+000  0.188681E+001
  0.830009E+000  0.189135E+001
  0.832090E+000  0.189590E+001
  0.834172E+000  0.190044E+001
  0.836254E+000  0.190499E+001
  0.838337E+000  0.190954E+001
  0.840420E+000  0.191408E+001
  0.842503E+000  0.191863E+001
  0.844587E+000  0.192317E+001
  0.846671E+000  0.192772E+001
  0.848756E+000  0.193226E+001
  0.850841E+000  0.193681E+001
  0.852926E+000  0.194135E+001
  0.855012E+000  0.194590E+001
  0.857098E+000  0.195044E+001
  0.859184E+000  0.195498E+001
  0.861271E+000  0.195953E+001
  0.863358E+000  0.196407E+001
  0.865446E+000  0.196861E+001
  0.867534E+000  0.197316E+001
  0.869622E+000  0.197770E+001
  0.871711E+000  0.198224E+001
  0.873800E+000  0.198679E+001
  0.875889E+000  0.199133E+001
  0.877979E+000  0.199587E+001
  0.880069E+000  0.200041E+001
  0.882160E+000  0.200495E+001
  0.884250E+000  0.200950E+001
  0.886342E+000  0.201404E+001
  0.888433E+000  0.201858E+001
  0.890525E+000  0.202312E+001
  0.892617E+000  0.202766E+001
  0.894709E+000  0.203220E+001
  0.896802E+000  0.203674E+001
  0.898895E+000  0.204128E+001
  0.900989E+000  0.204583E+001
  0.903082E+000  0.205037E+001
  0.905176E+000  0.205491E+001
  0.907271E+000  0.205945E+001
  0.909366E+000  0.206399E+001
  0.911461E+000  0.206853E+001
  0.913556E+000  0.207307E+001
  0.915651E+000  0.207761E+001
  0.917747E+000  0.208215E+001
  0.919844E+000  0.208668E+001
  0.921940E+000  0.209122E+001
  0.924037E+000  0.209576E+001
  0.926134E+000  0.210030E+001
  0.928232E+000  0.210484E+001
  0.930329E+000  0.210938E+001
  0.932427E+000  0.211392E+001
  0.934526E+000  0.211846E+001
  0.936624E+000  0.212299E+001
  0.938723E+000  0.212753E+001
  0.940822E+000  0.213207E+001
  0.942922E+000  0.213661E+001
  0.945022E+000  0.214115E+001
  0.947122E+000  0.214568E+001
  0.949222E+000  0.215022E+001
  0.951323E+000  0.215476E+001
  0.953424E+000  0.215930E+001
  0.955525E+000  0.216383E+001
  0.957626E+000  0.216837E+001
  0.959728E+000  0.217291E+001
  0.961830E+000  0.217744E+001
  0.963932E+000  0.218198E+001
  0.966035E+000  0.218652E+001
  0.968138E+000  0.219105E+001
  0.970241E+000  0.219559E+001
  0.972344E+000  0.220013E+001
  0.974448E+000  0.220466E+001
  0.976552E+000  0.220920E+001
  0.978656E+000  0.221373E+001
  0.980760E+000  0.221827E+001
  0.982865E+000  0.222280E+001
  0.984970E+000  0.222734E+001
  0.987075E+000  0.223187E+001
  0.989180E+000  0.223641E+001
  0.991286E+000  0.224094E+001
  0.993392E+000  0.224548E+001
  0.995498E+000  0.225001E+001
  0.997605E+000  0.225455E+001
  0.999712E+000  0.225908E+001
  0.100182E+001  0.226362E+001
  0.100393E+001  0.226815E+001
  0.100603E+001  0.227269E+001
  0.100814E+001  0.227722E+001
  0.101025E+001  0.228175E+001
  0.101236E+001  0.228629E+001
  0.101447E+001  0.229082E+001
  0.101657E+001  0.229535E+001
  0.101868E+001  0.229989E+001
  0.102079E+001  0.230442E+001
  0.102290E+001  0.230895E+001
  0.102501E+001  0.231349E+001
  0.102712E+001  0.231802E+001
  0.102923E+001  0.232255E+001
  0.103134E+001  0.232709E+001
  0.103345E+001  0.233162E+001
  0.103556E+001  0.233615E+001
  0.103768E+001  0.234068E+001
  0.103979E+001  0.234522E+001
  0.104190E+001  0.234975E+001
  0.104401E+001  0.235428E+001
  0.104612E+001  0.235881E+001
  0.104824E+001  0.236334E+001
  0.105035E+001  0.236788E+001
  0.105246E+001  0.237241E+001
  0.105457E+001  0.237694E+001
  0.105669E+001  0.238147E+001
  0.105880E+001  0.238600E+001
  0.106091E+001  0.239053E+001
  0.106303E+001  0.239506E+001
  0.106514E+001  0.239960E+001
  0.106726E+001  0.240413E+001
  0.106937E+001  0.240866E+001
  0.107149E+001  0.241319E+001
  0.107360E+001  0.241772E+001
  0.107572E+001  0.242225E+001
  0.107783E+001  0.242678E+001
  0.107995E+001  0.243131E+001
  0.108206E+001  0.243584E+001
  0.108418E+001  0.244037E+001
  0.108630E+001  0.244490E+001
  0.108841E+001  0.244943E+001
  0.109053E+001  0.245396E+001
  0.109265E+001  0.245849E+001
  0.109476E+001  0.246302E+001
  0.109688E+001  0.246755E+001
  0.109900E+001  0.247208E+001
  0.110112E+001  0.247661E+001
  0.110324E+001  0.248114E+001
  0.110535E+001  0.248567E+001
  0.110747E+001  0.249019E+001
  0.110959E+001  0.249472E+001
  0.111171E+001  0.249925E+001
  0.111383E+001  0.250378E+001
  0.111595E+001  0.250831E+001
  0.111807E+001  0.251284E+001
  0.112019E+001  0.251737E+001
  0.112231E+001  0.252190E+001
  0.112443E+001  0.252642E+001
  0.112655E+001  0.253095E+001
  0.112867E+001  0.253548E+001
  0.113079E+001  0.254001E+001
  0.113291E+001  0.254454E+001
  0.113503E+001  0.254906E+001
  0.113715E+001  0.255359E+001
  0.113927E+001  0.255812E+001
  0.114139E+001  0.256265E+001
  0.114351E+001  0.256717E+001
  0.114564E+001  0.257170E+001
  0.114776E+001  0.257623E+001
  0.114988E+001  0.258076E+001
  0.115200E+001  0.258528E+001
  0.115412E+001  0.258981E+001
  0.115625E+001  0.259434E+001
  0.115837E+001  0.259887E+001
  0.116049E+001  0.260339E+001
  0.116262E+001  0.260792E+001
  0.116474E+001  0.261245E+001
  0.116686E+001  0.261697E+001
  0.116899E+001  0.262150E+001
  0.117111E+001  0.262603E+001
  0.117323E+001  0.263055E+001
  0.117536E+001  0.263508E+001
  0.117748E+001  0.263961E+001
  0.117960E+001  0.264413E+001
  0.118173E+001  0.264866E+001
  0.118385E+001  0.265319E+001
  0.118598E+001  0.265771E+001
  0.118810E+001  0.266224E+001
  0.119023E+001  0.266676E+001
  0.119235E+001  0.267129E+001
  0.119448E+001  0.267582E+001
  0.119660E+001  0.268034E+001
  0.119873E+001  0.268487E+001
  0.120085E+001  0.268939E+001
  0.120298E+001  0.269392E+001
  0.120510E+001  0.269845E+001
  0.120723E+001  0.270297E+001
  0.120935E+001  0.270750E+001
  0.121148E+001  0.271202E+001
  0.121360E+001  0.271655E+001
  0.121573E+001  0.272107E+001
  0.121786E+001  0.272560E+001
  0.121998E+001  0.273013E+001
  0.122211E+001  0.273465E+001
  0.122423E+001  0.273918E+001
  0.122636E+001  0.274370E+001
  0.122849E+001  0.274823E+001
  0.123061E+001  0.275275E+001
  0.123274E+001  0.275728E+001
  0.123486E+001  0.276180E+001
  0.123699E+001  0.276633E+001
  0.123912E+001  0.277085E+001
  0.124124E+001  0.277538E+001
  0.124337E+001  0.277990E+001
  0.124550E+001  0.278443E+001
  0.124762E+001  0.278896E+001
  0.124975E+001  0.279348E+001
  0.125188E+001  0.279801E+001
  0.125400E+001  0.280253E+001
  0.125613E+001  0.280706E+001
  0.125826E+001  0.281158E+001
  0.126038E+001  0.281611E+001
  0.126251E+001  0.282063E+001
  0.126463E+001  0.282516E+001
  0.126676E+001  0.282968E+001
  0.126889E+001  0.283421E+001
  0.127101E+001  0.283873E+001
  0.127314E+001  0.284326E+001
  0.127527E+001  0.284778E+001
  0.127739E+001  0.285231E+001
  0.127952E+001  0.285683E+001
  0.128165E+001  0.286136E+001
  0.128377E+001  0.286588E+001
  0.128590E+001  0.287041E+001
  0.128803E+001  0.287494E+001
  0.129015E+001  0.287946E+001
  0.129228E+001  0.288399E+001
  0.129440E+001  0.288851E+001
  0.129653E+001  0.289304E+001
  0.129866E+001  0.289756E+001
  0.130078E+001  0.290209E+001
  0.130291E+001  0.290661E+001
  0.130503E+001  0.291114E+001
  0.130716E+001  0.291567E+001
  0.130928E+001  0.292019E+001
  0.131141E+001  0.292472E+001
  0.131353E+001  0.292924E+001
  0.131566E+001  0.293377E+001
  0.131779E+001  0.293829E+001
  0.131991E+001  0.294282E+001
  0.132203E+001  0.294735E+001
  0.132416E+001  0.295187E+001
  0.132628E+001  0.295640E+001
  0.132841E+001  0.296092E+001
  0.133053E+001  0.296545E+001
  0.133266E+001  0.296998E+001
  0.133478E+001  0.297450E+001
  0.133691E+001  0.297903E+001
  0.133903E+001  0.298356E+001
  0.134115E+001  0.298808E+001
  0.134328E+001  0.299261E+001
  0.134540E+001  0.299714E+001
  0.134752E+001  0.300166E+001
  0.134965E+001  0.300619E+001
  0.135177E+001  0.301072E+001
  0.135389E+001  0.301524E+001
  0.135601E+001  0.301977E+001
  0.135814E+001  0.302430E+001
  0.136026E+001  0.302883E+001
  0.136238E+001  0.303335E+001
  0.136450E+001  0.303788E+001
  0.136662E+001  0.304241E+001
  0.136875E+001  0.304694E+001
  0.137087E+001  0.305146E+001
  0.137299E+001  0.305599E+001
  0.137511E+001  0.306052E+001
  0.137723E+001  0.306505E+001
  0.137935E+001  0.306958E+001
  0.138147E+001  0.307410E+001
  0.138359E+001  0.307863E+001
  0.138571E+001  0.308316E+001
  0.138783E+001  0.308769E+001
  0.138995E+001  0.309222E+001
  0.139207E+001  0.309675E+001
  0.139418E+001  0.310128E+001
  0.139630E+001  0.310581E+001
  0.139842E+001  0.311034E+001
  0.140054E+001  0.311486E+001
  0.140266E+001  0.311939E+001
  0.140477E+001  0.312392E+001
  0.140689E+001  0.312845E+001
  0.140901E+001  0.313298E+001
  0.141112E+001  0.313751E+001
  0.141324E+001  0.314204E+001
  0.141535E+001  0.314657E+001
  0.141747E+001  0.315110E+001
  0.141959E+001  0.315563E+001
  0.142170E+001  0.316017E+001
  0.142381E+001  0.316470E+001
  0.142593E+001  0.316923E+001
  0.142804E+001  0.317376E+001
  0.143016E+001  0.317829E+001
  0.143227E+001  0.318282E+001
  0.143438E+001  0.318735E+001
  0.143650E+001  0.319188E+001
  0.143861E+001  0.319642E+001
  0.144072E+001  0.320095E+001
  0.144283E+001  0.320548E+001
  0.144494E+001  0.321001E+001
  0.144705E+001  0.321455E+001
  0.144916E+001  0.321908E+001
  0.145127E+001  0.322361E+001
  0.145338E+001  0.322814E+001
  0.145549E+001  0.323268E+001
  0.145760E+001  0.323721E+001
  0.145971E+001  0.324174E+001
  0.146182E+001  0.324628E+001
  0.146393E+001  0.325081E+001
  0.146603E+001  0.325535E+001
  0.146814E+001  0.325988E+001
  0.147025E+001  0.326442E+001
  0.147235E+001  0.326895E+001
  0.147446E+001  0.327348E+001
  0.147657E+001  0.327802E+001
  0.147867E+001  0.328256E+001
  0.148078E+001  0.328709E+001
  0.148288E+001  0.329163E+001
  0.148498E+001  0.329616E+001
  0.148709E+001  0.330070E+001
  0.148919E+001  0.330523E+001
  0.149129E+001  0.330977E+001
  0.149340E+001  0.331431E+001
  0.149550E+001  0.331884E+001
  0.149760E+001  0.332338E+001
  0.149970E+001  0.332792E+001
  0.150180E+001  0.333246E+001
