  0.156600E+000  0.323587E-001
  0.156600E+000  0.323587E-001
  0.157391E+000  0.372957E-001
  0.158286E+000  0.422149E-001
  0.159281E+000  0.471150E-001
  0.160371E+000  0.519947E-001
  0.161553E+000  0.568529E-001
  0.162824E+000  0.616889E-001
  0.164178E+000  0.665019E-001
  0.165613E+000  0.712917E-001
  0.167124E+000  0.760579E-001
  0.168707E+000  0.808005E-001
  0.170360E+000  0.855195E-001
  0.172078E+000  0.902150E-001
  0.173858E+000  0.948874E-001
  0.175697E+000  0.995370E-001
  0.177592E+000  0.104164E+000
  0.179539E+000  0.108769E+000
  0.181537E+000  0.113353E+000
  0.183582E+000  0.117915E+000
  0.185672E+000  0.122458E+000
  0.187804E+000  0.126980E+000
  0.189977E+000  0.131483E+000
  0.192189E+000  0.135968E+000
  0.194436E+000  0.140434E+000
  0.196718E+000  0.144883E+000
  0.199033E+000  0.149315E+000
  0.201379E+000  0.153731E+000
  0.203754E+000  0.158130E+000
  0.206157E+000  0.162515E+000
  0.208587E+000  0.166885E+000
  0.211043E+000  0.171240E+000
  0.213522E+000  0.175582E+000
  0.216025E+000  0.179911E+000
  0.218549E+000  0.184227E+000
  0.221094E+000  0.188530E+000
  0.223659E+000  0.192822E+000
  0.226243E+000  0.197103E+000
  0.228844E+000  0.201373E+000
  0.231463E+000  0.205633E+000
  0.234097E+000  0.209882E+000
  0.236747E+000  0.214122E+000
  0.239412E+000  0.218353E+000
  0.242090E+000  0.222575E+000
  0.244781E+000  0.226789E+000
  0.247485E+000  0.230995E+000
  0.250200E+000  0.235194E+000
  0.252926E+000  0.239386E+000
  0.255661E+000  0.243571E+000
  0.258406E+000  0.247750E+000
  0.261160E+000  0.251923E+000
  0.263922E+000  0.256091E+000
  0.266690E+000  0.260255E+000
  0.269465E+000  0.264414E+000
  0.272245E+000  0.268570E+000
  0.275030E+000  0.272723E+000
  0.277819E+000  0.276873E+000
  0.280610E+000  0.281021E+000
  0.283402E+000  0.285169E+000
  0.286195E+000  0.289316E+000
  0.288987E+000  0.293464E+000
  0.291776E+000  0.297614E+000
  0.294562E+000  0.301766E+000
  0.297342E+000  0.305922E+000
  0.300113E+000  0.310084E+000
  0.302875E+000  0.314252E+000
  0.305624E+000  0.318428E+000
  0.308358E+000  0.322614E+000
  0.311073E+000  0.326813E+000
  0.313767E+000  0.331025E+000
  0.316434E+000  0.335254E+000
  0.319072E+000  0.339502E+000
  0.321677E+000  0.343770E+000
  0.324245E+000  0.348060E+000
  0.326772E+000  0.352374E+000
  0.329258E+000  0.356713E+000
  0.331700E+000  0.361076E+000
  0.334102E+000  0.365461E+000
  0.336465E+000  0.369867E+000
  0.338796E+000  0.374291E+000
  0.341101E+000  0.378728E+000
  0.343390E+000  0.383173E+000
  0.345672E+000  0.387622E+000
  0.347954E+000  0.392071E+000
  0.350247E+000  0.396514E+000
  0.352556E+000  0.400949E+000
  0.354887E+000  0.405372E+000
  0.357245E+000  0.409781E+000
  0.359633E+000  0.414174E+000
  0.362052E+000  0.418550E+000
  0.364503E+000  0.422908E+000
  0.366986E+000  0.427248E+000
  0.369501E+000  0.431570E+000
  0.372046E+000  0.435874E+000
  0.374620E+000  0.440160E+000
  0.377221E+000  0.444430E+000
  0.379848E+000  0.448685E+000
  0.382499E+000  0.452924E+000
  0.385172E+000  0.457150E+000
  0.387865E+000  0.461362E+000
  0.390577E+000  0.465562E+000
  0.393307E+000  0.469752E+000
  0.396053E+000  0.473930E+000
  0.398813E+000  0.478099E+000
  0.401587E+000  0.482259E+000
  0.404372E+000  0.486411E+000
  0.407169E+000  0.490556E+000
  0.409977E+000  0.494694E+000
  0.412793E+000  0.498825E+000
  0.415618E+000  0.502950E+000
  0.418450E+000  0.507071E+000
  0.421290E+000  0.511186E+000
  0.424136E+000  0.515297E+000
  0.426987E+000  0.519404E+000
  0.429844E+000  0.523508E+000
  0.432705E+000  0.527608E+000
  0.435571E+000  0.531706E+000
  0.438440E+000  0.535801E+000
  0.441313E+000  0.539893E+000
  0.444188E+000  0.543984E+000
  0.447066E+000  0.548072E+000
  0.449946E+000  0.552159E+000
  0.452828E+000  0.556245E+000
  0.455712E+000  0.560330E+000
  0.458597E+000  0.564413E+000
  0.461483E+000  0.568496E+000
  0.464371E+000  0.572578E+000
  0.467258E+000  0.576660E+000
  0.470146E+000  0.580742E+000
  0.473034E+000  0.584823E+000
  0.475923E+000  0.588905E+000
  0.478811E+000  0.592986E+000
  0.481698E+000  0.597068E+000
  0.484585E+000  0.601151E+000
  0.487471E+000  0.605233E+000
  0.490357E+000  0.609317E+000
  0.493241E+000  0.613401E+000
  0.496124E+000  0.617487E+000
  0.499005E+000  0.621573E+000
  0.501885E+000  0.625660E+000
  0.504763E+000  0.629749E+000
  0.507640E+000  0.633838E+000
  0.510514E+000  0.637930E+000
  0.513386E+000  0.642022E+000
  0.516256E+000  0.646117E+000
  0.519123E+000  0.650213E+000
  0.521988E+000  0.654311E+000
  0.524851E+000  0.658410E+000
  0.527710E+000  0.662512E+000
  0.530566E+000  0.666616E+000
  0.533419E+000  0.670722E+000
  0.536269E+000  0.674830E+000
  0.539116E+000  0.678941E+000
  0.541959E+000  0.683054E+000
  0.544798E+000  0.687170E+000
  0.547633E+000  0.691288E+000
  0.550465E+000  0.695409E+000
  0.553292E+000  0.699533E+000
  0.556115E+000  0.703660E+000
  0.558933E+000  0.707790E+000
  0.561747E+000  0.711923E+000
  0.564556E+000  0.716059E+000
  0.567361E+000  0.720199E+000
  0.570160E+000  0.724342E+000
  0.572954E+000  0.728488E+000
  0.575743E+000  0.732638E+000
  0.578526E+000  0.736792E+000
  0.581303E+000  0.740950E+000
  0.584074E+000  0.745112E+000
  0.586840E+000  0.749277E+000
  0.589599E+000  0.753447E+000
  0.592351E+000  0.757621E+000
  0.595097E+000  0.761800E+000
  0.597836E+000  0.765983E+000
  0.600568E+000  0.770170E+000
  0.603293E+000  0.774363E+000
  0.606011E+000  0.778560E+000
  0.608720E+000  0.782762E+000
  0.611422E+000  0.786969E+000
  0.614116E+000  0.791181E+000
  0.616802E+000  0.795399E+000
  0.619479E+000  0.799622E+000
  0.622147E+000  0.803850E+000
  0.624807E+000  0.808084E+000
  0.627457E+000  0.812324E+000
  0.630098E+000  0.816570E+000
  0.632729E+000  0.820821E+000
  0.635350E+000  0.825079E+000
  0.637961E+000  0.829343E+000
  0.640561E+000  0.833614E+000
  0.643151E+000  0.837891E+000
  0.645730E+000  0.842174E+000
  0.648298E+000  0.846465E+000
  0.650855E+000  0.850762E+000
  0.653399E+000  0.855066E+000
  0.655932E+000  0.859377E+000
  0.658452E+000  0.863695E+000
  0.660960E+000  0.868021E+000
  0.663456E+000  0.872353E+000
  0.665938E+000  0.876694E+000
  0.668406E+000  0.881042E+000
  0.670862E+000  0.885398E+000
  0.673303E+000  0.889761E+000
  0.675730E+000  0.894133E+000
  0.678143E+000  0.898512E+000
  0.680541E+000  0.902899E+000
  0.682924E+000  0.907295E+000
  0.685292E+000  0.911699E+000
  0.687644E+000  0.916111E+000
  0.689981E+000  0.920531E+000
  0.692302E+000  0.924960E+000
  0.694607E+000  0.929397E+000
  0.696895E+000  0.933842E+000
  0.699167E+000  0.938296E+000
  0.701422E+000  0.942759E+000
  0.703660E+000  0.947230E+000
  0.705880E+000  0.951710E+000
  0.708083E+000  0.956199E+000
  0.710269E+000  0.960696E+000
  0.712437E+000  0.965201E+000
  0.714587E+000  0.969715E+000
  0.716719E+000  0.974238E+000
  0.718834E+000  0.978769E+000
  0.720929E+000  0.983308E+000
  0.723007E+000  0.987856E+000
  0.725066E+000  0.992413E+000
  0.727107E+000  0.996977E+000
  0.729129E+000  0.100155E+001
  0.731133E+000  0.100613E+001
  0.733119E+000  0.101072E+001
  0.735086E+000  0.101532E+001
  0.737035E+000  0.101992E+001
  0.738965E+000  0.102453E+001
  0.740877E+000  0.102915E+001
  0.742771E+000  0.103378E+001
  0.744647E+000  0.103842E+001
  0.746505E+000  0.104306E+001
  0.748345E+000  0.104771E+001
  0.750167E+000  0.105236E+001
  0.751972E+000  0.105703E+001
  0.753760E+000  0.106169E+001
  0.755530E+000  0.106637E+001
  0.757284E+000  0.107105E+001
  0.759021E+000  0.107574E+001
  0.760742E+000  0.108044E+001
  0.762446E+000  0.108514E+001
  0.764135E+000  0.108984E+001
  0.765808E+000  0.109456E+001
  0.767465E+000  0.109927E+001
  0.769108E+000  0.110399E+001
  0.770736E+000  0.110872E+001
  0.772349E+000  0.111345E+001
  0.773949E+000  0.111819E+001
  0.775534E+000  0.112293E+001
  0.777106E+000  0.112768E+001
  0.778665E+000  0.113243E+001
  0.780211E+000  0.113719E+001
  0.781745E+000  0.114195E+001
  0.783267E+000  0.114671E+001
  0.784776E+000  0.115147E+001
  0.786275E+000  0.115624E+001
  0.787762E+000  0.116102E+001
  0.789239E+000  0.116580E+001
  0.790705E+000  0.117058E+001
  0.792161E+000  0.117536E+001
  0.793607E+000  0.118015E+001
  0.795044E+000  0.118493E+001
  0.796472E+000  0.118973E+001
  0.797891E+000  0.119452E+001
  0.799302E+000  0.119932E+001
  0.800704E+000  0.120412E+001
  0.802099E+000  0.120892E+001
  0.803486E+000  0.121372E+001
  0.804866E+000  0.121853E+001
  0.806239E+000  0.122334E+001
  0.807606E+000  0.122815E+001
  0.808966E+000  0.123296E+001
  0.810320E+000  0.123777E+001
  0.811669E+000  0.124258E+001
  0.813012E+000  0.124740E+001
  0.814349E+000  0.125222E+001
  0.815682E+000  0.125704E+001
  0.817010E+000  0.126186E+001
  0.818334E+000  0.126668E+001
  0.819654E+000  0.127150E+001
  0.820969E+000  0.127633E+001
  0.822281E+000  0.128115E+001
  0.823589E+000  0.128598E+001
  0.824894E+000  0.129080E+001
  0.826196E+000  0.129563E+001
  0.827495E+000  0.130046E+001
  0.828792E+000  0.130529E+001
  0.830086E+000  0.131012E+001
  0.831377E+000  0.131495E+001
  0.832667E+000  0.131978E+001
  0.833955E+000  0.132461E+001
  0.835241E+000  0.132944E+001
  0.836525E+000  0.133427E+001
  0.837808E+000  0.133911E+001
  0.839090E+000  0.134394E+001
  0.840370E+000  0.134877E+001
  0.841650E+000  0.135361E+001
  0.842929E+000  0.135844E+001
  0.844207E+000  0.136327E+001
  0.845485E+000  0.136811E+001
  0.846762E+000  0.137294E+001
  0.848040E+000  0.137778E+001
  0.849317E+000  0.138261E+001
  0.850594E+000  0.138744E+001
  0.851871E+000  0.139228E+001
  0.853148E+000  0.139711E+001
  0.854426E+000  0.140195E+001
  0.855704E+000  0.140678E+001
  0.856983E+000  0.141161E+001
  0.858262E+000  0.141645E+001
  0.859542E+000  0.142128E+001
  0.860823E+000  0.142611E+001
  0.862105E+000  0.143095E+001
  0.863388E+000  0.143578E+001
  0.864672E+000  0.144061E+001
  0.865957E+000  0.144544E+001
  0.867243E+000  0.145028E+001
  0.868531E+000  0.145511E+001
  0.869820E+000  0.145994E+001
  0.871110E+000  0.146477E+001
  0.872402E+000  0.146960E+001
  0.873696E+000  0.147443E+001
  0.874991E+000  0.147926E+001
  0.876288E+000  0.148409E+001
  0.877587E+000  0.148892E+001
  0.878887E+000  0.149374E+001
  0.880190E+000  0.149857E+001
  0.881494E+000  0.150340E+001
  0.882800E+000  0.150822E+001
  0.884108E+000  0.151305E+001
  0.885419E+000  0.151788E+001
  0.886731E+000  0.152270E+001
  0.888046E+000  0.152752E+001
  0.889363E+000  0.153235E+001
  0.890682E+000  0.153717E+001
  0.892003E+000  0.154199E+001
  0.893327E+000  0.154681E+001
  0.894652E+000  0.155164E+001
  0.895981E+000  0.155646E+001
  0.897311E+000  0.156128E+001
  0.898644E+000  0.156609E+001
  0.899980E+000  0.157091E+001
  0.901318E+000  0.157573E+001
  0.902658E+000  0.158055E+001
  0.904001E+000  0.158536E+001
  0.905347E+000  0.159018E+001
  0.906695E+000  0.159499E+001
  0.908046E+000  0.159981E+001
  0.909399E+000  0.160462E+001
  0.910755E+000  0.160943E+001
  0.912113E+000  0.161425E+001
  0.913474E+000  0.161906E+001
  0.914838E+000  0.162387E+001
  0.916205E+000  0.162868E+001
  0.917574E+000  0.163349E+001
  0.918946E+000  0.163829E+001
  0.920321E+000  0.164310E+001
  0.921698E+000  0.164791E+001
  0.923078E+000  0.165271E+001
  0.924461E+000  0.165752E+001
  0.925847E+000  0.166232E+001
  0.927235E+000  0.166713E+001
  0.928627E+000  0.167193E+001
  0.930021E+000  0.167673E+001
  0.931418E+000  0.168153E+001
  0.932817E+000  0.168633E+001
  0.934220E+000  0.169113E+001
  0.935625E+000  0.169593E+001
  0.937033E+000  0.170073E+001
  0.938444E+000  0.170552E+001
  0.939858E+000  0.171032E+001
  0.941274E+000  0.171511E+001
  0.942693E+000  0.171991E+001
  0.944116E+000  0.172470E+001
  0.945541E+000  0.172950E+001
  0.946968E+000  0.173429E+001
  0.948399E+000  0.173908E+001
  0.949833E+000  0.174387E+001
  0.951269E+000  0.174866E+001
  0.952708E+000  0.175345E+001
  0.954150E+000  0.175823E+001
  0.955595E+000  0.176302E+001
  0.957042E+000  0.176781E+001
  0.958493E+000  0.177259E+001
  0.959946E+000  0.177738E+001
  0.961402E+000  0.178216E+001
  0.962861E+000  0.178694E+001
  0.964322E+000  0.179172E+001
  0.965787E+000  0.179650E+001
  0.967254E+000  0.180128E+001
  0.968724E+000  0.180606E+001
  0.970197E+000  0.181084E+001
  0.971672E+000  0.181562E+001
  0.973151E+000  0.182039E+001
  0.974632E+000  0.182517E+001
  0.976116E+000  0.182994E+001
  0.977603E+000  0.183472E+001
  0.979092E+000  0.183949E+001
  0.980584E+000  0.184426E+001
  0.982079E+000  0.184903E+001
  0.983577E+000  0.185380E+001
  0.985077E+000  0.185857E+001
  0.986580E+000  0.186334E+001
  0.988086E+000  0.186811E+001
  0.989594E+000  0.187288E+001
  0.991105E+000  0.187764E+001
  0.992619E+000  0.188241E+001
  0.994136E+000  0.188717E+001
  0.995655E+000  0.189194E+001
  0.997177E+000  0.189670E+001
  0.998701E+000  0.190146E+001
  0.100023E+001  0.190622E+001
  0.100176E+001  0.191098E+001
  0.100329E+001  0.191574E+001
  0.100483E+001  0.192050E+001
  0.100636E+001  0.192526E+001
  0.100790E+001  0.193002E+001
  0.100945E+001  0.193477E+001
  0.101099E+001  0.193953E+001
  0.101254E+001  0.194428E+001
  0.101409E+001  0.194904E+001
  0.101564E+001  0.195379E+001
  0.101720E+001  0.195854E+001
  0.101876E+001  0.196329E+001
  0.102032E+001  0.196804E+001
  0.102188E+001  0.197279E+001
  0.102345E+001  0.197754E+001
  0.102502E+001  0.198229E+001
  0.102659E+001  0.198703E+001
  0.102816E+001  0.199178E+001
  0.102974E+001  0.199652E+001
  0.103131E+001  0.200127E+001
  0.103290E+001  0.200601E+001
  0.103448E+001  0.201075E+001
  0.103606E+001  0.201550E+001
  0.103765E+001  0.202024E+001
  0.103924E+001  0.202498E+001
  0.104084E+001  0.202972E+001
  0.104243E+001  0.203446E+001
  0.104403E+001  0.203919E+001
  0.104563E+001  0.204393E+001
  0.104723E+001  0.204867E+001
  0.104884E+001  0.205340E+001
  0.105044E+001  0.205814E+001
  0.105205E+001  0.206287E+001
  0.105366E+001  0.206760E+001
  0.105528E+001  0.207234E+001
  0.105689E+001  0.207707E+001
  0.105851E+001  0.208180E+001
  0.106013E+001  0.208653E+001
  0.106176E+001  0.209126E+001
  0.106338E+001  0.209599E+001
  0.106501E+001  0.210071E+001
  0.106664E+001  0.210544E+001
  0.106827E+001  0.211017E+001
  0.106991E+001  0.211489E+001
  0.107154E+001  0.211962E+001
  0.107318E+001  0.212434E+001
  0.107482E+001  0.212906E+001
  0.107647E+001  0.213379E+001
  0.107811E+001  0.213851E+001
  0.107976E+001  0.214323E+001
  0.108141E+001  0.214795E+001
  0.108306E+001  0.215267E+001
  0.108472E+001  0.215739E+001
  0.108637E+001  0.216210E+001
  0.108803E+001  0.216682E+001
  0.108969E+001  0.217154E+001
  0.109136E+001  0.217625E+001
  0.109302E+001  0.218097E+001
  0.109469E+001  0.218568E+001
  0.109636E+001  0.219039E+001
  0.109803E+001  0.219511E+001
  0.109970E+001  0.219982E+001
  0.110137E+001  0.220453E+001
  0.110305E+001  0.220924E+001
  0.110473E+001  0.221395E+001
  0.110641E+001  0.221866E+001
  0.110809E+001  0.222337E+001
  0.110978E+001  0.222807E+001
  0.111147E+001  0.223278E+001
  0.111316E+001  0.223749E+001
  0.111485E+001  0.224219E+001
  0.111654E+001  0.224690E+001
  0.111824E+001  0.225160E+001
  0.111993E+001  0.225630E+001
  0.112163E+001  0.226101E+001
  0.112333E+001  0.226571E+001
  0.112504E+001  0.227041E+001
  0.112674E+001  0.227511E+001
  0.112845E+001  0.227981E+001
  0.113015E+001  0.228451E+001
  0.113187E+001  0.228921E+001
  0.113358E+001  0.229390E+001
  0.113529E+001  0.229860E+001
  0.113701E+001  0.230330E+001
  0.113873E+001  0.230799E+001
  0.114044E+001  0.231269E+001
  0.114217E+001  0.231738E+001
  0.114389E+001  0.232208E+001
  0.114561E+001  0.232677E+001
  0.114734E+001  0.233146E+001
  0.114907E+001  0.233615E+001
  0.115080E+001  0.234084E+001
  0.115253E+001  0.234553E+001
  0.115427E+001  0.235022E+001
  0.115600E+001  0.235491E+001
  0.115774E+001  0.235960E+001
  0.115948E+001  0.236429E+001
  0.116122E+001  0.236898E+001
  0.116296E+001  0.237366E+001
  0.116471E+001  0.237835E+001
  0.116646E+001  0.238303E+001
  0.116820E+001  0.238772E+001
  0.116995E+001  0.239240E+001
  0.117170E+001  0.239709E+001
  0.117346E+001  0.240177E+001
  0.117521E+001  0.240645E+001
  0.117697E+001  0.241113E+001
  0.117873E+001  0.241581E+001
  0.118049E+001  0.242049E+001
  0.118225E+001  0.242517E+001
  0.118401E+001  0.242985E+001
  0.118578E+001  0.243453E+001
  0.118754E+001  0.243921E+001
  0.118931E+001  0.244388E+001
  0.119108E+001  0.244856E+001
  0.119285E+001  0.245324E+001
  0.119462E+001  0.245791E+001
  0.119640E+001  0.246258E+001
  0.119818E+001  0.246726E+001
  0.119995E+001  0.247193E+001
  0.120173E+001  0.247660E+001
  0.120351E+001  0.248128E+001
  0.120530E+001  0.248595E+001
  0.120708E+001  0.249062E+001
  0.120886E+001  0.249529E+001
  0.121065E+001  0.249996E+001
  0.121244E+001  0.250463E+001
  0.121423E+001  0.250930E+001
  0.121602E+001  0.251397E+001
  0.121781E+001  0.251863E+001
  0.121961E+001  0.252330E+001
  0.122141E+001  0.252797E+001
  0.122320E+001  0.253263E+001
  0.122500E+001  0.253730E+001
  0.122680E+001  0.254196E+001
  0.122861E+001  0.254662E+001
  0.123041E+001  0.255129E+001
  0.123221E+001  0.255595E+001
  0.123402E+001  0.256061E+001
  0.123583E+001  0.256528E+001
  0.123764E+001  0.256994E+001
  0.123945E+001  0.257460E+001
  0.124126E+001  0.257926E+001
  0.124307E+001  0.258392E+001
  0.124489E+001  0.258858E+001
  0.124671E+001  0.259323E+001
  0.124852E+001  0.259789E+001
  0.125034E+001  0.260255E+001
  0.125216E+001  0.260721E+001
  0.125399E+001  0.261186E+001
  0.125581E+001  0.261652E+001
  0.125763E+001  0.262117E+001
  0.125946E+001  0.262583E+001
  0.126129E+001  0.263048E+001
  0.126312E+001  0.263513E+001
  0.126495E+001  0.263979E+001
  0.126678E+001  0.264444E+001
  0.126861E+001  0.264909E+001
  0.127045E+001  0.265374E+001
  0.127228E+001  0.265839E+001
  0.127412E+001  0.266304E+001
  0.127596E+001  0.266769E+001
  0.127780E+001  0.267234E+001
  0.127964E+001  0.267699E+001
  0.128148E+001  0.268164E+001
  0.128333E+001  0.268629E+001
  0.128517E+001  0.269093E+001
  0.128702E+001  0.269558E+001
  0.128887E+001  0.270023E+001
  0.129072E+001  0.270487E+001
  0.129257E+001  0.270952E+001
  0.129442E+001  0.271416E+001
  0.129627E+001  0.271880E+001
  0.129813E+001  0.272345E+001
  0.129998E+001  0.272809E+001
  0.130184E+001  0.273273E+001
  0.130370E+001  0.273738E+001
  0.130556E+001  0.274202E+001
  0.130742E+001  0.274666E+001
  0.130928E+001  0.275130E+001
  0.131114E+001  0.275594E+001
  0.131301E+001  0.276058E+001
  0.131487E+001  0.276522E+001
  0.131674E+001  0.276986E+001
  0.131861E+001  0.277449E+001
  0.132048E+001  0.277913E+001
  0.132235E+001  0.278377E+001
  0.132422E+001  0.278840E+001
  0.132609E+001  0.279304E+001
  0.132796E+001  0.279768E+001
  0.132984E+001  0.280231E+001
  0.133172E+001  0.280694E+001
  0.133359E+001  0.281158E+001
  0.133547E+001  0.281621E+001
  0.133735E+001  0.282084E+001
  0.133924E+001  0.282548E+001
  0.134112E+001  0.283011E+001
  0.134300E+001  0.283474E+001
  0.134489E+001  0.283937E+001
  0.134677E+001  0.284400E+001
  0.134866E+001  0.284863E+001
  0.135055E+001  0.285326E+001
  0.135244E+001  0.285789E+001
  0.135433E+001  0.286252E+001
  0.135622E+001  0.286715E+001
  0.135812E+001  0.287178E+001
  0.136001E+001  0.287640E+001
  0.136191E+001  0.288103E+001
  0.136380E+001  0.288566E+001
  0.136570E+001  0.289028E+001
  0.136760E+001  0.289491E+001
  0.136950E+001  0.289953E+001
  0.137140E+001  0.290416E+001
  0.137330E+001  0.290878E+001
  0.137521E+001  0.291340E+001
  0.137711E+001  0.291803E+001
  0.137902E+001  0.292265E+001
  0.138093E+001  0.292727E+001
  0.138283E+001  0.293189E+001
  0.138474E+001  0.293651E+001
  0.138665E+001  0.294113E+001
  0.138856E+001  0.294575E+001
  0.139048E+001  0.295037E+001
  0.139239E+001  0.295499E+001
  0.139431E+001  0.295961E+001
  0.139622E+001  0.296423E+001
  0.139814E+001  0.296885E+001
  0.140006E+001  0.297347E+001
  0.140198E+001  0.297808E+001
  0.140390E+001  0.298270E+001
  0.140582E+001  0.298732E+001
  0.140774E+001  0.299193E+001
  0.140967E+001  0.299655E+001
  0.141159E+001  0.300116E+001
  0.141352E+001  0.300577E+001
  0.141544E+001  0.301039E+001
  0.141737E+001  0.301500E+001
  0.141930E+001  0.301961E+001
  0.142123E+001  0.302423E+001
  0.142316E+001  0.302884E+001
  0.142510E+001  0.303345E+001
  0.142703E+001  0.303806E+001
  0.142896E+001  0.304267E+001
  0.143090E+001  0.304728E+001
  0.143284E+001  0.305189E+001
  0.143477E+001  0.305650E+001
  0.143671E+001  0.306111E+001
  0.143865E+001  0.306572E+001
  0.144059E+001  0.307033E+001
  0.144254E+001  0.307493E+001
  0.144448E+001  0.307954E+001
  0.144642E+001  0.308415E+001
  0.144837E+001  0.308875E+001
  0.145032E+001  0.309336E+001
  0.145226E+001  0.309796E+001
  0.145421E+001  0.310257E+001
  0.145616E+001  0.310717E+001
  0.145811E+001  0.311178E+001
  0.146006E+001  0.311638E+001
  0.146202E+001  0.312098E+001
  0.146397E+001  0.312558E+001
  0.146592E+001  0.313019E+001
  0.146788E+001  0.313479E+001
  0.146984E+001  0.313939E+001
  0.147180E+001  0.314399E+001
  0.147375E+001  0.314859E+001
  0.147571E+001  0.315319E+001
  0.147768E+001  0.315779E+001
  0.147964E+001  0.316239E+001
  0.148160E+001  0.316699E+001
  0.148356E+001  0.317158E+001
  0.148553E+001  0.317618E+001
  0.148750E+001  0.318078E+001
  0.148946E+001  0.318538E+001
  0.149143E+001  0.318997E+001
  0.149340E+001  0.319457E+001
  0.149537E+001  0.319916E+001
  0.149734E+001  0.320376E+001
  0.149932E+001  0.320835E+001
  0.150129E+001  0.321295E+001
