  0.345948E+000  0.507745E-001
  0.345948E+000  0.507745E-001
  0.345841E+000  0.557734E-001
  0.345725E+000  0.607720E-001
  0.345601E+000  0.657705E-001
  0.345470E+000  0.707688E-001
  0.345331E+000  0.757669E-001
  0.345185E+000  0.807647E-001
  0.345033E+000  0.857624E-001
  0.344875E+000  0.907599E-001
  0.344712E+000  0.957572E-001
  0.344544E+000  0.100754E+000
  0.344371E+000  0.105751E+000
  0.344196E+000  0.110748E+000
  0.344017E+000  0.115745E+000
  0.343836E+000  0.120742E+000
  0.343653E+000  0.125739E+000
  0.343469E+000  0.130735E+000
  0.343285E+000  0.135732E+000
  0.343102E+000  0.140728E+000
  0.342920E+000  0.145725E+000
  0.342740E+000  0.150722E+000
  0.342563E+000  0.155719E+000
  0.342389E+000  0.160716E+000
  0.342220E+000  0.165713E+000
  0.342056E+000  0.170710E+000
  0.341898E+000  0.175708E+000
  0.341748E+000  0.180705E+000
  0.341606E+000  0.185703E+000
  0.341473E+000  0.190702E+000
  0.341350E+000  0.195700E+000
  0.341238E+000  0.200699E+000
  0.341139E+000  0.205698E+000
  0.341054E+000  0.210697E+000
  0.340984E+000  0.215697E+000
  0.340930E+000  0.220696E+000
  0.340894E+000  0.225696E+000
  0.340877E+000  0.230696E+000
  0.340882E+000  0.235696E+000
  0.340909E+000  0.240696E+000
  0.340961E+000  0.245696E+000
  0.341040E+000  0.250695E+000
  0.341148E+000  0.255694E+000
  0.341288E+000  0.260692E+000
  0.341462E+000  0.265689E+000
  0.341674E+000  0.270685E+000
  0.341926E+000  0.275678E+000
  0.342223E+000  0.280669E+000
  0.342569E+000  0.285657E+000
  0.342967E+000  0.290642E+000
  0.343424E+000  0.295621E+000
  0.343945E+000  0.300593E+000
  0.344536E+000  0.305558E+000
  0.345203E+000  0.310514E+000
  0.345955E+000  0.315457E+000
  0.346800E+000  0.320385E+000
  0.347745E+000  0.325295E+000
  0.348799E+000  0.330182E+000
  0.349972E+000  0.335043E+000
  0.351271E+000  0.339871E+000
  0.352701E+000  0.344662E+000
  0.354269E+000  0.349410E+000
  0.355976E+000  0.354110E+000
  0.357820E+000  0.358757E+000
  0.359797E+000  0.363350E+000
  0.361900E+000  0.367886E+000
  0.364120E+000  0.372366E+000
  0.366445E+000  0.376793E+000
  0.368864E+000  0.381168E+000
  0.371367E+000  0.385497E+000
  0.373942E+000  0.389783E+000
  0.376580E+000  0.394031E+000
  0.379272E+000  0.398244E+000
  0.382011E+000  0.402427E+000
  0.384790E+000  0.406583E+000
  0.387605E+000  0.410716E+000
  0.390450E+000  0.414827E+000
  0.393322E+000  0.418920E+000
  0.396218E+000  0.422997E+000
  0.399133E+000  0.427058E+000
  0.402067E+000  0.431107E+000
  0.405017E+000  0.435144E+000
  0.407982E+000  0.439171E+000
  0.410959E+000  0.443188E+000
  0.413947E+000  0.447196E+000
  0.416946E+000  0.451197E+000
  0.419954E+000  0.455191E+000
  0.422971E+000  0.459179E+000
  0.425995E+000  0.463160E+000
  0.429026E+000  0.467136E+000
  0.432064E+000  0.471108E+000
  0.435108E+000  0.475075E+000
  0.438157E+000  0.479037E+000
  0.441211E+000  0.482996E+000
  0.444270E+000  0.486951E+000
  0.447333E+000  0.490903E+000
  0.450400E+000  0.494852E+000
  0.453470E+000  0.498799E+000
  0.456544E+000  0.502742E+000
  0.459621E+000  0.506683E+000
  0.462701E+000  0.510622E+000
  0.465783E+000  0.514559E+000
  0.468868E+000  0.518494E+000
  0.471955E+000  0.522427E+000
  0.475044E+000  0.526359E+000
  0.478136E+000  0.530288E+000
  0.481229E+000  0.534217E+000
  0.484323E+000  0.538144E+000
  0.487420E+000  0.542070E+000
  0.490517E+000  0.545995E+000
  0.493616E+000  0.549919E+000
  0.496716E+000  0.553842E+000
  0.499818E+000  0.557764E+000
  0.502920E+000  0.561685E+000
  0.506023E+000  0.565606E+000
  0.509127E+000  0.569526E+000
  0.512231E+000  0.573445E+000
  0.515336E+000  0.577364E+000
  0.518442E+000  0.581283E+000
  0.521548E+000  0.585201E+000
  0.524654E+000  0.589119E+000
  0.527761E+000  0.593036E+000
  0.530868E+000  0.596954E+000
  0.533975E+000  0.600871E+000
  0.537082E+000  0.604789E+000
  0.540190E+000  0.608706E+000
  0.543297E+000  0.612623E+000
  0.546404E+000  0.616541E+000
  0.549511E+000  0.620458E+000
  0.552618E+000  0.624376E+000
  0.555724E+000  0.628294E+000
  0.558830E+000  0.632212E+000
  0.561936E+000  0.636130E+000
  0.565042E+000  0.640049E+000
  0.568147E+000  0.643968E+000
  0.571251E+000  0.647887E+000
  0.574355E+000  0.651807E+000
  0.577458E+000  0.655728E+000
  0.580561E+000  0.659649E+000
  0.583662E+000  0.663570E+000
  0.586763E+000  0.667493E+000
  0.589864E+000  0.671415E+000
  0.592963E+000  0.675339E+000
  0.596062E+000  0.679263E+000
  0.599159E+000  0.683188E+000
  0.602256E+000  0.687113E+000
  0.605352E+000  0.691040E+000
  0.608446E+000  0.694967E+000
  0.611540E+000  0.698895E+000
  0.614632E+000  0.702824E+000
  0.617724E+000  0.706754E+000
  0.620814E+000  0.710685E+000
  0.623903E+000  0.714617E+000
  0.626990E+000  0.718550E+000
  0.630076E+000  0.722483E+000
  0.633161E+000  0.726418E+000
  0.636245E+000  0.730354E+000
  0.639327E+000  0.734291E+000
  0.642407E+000  0.738230E+000
  0.645487E+000  0.742169E+000
  0.648564E+000  0.746110E+000
  0.651640E+000  0.750052E+000
  0.654715E+000  0.753995E+000
  0.657787E+000  0.757939E+000
  0.660858E+000  0.761885E+000
  0.663928E+000  0.765832E+000
  0.666996E+000  0.769780E+000
  0.670062E+000  0.773730E+000
  0.673126E+000  0.777681E+000
  0.676188E+000  0.781633E+000
  0.679248E+000  0.785587E+000
  0.682307E+000  0.789543E+000
  0.685363E+000  0.793500E+000
  0.688418E+000  0.797458E+000
  0.691471E+000  0.801418E+000
  0.694521E+000  0.805380E+000
  0.697570E+000  0.809343E+000
  0.700616E+000  0.813308E+000
  0.703660E+000  0.817274E+000
  0.706702E+000  0.821242E+000
  0.709742E+000  0.825212E+000
  0.712780E+000  0.829183E+000
  0.715815E+000  0.833157E+000
  0.718848E+000  0.837132E+000
  0.721879E+000  0.841108E+000
  0.724907E+000  0.845087E+000
  0.727933E+000  0.849067E+000
  0.730957E+000  0.853050E+000
  0.733978E+000  0.857034E+000
  0.736996E+000  0.861020E+000
  0.740012E+000  0.865008E+000
  0.743026E+000  0.868998E+000
  0.746036E+000  0.872990E+000
  0.749044E+000  0.876984E+000
  0.752050E+000  0.880980E+000
  0.755052E+000  0.884978E+000
  0.758052E+000  0.888978E+000
  0.761049E+000  0.892980E+000
  0.764043E+000  0.896984E+000
  0.767035E+000  0.900991E+000
  0.770023E+000  0.905000E+000
  0.773009E+000  0.909010E+000
  0.775991E+000  0.913024E+000
  0.778970E+000  0.917039E+000
  0.781946E+000  0.921057E+000
  0.784919E+000  0.925077E+000
  0.787889E+000  0.929099E+000
  0.790856E+000  0.933124E+000
  0.793819E+000  0.937152E+000
  0.796779E+000  0.941181E+000
  0.799735E+000  0.945214E+000
  0.802688E+000  0.949248E+000
  0.805638E+000  0.953286E+000
  0.808584E+000  0.957326E+000
  0.811526E+000  0.961368E+000
  0.814465E+000  0.965414E+000
  0.817400E+000  0.969462E+000
  0.820331E+000  0.973513E+000
  0.823258E+000  0.977566E+000
  0.826181E+000  0.981623E+000
  0.829100E+000  0.985682E+000
  0.832015E+000  0.989745E+000
  0.834926E+000  0.993810E+000
  0.837832E+000  0.997878E+000
  0.840734E+000  0.100195E+001
  0.843632E+000  0.100602E+001
  0.846525E+000  0.101010E+001
  0.849414E+000  0.101418E+001
  0.852298E+000  0.101827E+001
  0.855177E+000  0.102236E+001
  0.858052E+000  0.102645E+001
  0.860921E+000  0.103054E+001
  0.863785E+000  0.103464E+001
  0.866644E+000  0.103874E+001
  0.869498E+000  0.104285E+001
  0.872347E+000  0.104696E+001
  0.875190E+000  0.105107E+001
  0.878027E+000  0.105519E+001
  0.880859E+000  0.105931E+001
  0.883684E+000  0.106343E+001
  0.886504E+000  0.106756E+001
  0.889318E+000  0.107170E+001
  0.892125E+000  0.107583E+001
  0.894926E+000  0.107997E+001
  0.897721E+000  0.108412E+001
  0.900509E+000  0.108827E+001
  0.903290E+000  0.109243E+001
  0.906064E+000  0.109659E+001
  0.908831E+000  0.110075E+001
  0.911591E+000  0.110492E+001
  0.914344E+000  0.110909E+001
  0.917090E+000  0.111327E+001
  0.919827E+000  0.111746E+001
  0.922557E+000  0.112164E+001
  0.925280E+000  0.112584E+001
  0.927994E+000  0.113004E+001
  0.930700E+000  0.113424E+001
  0.933397E+000  0.113845E+001
  0.936087E+000  0.114267E+001
  0.938767E+000  0.114689E+001
  0.941439E+000  0.115111E+001
  0.944102E+000  0.115535E+001
  0.946756E+000  0.115958E+001
  0.949401E+000  0.116383E+001
  0.952037E+000  0.116808E+001
  0.954664E+000  0.117233E+001
  0.957281E+000  0.117659E+001
  0.959888E+000  0.118086E+001
  0.962486E+000  0.118513E+001
  0.965073E+000  0.118941E+001
  0.967651E+000  0.119369E+001
  0.970219E+000  0.119798E+001
  0.972777E+000  0.120228E+001
  0.975324E+000  0.120658E+001
  0.977861E+000  0.121089E+001
  0.980388E+000  0.121520E+001
  0.982904E+000  0.121952E+001
  0.985410E+000  0.122385E+001
  0.987905E+000  0.122818E+001
  0.990390E+000  0.123252E+001
  0.992863E+000  0.123687E+001
  0.995326E+000  0.124122E+001
  0.997778E+000  0.124558E+001
  0.100022E+001  0.124994E+001
  0.100265E+001  0.125431E+001
  0.100507E+001  0.125869E+001
  0.100748E+001  0.126307E+001
  0.100987E+001  0.126746E+001
  0.101226E+001  0.127185E+001
  0.101464E+001  0.127625E+001
  0.101700E+001  0.128066E+001
  0.101935E+001  0.128507E+001
  0.102169E+001  0.128949E+001
  0.102402E+001  0.129391E+001
  0.102634E+001  0.129834E+001
  0.102865E+001  0.130277E+001
  0.103095E+001  0.130721E+001
  0.103324E+001  0.131166E+001
  0.103551E+001  0.131611E+001
  0.103777E+001  0.132057E+001
  0.104003E+001  0.132504E+001
  0.104227E+001  0.132951E+001
  0.104450E+001  0.133398E+001
  0.104672E+001  0.133846E+001
  0.104893E+001  0.134295E+001
  0.105113E+001  0.134744E+001
  0.105331E+001  0.135193E+001
  0.105549E+001  0.135644E+001
  0.105765E+001  0.136094E+001
  0.105981E+001  0.136545E+001
  0.106195E+001  0.136997E+001
  0.106408E+001  0.137449E+001
  0.106621E+001  0.137902E+001
  0.106832E+001  0.138355E+001
  0.107042E+001  0.138809E+001
  0.107251E+001  0.139263E+001
  0.107459E+001  0.139718E+001
  0.107666E+001  0.140173E+001
  0.107872E+001  0.140629E+001
  0.108077E+001  0.141085E+001
  0.108280E+001  0.141541E+001
  0.108483E+001  0.141998E+001
  0.108685E+001  0.142456E+001
  0.108886E+001  0.142914E+001
  0.109085E+001  0.143372E+001
  0.109284E+001  0.143831E+001
  0.109482E+001  0.144290E+001
  0.109679E+001  0.144750E+001
  0.109875E+001  0.145210E+001
  0.110069E+001  0.145671E+001
  0.110263E+001  0.146131E+001
  0.110456E+001  0.146593E+001
  0.110648E+001  0.147054E+001
  0.110839E+001  0.147516E+001
  0.111029E+001  0.147979E+001
  0.111218E+001  0.148442E+001
  0.111406E+001  0.148905E+001
  0.111593E+001  0.149369E+001
  0.111780E+001  0.149833E+001
  0.111965E+001  0.150297E+001
  0.112150E+001  0.150762E+001
  0.112333E+001  0.151227E+001
  0.112516E+001  0.151692E+001
  0.112698E+001  0.152158E+001
  0.112879E+001  0.152624E+001
  0.113059E+001  0.153090E+001
  0.113239E+001  0.153557E+001
  0.113417E+001  0.154024E+001
  0.113595E+001  0.154492E+001
  0.113772E+001  0.154959E+001
  0.113948E+001  0.155427E+001
  0.114123E+001  0.155895E+001
  0.114297E+001  0.156364E+001
  0.114471E+001  0.156833E+001
  0.114644E+001  0.157302E+001
  0.114816E+001  0.157772E+001
  0.114987E+001  0.158241E+001
  0.115158E+001  0.158711E+001
  0.115328E+001  0.159181E+001
  0.115497E+001  0.159652E+001
  0.115666E+001  0.160123E+001
  0.115833E+001  0.160594E+001
  0.116000E+001  0.161065E+001
  0.116167E+001  0.161537E+001
  0.116332E+001  0.162008E+001
  0.116497E+001  0.162480E+001
  0.116662E+001  0.162953E+001
  0.116825E+001  0.163425E+001
  0.116988E+001  0.163898E+001
  0.117151E+001  0.164371E+001
  0.117313E+001  0.164844E+001
  0.117474E+001  0.165317E+001
  0.117634E+001  0.165791E+001
  0.117794E+001  0.166264E+001
  0.117954E+001  0.166738E+001
  0.118112E+001  0.167212E+001
  0.118271E+001  0.167687E+001
  0.118428E+001  0.168161E+001
  0.118586E+001  0.168636E+001
  0.118742E+001  0.169111E+001
  0.118898E+001  0.169586E+001
  0.119054E+001  0.170061E+001
  0.119209E+001  0.170536E+001
  0.119364E+001  0.171012E+001
  0.119518E+001  0.171487E+001
  0.119671E+001  0.171963E+001
  0.119825E+001  0.172439E+001
  0.119977E+001  0.172915E+001
  0.120129E+001  0.173391E+001
  0.120281E+001  0.173868E+001
  0.120433E+001  0.174344E+001
  0.120584E+001  0.174821E+001
  0.120734E+001  0.175298E+001
  0.120884E+001  0.175775E+001
  0.121034E+001  0.176252E+001
  0.121184E+001  0.176729E+001
  0.121333E+001  0.177206E+001
  0.121481E+001  0.177684E+001
  0.121629E+001  0.178161E+001
  0.121777E+001  0.178639E+001
  0.121925E+001  0.179116E+001
  0.122072E+001  0.179594E+001
  0.122219E+001  0.180072E+001
  0.122366E+001  0.180550E+001
  0.122512E+001  0.181028E+001
  0.122658E+001  0.181506E+001
  0.122804E+001  0.181985E+001
  0.122949E+001  0.182463E+001
  0.123095E+001  0.182942E+001
  0.123239E+001  0.183420E+001
  0.123384E+001  0.183899E+001
  0.123529E+001  0.184377E+001
  0.123673E+001  0.184856E+001
  0.123817E+001  0.185335E+001
  0.123960E+001  0.185814E+001
  0.124104E+001  0.186293E+001
  0.124247E+001  0.186772E+001
  0.124390E+001  0.187251E+001
  0.124533E+001  0.187730E+001
  0.124676E+001  0.188209E+001
  0.124818E+001  0.188689E+001
  0.124960E+001  0.189168E+001
  0.125103E+001  0.189647E+001
  0.125244E+001  0.190127E+001
  0.125386E+001  0.190606E+001
  0.125528E+001  0.191086E+001
  0.125669E+001  0.191565E+001
  0.125811E+001  0.192045E+001
  0.125952E+001  0.192525E+001
  0.126093E+001  0.193004E+001
  0.126234E+001  0.193484E+001
  0.126375E+001  0.193964E+001
  0.126516E+001  0.194443E+001
  0.126656E+001  0.194923E+001
  0.126797E+001  0.195403E+001
  0.126937E+001  0.195883E+001
  0.127078E+001  0.196363E+001
  0.127218E+001  0.196843E+001
  0.127358E+001  0.197323E+001
  0.127499E+001  0.197803E+001
  0.127639E+001  0.198283E+001
  0.127779E+001  0.198763E+001
  0.127919E+001  0.199243E+001
  0.128059E+001  0.199723E+001
  0.128198E+001  0.200203E+001
  0.128338E+001  0.200683E+001
  0.128478E+001  0.201163E+001
  0.128618E+001  0.201643E+001
  0.128758E+001  0.202123E+001
  0.128897E+001  0.202603E+001
  0.129037E+001  0.203083E+001
  0.129177E+001  0.203563E+001
  0.129316E+001  0.204043E+001
  0.129456E+001  0.204523E+001
  0.129596E+001  0.205003E+001
  0.129735E+001  0.205484E+001
  0.129875E+001  0.205964E+001
  0.130015E+001  0.206444E+001
  0.130155E+001  0.206924E+001
  0.130294E+001  0.207404E+001
  0.130434E+001  0.207884E+001
  0.130574E+001  0.208364E+001
  0.130714E+001  0.208844E+001
  0.130854E+001  0.209324E+001
  0.130993E+001  0.209804E+001
  0.131133E+001  0.210284E+001
  0.131273E+001  0.210764E+001
  0.131413E+001  0.211244E+001
  0.131553E+001  0.211724E+001
  0.131694E+001  0.212204E+001
  0.131834E+001  0.212684E+001
  0.131974E+001  0.213164E+001
  0.132114E+001  0.213644E+001
  0.132255E+001  0.214124E+001
  0.132395E+001  0.214604E+001
  0.132536E+001  0.215084E+001
  0.132676E+001  0.215563E+001
  0.132817E+001  0.216043E+001
  0.132957E+001  0.216523E+001
  0.133098E+001  0.217003E+001
  0.133239E+001  0.217482E+001
  0.133380E+001  0.217962E+001
  0.133521E+001  0.218442E+001
  0.133662E+001  0.218922E+001
  0.133804E+001  0.219401E+001
  0.133945E+001  0.219881E+001
  0.134086E+001  0.220360E+001
  0.134228E+001  0.220840E+001
  0.134370E+001  0.221319E+001
  0.134511E+001  0.221799E+001
  0.134653E+001  0.222278E+001
  0.134795E+001  0.222758E+001
  0.134937E+001  0.223237E+001
  0.135079E+001  0.223717E+001
  0.135222E+001  0.224196E+001
  0.135364E+001  0.224675E+001
  0.135507E+001  0.225154E+001
  0.135649E+001  0.225634E+001
  0.135792E+001  0.226113E+001
  0.135935E+001  0.226592E+001
  0.136078E+001  0.227071E+001
  0.136221E+001  0.227550E+001
  0.136364E+001  0.228029E+001
  0.136508E+001  0.228508E+001
  0.136651E+001  0.228987E+001
  0.136795E+001  0.229466E+001
  0.136939E+001  0.229945E+001
  0.137083E+001  0.230424E+001
  0.137227E+001  0.230903E+001
  0.137371E+001  0.231381E+001
  0.137515E+001  0.231860E+001
  0.137660E+001  0.232339E+001
  0.137804E+001  0.232817E+001
  0.137949E+001  0.233296E+001
  0.138094E+001  0.233774E+001
  0.138239E+001  0.234253E+001
  0.138384E+001  0.234731E+001
  0.138530E+001  0.235210E+001
  0.138675E+001  0.235688E+001
  0.138821E+001  0.236166E+001
  0.138967E+001  0.236645E+001
  0.139113E+001  0.237123E+001
  0.139259E+001  0.237601E+001
  0.139405E+001  0.238079E+001
  0.139551E+001  0.238557E+001
  0.139698E+001  0.239035E+001
  0.139844E+001  0.239513E+001
  0.139991E+001  0.239991E+001
  0.140138E+001  0.240469E+001
  0.140285E+001  0.240947E+001
  0.140433E+001  0.241425E+001
  0.140580E+001  0.241903E+001
  0.140728E+001  0.242380E+001
  0.140876E+001  0.242858E+001
  0.141024E+001  0.243336E+001
  0.141172E+001  0.243813E+001
  0.141320E+001  0.244291E+001
  0.141468E+001  0.244768E+001
  0.141617E+001  0.245246E+001
  0.141766E+001  0.245723E+001
  0.141915E+001  0.246200E+001
  0.142064E+001  0.246678E+001
  0.142213E+001  0.247155E+001
  0.142362E+001  0.247632E+001
  0.142512E+001  0.248109E+001
  0.142662E+001  0.248586E+001
  0.142812E+001  0.249063E+001
  0.142962E+001  0.249540E+001
  0.143112E+001  0.250017E+001
  0.143262E+001  0.250494E+001
  0.143413E+001  0.250971E+001
  0.143564E+001  0.251447E+001
  0.143714E+001  0.251924E+001
  0.143866E+001  0.252401E+001
  0.144017E+001  0.252877E+001
  0.144168E+001  0.253354E+001
  0.144320E+001  0.253830E+001
  0.144471E+001  0.254307E+001
  0.144623E+001  0.254783E+001
  0.144775E+001  0.255259E+001
  0.144928E+001  0.255736E+001
  0.145080E+001  0.256212E+001
  0.145233E+001  0.256688E+001
  0.145385E+001  0.257164E+001
  0.145538E+001  0.257640E+001
  0.145691E+001  0.258116E+001
  0.145845E+001  0.258592E+001
  0.145998E+001  0.259068E+001
  0.146152E+001  0.259544E+001
  0.146305E+001  0.260019E+001
  0.146459E+001  0.260495E+001
  0.146613E+001  0.260971E+001
  0.146768E+001  0.261446E+001
  0.146922E+001  0.261922E+001
  0.147077E+001  0.262398E+001
  0.147231E+001  0.262873E+001
  0.147386E+001  0.263348E+001
  0.147542E+001  0.263824E+001
  0.147697E+001  0.264299E+001
  0.147852E+001  0.264774E+001
  0.148008E+001  0.265249E+001
  0.148164E+001  0.265724E+001
  0.148320E+001  0.266200E+001
  0.148476E+001  0.266675E+001
  0.148632E+001  0.267149E+001
  0.148789E+001  0.267624E+001
  0.148945E+001  0.268099E+001
  0.149102E+001  0.268574E+001
  0.149259E+001  0.269049E+001
  0.149416E+001  0.269523E+001
  0.149573E+001  0.269998E+001
  0.149731E+001  0.270473E+001
  0.149888E+001  0.270947E+001
  0.150046E+001  0.271421E+001
