  0.526220E+000  0.296998E-001
  0.526220E+000  0.296998E-001
  0.526490E+000  0.346925E-001
  0.526800E+000  0.396829E-001
  0.527151E+000  0.446705E-001
  0.527543E+000  0.496552E-001
  0.527975E+000  0.546365E-001
  0.528446E+000  0.596142E-001
  0.528957E+000  0.645881E-001
  0.529506E+000  0.695578E-001
  0.530094E+000  0.745231E-001
  0.530720E+000  0.794838E-001
  0.531383E+000  0.844396E-001
  0.532083E+000  0.893904E-001
  0.532819E+000  0.943360E-001
  0.533590E+000  0.992761E-001
  0.534397E+000  0.104211E+000
  0.535238E+000  0.109139E+000
  0.536113E+000  0.114062E+000
  0.537021E+000  0.118979E+000
  0.537962E+000  0.123890E+000
  0.538935E+000  0.128794E+000
  0.539939E+000  0.133692E+000
  0.540974E+000  0.138584E+000
  0.542040E+000  0.143469E+000
  0.543134E+000  0.148348E+000
  0.544258E+000  0.153220E+000
  0.545410E+000  0.158085E+000
  0.546590E+000  0.162944E+000
  0.547797E+000  0.167796E+000
  0.549030E+000  0.172642E+000
  0.550290E+000  0.177481E+000
  0.551574E+000  0.182313E+000
  0.552884E+000  0.187138E+000
  0.554218E+000  0.191957E+000
  0.555576E+000  0.196769E+000
  0.556957E+000  0.201575E+000
  0.558360E+000  0.206373E+000
  0.559786E+000  0.211166E+000
  0.561234E+000  0.215952E+000
  0.562703E+000  0.220731E+000
  0.564192E+000  0.225504E+000
  0.565702E+000  0.230271E+000
  0.567232E+000  0.235031E+000
  0.568781E+000  0.239785E+000
  0.570349E+000  0.244533E+000
  0.571935E+000  0.249274E+000
  0.573540E+000  0.254010E+000
  0.575162E+000  0.258739E+000
  0.576802E+000  0.263463E+000
  0.578458E+000  0.268181E+000
  0.580131E+000  0.272892E+000
  0.581821E+000  0.277598E+000
  0.583526E+000  0.282299E+000
  0.585246E+000  0.286993E+000
  0.586982E+000  0.291682E+000
  0.588733E+000  0.296366E+000
  0.590498E+000  0.301044E+000
  0.592277E+000  0.305717E+000
  0.594070E+000  0.310384E+000
  0.595877E+000  0.315046E+000
  0.597697E+000  0.319703E+000
  0.599530E+000  0.324355E+000
  0.601376E+000  0.329002E+000
  0.603234E+000  0.333644E+000
  0.605105E+000  0.338280E+000
  0.606987E+000  0.342913E+000
  0.608882E+000  0.347540E+000
  0.610787E+000  0.352162E+000
  0.612704E+000  0.356780E+000
  0.614632E+000  0.361394E+000
  0.616571E+000  0.366002E+000
  0.618521E+000  0.370607E+000
  0.620480E+000  0.375207E+000
  0.622450E+000  0.379802E+000
  0.624430E+000  0.384394E+000
  0.626420E+000  0.388981E+000
  0.628419E+000  0.393564E+000
  0.630427E+000  0.398143E+000
  0.632445E+000  0.402717E+000
  0.634472E+000  0.407288E+000
  0.636507E+000  0.411855E+000
  0.638552E+000  0.416418E+000
  0.640604E+000  0.420977E+000
  0.642665E+000  0.425533E+000
  0.644735E+000  0.430084E+000
  0.646812E+000  0.434632E+000
  0.648897E+000  0.439177E+000
  0.650990E+000  0.443718E+000
  0.653090E+000  0.448255E+000
  0.655198E+000  0.452789E+000
  0.657313E+000  0.457320E+000
  0.659436E+000  0.461847E+000
  0.661565E+000  0.466371E+000
  0.663701E+000  0.470892E+000
  0.665844E+000  0.475409E+000
  0.667994E+000  0.479924E+000
  0.670150E+000  0.484435E+000
  0.672312E+000  0.488943E+000
  0.674481E+000  0.493448E+000
  0.676655E+000  0.497951E+000
  0.678836E+000  0.502450E+000
  0.681023E+000  0.506946E+000
  0.683215E+000  0.511440E+000
  0.685414E+000  0.515931E+000
  0.687617E+000  0.520419E+000
  0.689827E+000  0.524904E+000
  0.692041E+000  0.529387E+000
  0.694261E+000  0.533867E+000
  0.696486E+000  0.538345E+000
  0.698716E+000  0.542820E+000
  0.700952E+000  0.547293E+000
  0.703192E+000  0.551763E+000
  0.705436E+000  0.556231E+000
  0.707686E+000  0.560696E+000
  0.709940E+000  0.565159E+000
  0.712198E+000  0.569620E+000
  0.714461E+000  0.574079E+000
  0.716728E+000  0.578535E+000
  0.719000E+000  0.582989E+000
  0.721276E+000  0.587441E+000
  0.723555E+000  0.591892E+000
  0.725839E+000  0.596340E+000
  0.728127E+000  0.600786E+000
  0.730418E+000  0.605230E+000
  0.732713E+000  0.609672E+000
  0.735012E+000  0.614112E+000
  0.737314E+000  0.618550E+000
  0.739620E+000  0.622987E+000
  0.741929E+000  0.627422E+000
  0.744242E+000  0.631855E+000
  0.746557E+000  0.636286E+000
  0.748876E+000  0.640716E+000
  0.751198E+000  0.645144E+000
  0.753523E+000  0.649571E+000
  0.755851E+000  0.653996E+000
  0.758182E+000  0.658419E+000
  0.760515E+000  0.662841E+000
  0.762851E+000  0.667262E+000
  0.765190E+000  0.671682E+000
  0.767531E+000  0.676100E+000
  0.769875E+000  0.680516E+000
  0.772221E+000  0.684932E+000
  0.774569E+000  0.689346E+000
  0.776919E+000  0.693759E+000
  0.779272E+000  0.698171E+000
  0.781626E+000  0.702582E+000
  0.783983E+000  0.706992E+000
  0.786341E+000  0.711401E+000
  0.788701E+000  0.715809E+000
  0.791062E+000  0.720216E+000
  0.793425E+000  0.724623E+000
  0.795789E+000  0.729028E+000
  0.798155E+000  0.733433E+000
  0.800522E+000  0.737838E+000
  0.802890E+000  0.742241E+000
  0.805259E+000  0.746645E+000
  0.807628E+000  0.751047E+000
  0.809999E+000  0.755450E+000
  0.812370E+000  0.759852E+000
  0.814742E+000  0.764254E+000
  0.817113E+000  0.768655E+000
  0.819485E+000  0.773057E+000
  0.821857E+000  0.777458E+000
  0.824229E+000  0.781860E+000
  0.826601E+000  0.786262E+000
  0.828972E+000  0.790664E+000
  0.831342E+000  0.795066E+000
  0.833712E+000  0.799469E+000
  0.836080E+000  0.803873E+000
  0.838447E+000  0.808277E+000
  0.840812E+000  0.812682E+000
  0.843176E+000  0.817088E+000
  0.845538E+000  0.821495E+000
  0.847897E+000  0.825904E+000
  0.850253E+000  0.830314E+000
  0.852607E+000  0.834725E+000
  0.854957E+000  0.839138E+000
  0.857303E+000  0.843554E+000
  0.859645E+000  0.847971E+000
  0.861983E+000  0.852391E+000
  0.864316E+000  0.856813E+000
  0.866644E+000  0.861238E+000
  0.868966E+000  0.865666E+000
  0.871282E+000  0.870098E+000
  0.873591E+000  0.874533E+000
  0.875893E+000  0.878971E+000
  0.878187E+000  0.883414E+000
  0.880473E+000  0.887861E+000
  0.882750E+000  0.892312E+000
  0.885018E+000  0.896768E+000
  0.887277E+000  0.901229E+000
  0.889526E+000  0.905694E+000
  0.891765E+000  0.910165E+000
  0.893994E+000  0.914641E+000
  0.896212E+000  0.919122E+000
  0.898419E+000  0.923608E+000
  0.900616E+000  0.928100E+000
  0.902803E+000  0.932596E+000
  0.904980E+000  0.937097E+000
  0.907148E+000  0.941603E+000
  0.909308E+000  0.946112E+000
  0.911460E+000  0.950626E+000
  0.913605E+000  0.955142E+000
  0.915744E+000  0.959661E+000
  0.917878E+000  0.964183E+000
  0.920009E+000  0.968706E+000
  0.922138E+000  0.973230E+000
  0.924266E+000  0.977755E+000
  0.926395E+000  0.982279E+000
  0.928525E+000  0.986803E+000
  0.930658E+000  0.991325E+000
  0.932795E+000  0.995845E+000
  0.934937E+000  0.100036E+001
  0.937085E+000  0.100488E+001
  0.939241E+000  0.100939E+001
  0.941404E+000  0.101390E+001
  0.943577E+000  0.101840E+001
  0.945759E+000  0.102290E+001
  0.947951E+000  0.102739E+001
  0.950154E+000  0.103188E+001
  0.952369E+000  0.103636E+001
  0.954595E+000  0.104084E+001
  0.956834E+000  0.104531E+001
  0.959085E+000  0.104978E+001
  0.961349E+000  0.105423E+001
  0.963626E+000  0.105869E+001
  0.965916E+000  0.106313E+001
  0.968219E+000  0.106757E+001
  0.970536E+000  0.107200E+001
  0.972866E+000  0.107642E+001
  0.975210E+000  0.108084E+001
  0.977567E+000  0.108525E+001
  0.979937E+000  0.108965E+001
  0.982321E+000  0.109405E+001
  0.984719E+000  0.109843E+001
  0.987129E+000  0.110282E+001
  0.989553E+000  0.110719E+001
  0.991990E+000  0.111155E+001
  0.994440E+000  0.111591E+001
  0.996903E+000  0.112026E+001
  0.999379E+000  0.112461E+001
  0.100187E+001  0.112895E+001
  0.100437E+001  0.113328E+001
  0.100688E+001  0.113760E+001
  0.100940E+001  0.114191E+001
  0.101194E+001  0.114622E+001
  0.101449E+001  0.115052E+001
  0.101705E+001  0.115482E+001
  0.101962E+001  0.115911E+001
  0.102220E+001  0.116339E+001
  0.102480E+001  0.116766E+001
  0.102740E+001  0.117193E+001
  0.103002E+001  0.117619E+001
  0.103264E+001  0.118045E+001
  0.103528E+001  0.118470E+001
  0.103792E+001  0.118894E+001
  0.104058E+001  0.119318E+001
  0.104325E+001  0.119741E+001
  0.104592E+001  0.120163E+001
  0.104860E+001  0.120585E+001
  0.105130E+001  0.121006E+001
  0.105400E+001  0.121427E+001
  0.105671E+001  0.121847E+001
  0.105943E+001  0.122267E+001
  0.106216E+001  0.122686E+001
  0.106489E+001  0.123104E+001
  0.106764E+001  0.123522E+001
  0.107039E+001  0.123940E+001
  0.107315E+001  0.124357E+001
  0.107592E+001  0.124773E+001
  0.107869E+001  0.125189E+001
  0.108147E+001  0.125605E+001
  0.108426E+001  0.126020E+001
  0.108705E+001  0.126434E+001
  0.108985E+001  0.126849E+001
  0.109266E+001  0.127262E+001
  0.109547E+001  0.127676E+001
  0.109829E+001  0.128089E+001
  0.110112E+001  0.128501E+001
  0.110395E+001  0.128913E+001
  0.110678E+001  0.129325E+001
  0.110962E+001  0.129737E+001
  0.111247E+001  0.130148E+001
  0.111532E+001  0.130558E+001
  0.111818E+001  0.130969E+001
  0.112104E+001  0.131379E+001
  0.112390E+001  0.131789E+001
  0.112677E+001  0.132199E+001
  0.112964E+001  0.132608E+001
  0.113251E+001  0.133017E+001
  0.113538E+001  0.133427E+001
  0.113825E+001  0.133836E+001
  0.114112E+001  0.134246E+001
  0.114398E+001  0.134656E+001
  0.114681E+001  0.135068E+001
  0.114959E+001  0.135484E+001
  0.115226E+001  0.135906E+001
  0.115480E+001  0.136337E+001
  0.115724E+001  0.136773E+001
  0.115961E+001  0.137213E+001
  0.116196E+001  0.137655E+001
  0.116428E+001  0.138098E+001
  0.116659E+001  0.138541E+001
  0.116890E+001  0.138985E+001
  0.117119E+001  0.139429E+001
  0.117348E+001  0.139874E+001
  0.117576E+001  0.140319E+001
  0.117804E+001  0.140764E+001
  0.118031E+001  0.141209E+001
  0.118257E+001  0.141655E+001
  0.118483E+001  0.142101E+001
  0.118708E+001  0.142548E+001
  0.118933E+001  0.142994E+001
  0.119157E+001  0.143441E+001
  0.119380E+001  0.143888E+001
  0.119603E+001  0.144336E+001
  0.119826E+001  0.144784E+001
  0.120048E+001  0.145232E+001
  0.120269E+001  0.145680E+001
  0.120490E+001  0.146129E+001
  0.120710E+001  0.146578E+001
  0.120930E+001  0.147027E+001
  0.121149E+001  0.147476E+001
  0.121368E+001  0.147926E+001
  0.121586E+001  0.148376E+001
  0.121803E+001  0.148826E+001
  0.122020E+001  0.149276E+001
  0.122237E+001  0.149727E+001
  0.122452E+001  0.150178E+001
  0.122667E+001  0.150630E+001
  0.122882E+001  0.151081E+001
  0.123096E+001  0.151533E+001
  0.123309E+001  0.151985E+001
  0.123522E+001  0.152438E+001
  0.123734E+001  0.152891E+001
  0.123946E+001  0.153344E+001
  0.124157E+001  0.153797E+001
  0.124368E+001  0.154250E+001
  0.124577E+001  0.154704E+001
  0.124787E+001  0.155158E+001
  0.124995E+001  0.155613E+001
  0.125203E+001  0.156067E+001
  0.125411E+001  0.156522E+001
  0.125618E+001  0.156978E+001
  0.125824E+001  0.157433E+001
  0.126029E+001  0.157889E+001
  0.126234E+001  0.158345E+001
  0.126439E+001  0.158801E+001
  0.126643E+001  0.159258E+001
  0.126846E+001  0.159715E+001
  0.127048E+001  0.160172E+001
  0.127250E+001  0.160629E+001
  0.127452E+001  0.161087E+001
  0.127652E+001  0.161545E+001
  0.127853E+001  0.162003E+001
  0.128052E+001  0.162461E+001
  0.128251E+001  0.162920E+001
  0.128450E+001  0.163379E+001
  0.128647E+001  0.163838E+001
  0.128844E+001  0.164298E+001
  0.129041E+001  0.164757E+001
  0.129237E+001  0.165217E+001
  0.129432E+001  0.165678E+001
  0.129627E+001  0.166138E+001
  0.129821E+001  0.166599E+001
  0.130015E+001  0.167060E+001
  0.130208E+001  0.167521E+001
  0.130400E+001  0.167983E+001
  0.130592E+001  0.168444E+001
  0.130783E+001  0.168906E+001
  0.130974E+001  0.169369E+001
  0.131164E+001  0.169831E+001
  0.131353E+001  0.170294E+001
  0.131542E+001  0.170757E+001
  0.131731E+001  0.171220E+001
  0.131918E+001  0.171683E+001
  0.132106E+001  0.172147E+001
  0.132292E+001  0.172611E+001
  0.132478E+001  0.173075E+001
  0.132664E+001  0.173539E+001
  0.132849E+001  0.174004E+001
  0.133033E+001  0.174468E+001
  0.133217E+001  0.174933E+001
  0.133401E+001  0.175399E+001
  0.133583E+001  0.175864E+001
  0.133766E+001  0.176330E+001
  0.133947E+001  0.176795E+001
  0.134129E+001  0.177261E+001
  0.134309E+001  0.177728E+001
  0.134490E+001  0.178194E+001
  0.134669E+001  0.178661E+001
  0.134848E+001  0.179127E+001
  0.135027E+001  0.179594E+001
  0.135205E+001  0.180062E+001
  0.135383E+001  0.180529E+001
  0.135560E+001  0.180997E+001
  0.135737E+001  0.181464E+001
  0.135913E+001  0.181932E+001
  0.136089E+001  0.182400E+001
  0.136264E+001  0.182869E+001
  0.136439E+001  0.183337E+001
  0.136613E+001  0.183806E+001
  0.136787E+001  0.184274E+001
  0.136960E+001  0.184743E+001
  0.137133E+001  0.185213E+001
  0.137306E+001  0.185682E+001
  0.137478E+001  0.186151E+001
  0.137649E+001  0.186621E+001
  0.137820E+001  0.187091E+001
  0.137991E+001  0.187561E+001
  0.138161E+001  0.188031E+001
  0.138331E+001  0.188501E+001
  0.138501E+001  0.188971E+001
  0.138670E+001  0.189442E+001
  0.138839E+001  0.189913E+001
  0.139007E+001  0.190383E+001
  0.139175E+001  0.190854E+001
  0.139343E+001  0.191325E+001
  0.139510E+001  0.191797E+001
  0.139677E+001  0.192268E+001
  0.139843E+001  0.192740E+001
  0.140009E+001  0.193211E+001
  0.140175E+001  0.193683E+001
  0.140340E+001  0.194155E+001
  0.140505E+001  0.194627E+001
  0.140670E+001  0.195099E+001
  0.140834E+001  0.195571E+001
  0.140998E+001  0.196043E+001
  0.141162E+001  0.196516E+001
  0.141325E+001  0.196988E+001
  0.141488E+001  0.197461E+001
  0.141651E+001  0.197934E+001
  0.141814E+001  0.198407E+001
  0.141976E+001  0.198880E+001
  0.142138E+001  0.199353E+001
  0.142299E+001  0.199826E+001
  0.142460E+001  0.200299E+001
  0.142621E+001  0.200773E+001
  0.142782E+001  0.201246E+001
  0.142943E+001  0.201720E+001
  0.143103E+001  0.202193E+001
  0.143263E+001  0.202667E+001
  0.143423E+001  0.203141E+001
  0.143582E+001  0.203615E+001
  0.143741E+001  0.204089E+001
  0.143900E+001  0.204563E+001
  0.144059E+001  0.205037E+001
  0.144217E+001  0.205511E+001
  0.144376E+001  0.205985E+001
  0.144534E+001  0.206460E+001
  0.144692E+001  0.206934E+001
  0.144849E+001  0.207409E+001
  0.145007E+001  0.207883E+001
  0.145164E+001  0.208358E+001
  0.145321E+001  0.208832E+001
  0.145478E+001  0.209307E+001
  0.145635E+001  0.209782E+001
  0.145791E+001  0.210257E+001
  0.145947E+001  0.210732E+001
  0.146104E+001  0.211207E+001
  0.146260E+001  0.211682E+001
  0.146415E+001  0.212157E+001
  0.146571E+001  0.212632E+001
  0.146727E+001  0.213107E+001
  0.146882E+001  0.213583E+001
  0.147037E+001  0.214058E+001
  0.147192E+001  0.214533E+001
  0.147347E+001  0.215009E+001
  0.147502E+001  0.215484E+001
  0.147657E+001  0.215960E+001
  0.147811E+001  0.216435E+001
  0.147966E+001  0.216911E+001
  0.148120E+001  0.217386E+001
  0.148274E+001  0.217862E+001
  0.148428E+001  0.218337E+001
  0.148582E+001  0.218813E+001
  0.148736E+001  0.219289E+001
  0.148890E+001  0.219765E+001
  0.149044E+001  0.220240E+001
  0.149197E+001  0.220716E+001
  0.149351E+001  0.221192E+001
  0.149504E+001  0.221668E+001
  0.149657E+001  0.222144E+001
  0.149811E+001  0.222620E+001
  0.149964E+001  0.223096E+001
  0.150117E+001  0.223572E+001
