  0.811101E+000  0.103361E+000
  0.811101E+000  0.103361E+000
  0.811631E+000  0.108333E+000
  0.812183E+000  0.113302E+000
  0.812758E+000  0.118269E+000
  0.813356E+000  0.123233E+000
  0.813976E+000  0.128194E+000
  0.814617E+000  0.133153E+000
  0.815280E+000  0.138109E+000
  0.815965E+000  0.143062E+000
  0.816670E+000  0.148012E+000
  0.817395E+000  0.152959E+000
  0.818141E+000  0.157903E+000
  0.818906E+000  0.162844E+000
  0.819691E+000  0.167782E+000
  0.820494E+000  0.172717E+000
  0.821316E+000  0.177649E+000
  0.822156E+000  0.182578E+000
  0.823013E+000  0.187504E+000
  0.823887E+000  0.192427E+000
  0.824778E+000  0.197347E+000
  0.825685E+000  0.202264E+000
  0.826607E+000  0.207178E+000
  0.827543E+000  0.212090E+000
  0.828494E+000  0.216999E+000
  0.829459E+000  0.221905E+000
  0.830436E+000  0.226808E+000
  0.831425E+000  0.231710E+000
  0.832425E+000  0.236608E+000
  0.833437E+000  0.241505E+000
  0.834457E+000  0.246400E+000
  0.835487E+000  0.251293E+000
  0.836525E+000  0.256184E+000
  0.837569E+000  0.261073E+000
  0.838620E+000  0.265962E+000
  0.839675E+000  0.270849E+000
  0.840734E+000  0.275736E+000
  0.841796E+000  0.280622E+000
  0.842858E+000  0.285508E+000
  0.843921E+000  0.290393E+000
  0.844982E+000  0.295279E+000
  0.846040E+000  0.300166E+000
  0.847093E+000  0.305054E+000
  0.848140E+000  0.309943E+000
  0.849178E+000  0.314834E+000
  0.850207E+000  0.319727E+000
  0.851223E+000  0.324623E+000
  0.852226E+000  0.329521E+000
  0.853213E+000  0.334423E+000
  0.854182E+000  0.339328E+000
  0.855130E+000  0.344237E+000
  0.856056E+000  0.349151E+000
  0.856958E+000  0.354069E+000
  0.857833E+000  0.358992E+000
  0.858679E+000  0.363920E+000
  0.859495E+000  0.368853E+000
  0.860278E+000  0.373791E+000
  0.861027E+000  0.378734E+000
  0.861742E+000  0.383683E+000
  0.862419E+000  0.388637E+000
  0.863060E+000  0.393596E+000
  0.863663E+000  0.398559E+000
  0.864227E+000  0.403527E+000
  0.864754E+000  0.408500E+000
  0.865244E+000  0.413476E+000
  0.865696E+000  0.418455E+000
  0.866113E+000  0.423438E+000
  0.866495E+000  0.428423E+000
  0.866844E+000  0.433411E+000
  0.867162E+000  0.438401E+000
  0.867449E+000  0.443392E+000
  0.867709E+000  0.448386E+000
  0.867942E+000  0.453380E+000
  0.868152E+000  0.458376E+000
  0.868339E+000  0.463372E+000
  0.868506E+000  0.468370E+000
  0.868655E+000  0.473367E+000
  0.868787E+000  0.478366E+000
  0.868905E+000  0.483364E+000
  0.869010E+000  0.488363E+000
  0.869104E+000  0.493362E+000
  0.869188E+000  0.498362E+000
  0.869265E+000  0.503361E+000
  0.869334E+000  0.508360E+000
  0.869399E+000  0.513360E+000
  0.869460E+000  0.518360E+000
  0.869518E+000  0.523359E+000
  0.869574E+000  0.528359E+000
  0.869630E+000  0.533359E+000
  0.869687E+000  0.538358E+000
  0.869746E+000  0.543358E+000
  0.869806E+000  0.548358E+000
  0.869871E+000  0.553357E+000
  0.869939E+000  0.558357E+000
  0.870012E+000  0.563356E+000
  0.870092E+000  0.568356E+000
  0.870177E+000  0.573355E+000
  0.870270E+000  0.578354E+000
  0.870370E+000  0.583353E+000
  0.870479E+000  0.588352E+000
  0.870596E+000  0.593350E+000
  0.870723E+000  0.598349E+000
  0.870860E+000  0.603347E+000
  0.871008E+000  0.608345E+000
  0.871167E+000  0.613342E+000
  0.871337E+000  0.618339E+000
  0.871519E+000  0.623336E+000
  0.871714E+000  0.628332E+000
  0.871922E+000  0.633328E+000
  0.872143E+000  0.638323E+000
  0.872378E+000  0.643318E+000
  0.872627E+000  0.648311E+000
  0.872891E+000  0.653304E+000
  0.873170E+000  0.658297E+000
  0.873464E+000  0.663288E+000
  0.873774E+000  0.668278E+000
  0.874101E+000  0.673268E+000
  0.874444E+000  0.678256E+000
  0.874805E+000  0.683243E+000
  0.875183E+000  0.688228E+000
  0.875579E+000  0.693213E+000
  0.875993E+000  0.698196E+000
  0.876426E+000  0.703177E+000
  0.876878E+000  0.708156E+000
  0.877349E+000  0.713134E+000
  0.877841E+000  0.718110E+000
  0.878352E+000  0.723084E+000
  0.878885E+000  0.728055E+000
  0.879439E+000  0.733024E+000
  0.880014E+000  0.737991E+000
  0.880611E+000  0.742955E+000
  0.881231E+000  0.747917E+000
  0.881874E+000  0.752875E+000
  0.882540E+000  0.757831E+000
  0.883231E+000  0.762783E+000
  0.883945E+000  0.767732E+000
  0.884684E+000  0.772677E+000
  0.885449E+000  0.777618E+000
  0.886239E+000  0.782555E+000
  0.887055E+000  0.787488E+000
  0.887899E+000  0.792416E+000
  0.888769E+000  0.797340E+000
  0.889668E+000  0.802258E+000
  0.890595E+000  0.807172E+000
  0.891551E+000  0.812080E+000
  0.892536E+000  0.816981E+000
  0.893551E+000  0.821877E+000
  0.894598E+000  0.826767E+000
  0.895675E+000  0.831649E+000
  0.896785E+000  0.836524E+000
  0.897927E+000  0.841392E+000
  0.899102E+000  0.846252E+000
  0.900311E+000  0.851104E+000
  0.901555E+000  0.855947E+000
  0.902833E+000  0.860780E+000
  0.904148E+000  0.865605E+000
  0.905499E+000  0.870419E+000
  0.906887E+000  0.875222E+000
  0.908312E+000  0.880015E+000
  0.909775E+000  0.884796E+000
  0.911277E+000  0.889565E+000
  0.912818E+000  0.894321E+000
  0.914398E+000  0.899065E+000
  0.916017E+000  0.903796E+000
  0.917676E+000  0.908513E+000
  0.919374E+000  0.913215E+000
  0.921111E+000  0.917904E+000
  0.922887E+000  0.922578E+000
  0.924701E+000  0.927237E+000
  0.926553E+000  0.931882E+000
  0.928441E+000  0.936512E+000
  0.930364E+000  0.941127E+000
  0.932322E+000  0.945728E+000
  0.934313E+000  0.950314E+000
  0.936335E+000  0.954887E+000
  0.938388E+000  0.959446E+000
  0.940469E+000  0.963993E+000
  0.942576E+000  0.968527E+000
  0.944710E+000  0.973049E+000
  0.946866E+000  0.977560E+000
  0.949046E+000  0.982060E+000
  0.951245E+000  0.986550E+000
  0.953464E+000  0.991031E+000
  0.955701E+000  0.995502E+000
  0.957954E+000  0.999966E+000
  0.960223E+000  0.100442E+001
  0.962506E+000  0.100887E+001
  0.964801E+000  0.101331E+001
  0.967109E+000  0.101775E+001
  0.969428E+000  0.102218E+001
  0.971757E+000  0.102660E+001
  0.974095E+000  0.103102E+001
  0.976443E+000  0.103544E+001
  0.978798E+000  0.103985E+001
  0.981160E+000  0.104425E+001
  0.983529E+000  0.104866E+001
  0.985904E+000  0.105306E+001
  0.988285E+000  0.105745E+001
  0.990671E+000  0.106185E+001
  0.993062E+000  0.106624E+001
  0.995458E+000  0.107063E+001
  0.997857E+000  0.107501E+001
  0.100026E+001  0.107940E+001
  0.100267E+001  0.108378E+001
  0.100508E+001  0.108816E+001
  0.100749E+001  0.109254E+001
  0.100990E+001  0.109692E+001
  0.101232E+001  0.110130E+001
  0.101474E+001  0.110567E+001
  0.101716E+001  0.111005E+001
  0.101958E+001  0.111442E+001
  0.102201E+001  0.111880E+001
  0.102443E+001  0.112317E+001
  0.102686E+001  0.112754E+001
  0.102928E+001  0.113191E+001
  0.103171E+001  0.113628E+001
  0.103414E+001  0.114065E+001
  0.103657E+001  0.114503E+001
  0.103899E+001  0.114940E+001
  0.104142E+001  0.115377E+001
  0.104385E+001  0.115814E+001
  0.104628E+001  0.116251E+001
  0.104871E+001  0.116688E+001
  0.105114E+001  0.117125E+001
  0.105356E+001  0.117562E+001
  0.105599E+001  0.117999E+001
  0.105842E+001  0.118436E+001
  0.106084E+001  0.118874E+001
  0.106326E+001  0.119311E+001
  0.106569E+001  0.119748E+001
  0.106811E+001  0.120186E+001
  0.107053E+001  0.120623E+001
  0.107295E+001  0.121061E+001
  0.107536E+001  0.121499E+001
  0.107778E+001  0.121936E+001
  0.108019E+001  0.122374E+001
  0.108261E+001  0.122812E+001
  0.108502E+001  0.123250E+001
  0.108743E+001  0.123689E+001
  0.108983E+001  0.124127E+001
  0.109224E+001  0.124565E+001
  0.109464E+001  0.125004E+001
  0.109704E+001  0.125442E+001
  0.109944E+001  0.125881E+001
  0.110183E+001  0.126320E+001
  0.110422E+001  0.126759E+001
  0.110661E+001  0.127198E+001
  0.110900E+001  0.127638E+001
  0.111139E+001  0.128077E+001
  0.111377E+001  0.128517E+001
  0.111615E+001  0.128956E+001
  0.111852E+001  0.129396E+001
  0.112090E+001  0.129836E+001
  0.112327E+001  0.130277E+001
  0.112564E+001  0.130717E+001
  0.112800E+001  0.131157E+001
  0.113037E+001  0.131598E+001
  0.113273E+001  0.132039E+001
  0.113509E+001  0.132480E+001
  0.113745E+001  0.132920E+001
  0.113981E+001  0.133361E+001
  0.114217E+001  0.133802E+001
  0.114454E+001  0.134242E+001
  0.114692E+001  0.134682E+001
  0.114934E+001  0.135119E+001
  0.115183E+001  0.135553E+001
  0.115445E+001  0.135979E+001
  0.115719E+001  0.136397E+001
  0.116001E+001  0.136810E+001
  0.116288E+001  0.137219E+001
  0.116577E+001  0.137627E+001
  0.116868E+001  0.138034E+001
  0.117159E+001  0.138441E+001
  0.117451E+001  0.138846E+001
  0.117744E+001  0.139252E+001
  0.118037E+001  0.139657E+001
  0.118330E+001  0.140062E+001
  0.118624E+001  0.140466E+001
  0.118919E+001  0.140870E+001
  0.119213E+001  0.141274E+001
  0.119508E+001  0.141678E+001
  0.119803E+001  0.142082E+001
  0.120098E+001  0.142485E+001
  0.120394E+001  0.142889E+001
  0.120689E+001  0.143292E+001
  0.120985E+001  0.143695E+001
  0.121282E+001  0.144098E+001
  0.121578E+001  0.144500E+001
  0.121875E+001  0.144903E+001
  0.122171E+001  0.145305E+001
  0.122468E+001  0.145708E+001
  0.122766E+001  0.146110E+001
  0.123063E+001  0.146512E+001
  0.123360E+001  0.146914E+001
  0.123658E+001  0.147315E+001
  0.123956E+001  0.147717E+001
  0.124253E+001  0.148119E+001
  0.124551E+001  0.148520E+001
  0.124850E+001  0.148922E+001
  0.125148E+001  0.149323E+001
  0.125446E+001  0.149724E+001
  0.125745E+001  0.150125E+001
  0.126043E+001  0.150526E+001
  0.126342E+001  0.150927E+001
  0.126641E+001  0.151328E+001
  0.126940E+001  0.151729E+001
  0.127239E+001  0.152130E+001
  0.127538E+001  0.152530E+001
  0.127837E+001  0.152931E+001
  0.128136E+001  0.153331E+001
  0.128436E+001  0.153732E+001
  0.128735E+001  0.154132E+001
  0.129035E+001  0.154533E+001
  0.129334E+001  0.154933E+001
  0.129634E+001  0.155333E+001
  0.129933E+001  0.155734E+001
  0.130233E+001  0.156134E+001
  0.130533E+001  0.156534E+001
  0.130833E+001  0.156934E+001
  0.131133E+001  0.157334E+001
  0.131432E+001  0.157734E+001
  0.131732E+001  0.158134E+001
  0.132032E+001  0.158534E+001
  0.132332E+001  0.158934E+001
  0.132632E+001  0.159334E+001
  0.132933E+001  0.159734E+001
  0.133233E+001  0.160134E+001
  0.133533E+001  0.160534E+001
  0.133833E+001  0.160934E+001
  0.134133E+001  0.161334E+001
  0.134433E+001  0.161734E+001
  0.134733E+001  0.162134E+001
  0.135034E+001  0.162534E+001
  0.135334E+001  0.162933E+001
  0.135634E+001  0.163333E+001
  0.135934E+001  0.163733E+001
  0.136234E+001  0.164133E+001
  0.136534E+001  0.164533E+001
  0.136834E+001  0.164933E+001
  0.137135E+001  0.165333E+001
  0.137435E+001  0.165733E+001
  0.137735E+001  0.166133E+001
  0.138035E+001  0.166533E+001
  0.138335E+001  0.166933E+001
  0.138635E+001  0.167333E+001
  0.138935E+001  0.167733E+001
  0.139235E+001  0.168133E+001
  0.139535E+001  0.168533E+001
  0.139835E+001  0.168933E+001
  0.140134E+001  0.169333E+001
  0.140434E+001  0.169733E+001
  0.140734E+001  0.170133E+001
  0.141034E+001  0.170533E+001
  0.141333E+001  0.170934E+001
  0.141633E+001  0.171334E+001
  0.141932E+001  0.171734E+001
  0.142232E+001  0.172135E+001
  0.142531E+001  0.172535E+001
  0.142831E+001  0.172936E+001
  0.143130E+001  0.173336E+001
  0.143429E+001  0.173737E+001
  0.143728E+001  0.174138E+001
  0.144027E+001  0.174538E+001
  0.144326E+001  0.174939E+001
  0.144625E+001  0.175340E+001
  0.144924E+001  0.175741E+001
  0.145222E+001  0.176142E+001
  0.145521E+001  0.176543E+001
  0.145819E+001  0.176944E+001
  0.146118E+001  0.177345E+001
  0.146416E+001  0.177747E+001
  0.146714E+001  0.178148E+001
  0.147012E+001  0.178549E+001
  0.147310E+001  0.178951E+001
  0.147608E+001  0.179352E+001
  0.147906E+001  0.179754E+001
  0.148204E+001  0.180156E+001
  0.148501E+001  0.180558E+001
  0.148799E+001  0.180960E+001
  0.149096E+001  0.181362E+001
  0.149393E+001  0.181764E+001
  0.149690E+001  0.182166E+001
  0.149987E+001  0.182569E+001
  0.150283E+001  0.182971E+001
