  0.943738E+000  0.362319E-001
  0.943738E+000  0.362319E-001
  0.943453E+000  0.412238E-001
  0.943136E+000  0.462138E-001
  0.942788E+000  0.512016E-001
  0.942411E+000  0.561874E-001
  0.942005E+000  0.611709E-001
  0.941573E+000  0.661522E-001
  0.941116E+000  0.711313E-001
  0.940636E+000  0.761081E-001
  0.940134E+000  0.810829E-001
  0.939612E+000  0.860556E-001
  0.939072E+000  0.910263E-001
  0.938515E+000  0.959952E-001
  0.937942E+000  0.100962E+000
  0.937356E+000  0.105928E+000
  0.936757E+000  0.110892E+000
  0.936146E+000  0.115854E+000
  0.935526E+000  0.120816E+000
  0.934897E+000  0.125776E+000
  0.934261E+000  0.130735E+000
  0.933619E+000  0.135694E+000
  0.932971E+000  0.140652E+000
  0.932320E+000  0.145609E+000
  0.931666E+000  0.150566E+000
  0.931010E+000  0.155523E+000
  0.930353E+000  0.160480E+000
  0.929697E+000  0.165436E+000
  0.929041E+000  0.170393E+000
  0.928388E+000  0.175350E+000
  0.927738E+000  0.180308E+000
  0.927092E+000  0.185266E+000
  0.926450E+000  0.190225E+000
  0.925814E+000  0.195184E+000
  0.925185E+000  0.200144E+000
  0.924563E+000  0.205106E+000
  0.923949E+000  0.210068E+000
  0.923345E+000  0.215031E+000
  0.922751E+000  0.219996E+000
  0.922168E+000  0.224962E+000
  0.921597E+000  0.229929E+000
  0.921039E+000  0.234898E+000
  0.920494E+000  0.239868E+000
  0.919965E+000  0.244840E+000
  0.919452E+000  0.249813E+000
  0.918956E+000  0.254789E+000
  0.918478E+000  0.259766E+000
  0.918020E+000  0.264745E+000
  0.917583E+000  0.269726E+000
  0.917168E+000  0.274708E+000
  0.916777E+000  0.279693E+000
  0.916410E+000  0.284680E+000
  0.916071E+000  0.289668E+000
  0.915759E+000  0.294658E+000
  0.915478E+000  0.299650E+000
  0.915228E+000  0.304644E+000
  0.915013E+000  0.309640E+000
  0.914833E+000  0.314636E+000
  0.914691E+000  0.319634E+000
  0.914588E+000  0.324633E+000
  0.914529E+000  0.329633E+000
  0.914513E+000  0.334633E+000
  0.914544E+000  0.339633E+000
  0.914624E+000  0.344632E+000
  0.914755E+000  0.349630E+000
  0.914940E+000  0.354627E+000
  0.915180E+000  0.359621E+000
  0.915476E+000  0.364612E+000
  0.915832E+000  0.369600E+000
  0.916248E+000  0.374582E+000
  0.916726E+000  0.379560E+000
  0.917266E+000  0.384530E+000
  0.917869E+000  0.389494E+000
  0.918535E+000  0.394449E+000
  0.919264E+000  0.399396E+000
  0.920055E+000  0.404333E+000
  0.920909E+000  0.409259E+000
  0.921822E+000  0.414175E+000
  0.922795E+000  0.419080E+000
  0.923826E+000  0.423972E+000
  0.924912E+000  0.428853E+000
  0.926052E+000  0.433721E+000
  0.927244E+000  0.438577E+000
  0.928486E+000  0.443420E+000
  0.929775E+000  0.448251E+000
  0.931109E+000  0.453070E+000
  0.932487E+000  0.457877E+000
  0.933905E+000  0.462671E+000
  0.935363E+000  0.467454E+000
  0.936857E+000  0.472225E+000
  0.938387E+000  0.476986E+000
  0.939950E+000  0.481735E+000
  0.941545E+000  0.486474E+000
  0.943170E+000  0.491202E+000
  0.944824E+000  0.495921E+000
  0.946505E+000  0.500630E+000
  0.948212E+000  0.505330E+000
  0.949943E+000  0.510020E+000
  0.951698E+000  0.514702E+000
  0.953475E+000  0.519376E+000
  0.955273E+000  0.524041E+000
  0.957092E+000  0.528699E+000
  0.958930E+000  0.533348E+000
  0.960787E+000  0.537991E+000
  0.962662E+000  0.542626E+000
  0.964554E+000  0.547254E+000
  0.966462E+000  0.551876E+000
  0.968387E+000  0.556491E+000
  0.970326E+000  0.561099E+000
  0.972280E+000  0.565702E+000
  0.974248E+000  0.570298E+000
  0.976229E+000  0.574889E+000
  0.978224E+000  0.579473E+000
  0.980232E+000  0.584053E+000
  0.982251E+000  0.588627E+000
  0.984283E+000  0.593195E+000
  0.986326E+000  0.597759E+000
  0.988380E+000  0.602318E+000
  0.990445E+000  0.606871E+000
  0.992520E+000  0.611420E+000
  0.994606E+000  0.615965E+000
  0.996701E+000  0.620504E+000
  0.998806E+000  0.625040E+000
  0.100092E+001  0.629571E+000
  0.100304E+001  0.634097E+000
  0.100518E+001  0.638620E+000
  0.100732E+001  0.643138E+000
  0.100947E+001  0.647653E+000
  0.101162E+001  0.652163E+000
  0.101379E+001  0.656670E+000
  0.101596E+001  0.661173E+000
  0.101814E+001  0.665672E+000
  0.102033E+001  0.670168E+000
  0.102253E+001  0.674660E+000
  0.102473E+001  0.679149E+000
  0.102694E+001  0.683634E+000
  0.102916E+001  0.688116E+000
  0.103138E+001  0.692594E+000
  0.103361E+001  0.697070E+000
  0.103585E+001  0.701542E+000
  0.103809E+001  0.706011E+000
  0.104034E+001  0.710477E+000
  0.104259E+001  0.714940E+000
  0.104485E+001  0.719400E+000
  0.104712E+001  0.723857E+000
  0.104939E+001  0.728311E+000
  0.105167E+001  0.732763E+000
  0.105395E+001  0.737211E+000
  0.105624E+001  0.741657E+000
  0.105853E+001  0.746100E+000
  0.106083E+001  0.750541E+000
  0.106313E+001  0.754979E+000
  0.106544E+001  0.759414E+000
  0.106775E+001  0.763847E+000
  0.107007E+001  0.768277E+000
  0.107239E+001  0.772705E+000
  0.107472E+001  0.777131E+000
  0.107705E+001  0.781554E+000
  0.107939E+001  0.785975E+000
  0.108173E+001  0.790393E+000
  0.108407E+001  0.794810E+000
  0.108642E+001  0.799224E+000
  0.108877E+001  0.803635E+000
  0.109113E+001  0.808045E+000
  0.109349E+001  0.812453E+000
  0.109585E+001  0.816858E+000
  0.109822E+001  0.821262E+000
  0.110059E+001  0.825663E+000
  0.110297E+001  0.830063E+000
  0.110535E+001  0.834460E+000
  0.110773E+001  0.838855E+000
  0.111012E+001  0.843249E+000
  0.111251E+001  0.847641E+000
  0.111490E+001  0.852031E+000
  0.111730E+001  0.856419E+000
  0.111970E+001  0.860805E+000
  0.112210E+001  0.865190E+000
  0.112451E+001  0.869572E+000
  0.112692E+001  0.873953E+000
  0.112933E+001  0.878333E+000
  0.113175E+001  0.882710E+000
  0.113417E+001  0.887086E+000
  0.113659E+001  0.891461E+000
  0.113901E+001  0.895834E+000
  0.114144E+001  0.900205E+000
  0.114387E+001  0.904575E+000
  0.114630E+001  0.908943E+000
  0.114874E+001  0.913310E+000
  0.115118E+001  0.917675E+000
  0.115362E+001  0.922039E+000
  0.115606E+001  0.926402E+000
  0.115851E+001  0.930763E+000
  0.116095E+001  0.935122E+000
  0.116340E+001  0.939481E+000
  0.116586E+001  0.943838E+000
  0.116831E+001  0.948193E+000
  0.117077E+001  0.952548E+000
  0.117323E+001  0.956901E+000
  0.117569E+001  0.961253E+000
  0.117816E+001  0.965604E+000
  0.118062E+001  0.969953E+000
  0.118309E+001  0.974301E+000
  0.118556E+001  0.978649E+000
  0.118803E+001  0.982995E+000
  0.119051E+001  0.987339E+000
  0.119298E+001  0.991683E+000
  0.119546E+001  0.996026E+000
  0.119794E+001  0.100037E+001
  0.120042E+001  0.100471E+001
  0.120291E+001  0.100905E+001
  0.120539E+001  0.101339E+001
  0.120788E+001  0.101772E+001
  0.121037E+001  0.102206E+001
  0.121286E+001  0.102640E+001
  0.121535E+001  0.103073E+001
  0.121784E+001  0.103506E+001
  0.122034E+001  0.103940E+001
  0.122284E+001  0.104373E+001
  0.122533E+001  0.104806E+001
  0.122783E+001  0.105239E+001
  0.123033E+001  0.105672E+001
  0.123284E+001  0.106105E+001
  0.123534E+001  0.106538E+001
  0.123785E+001  0.106970E+001
  0.124035E+001  0.107403E+001
  0.124286E+001  0.107836E+001
  0.124537E+001  0.108268E+001
  0.124788E+001  0.108701E+001
  0.125039E+001  0.109133E+001
  0.125290E+001  0.109565E+001
  0.125542E+001  0.109997E+001
  0.125793E+001  0.110430E+001
  0.126045E+001  0.110862E+001
  0.126296E+001  0.111294E+001
  0.126548E+001  0.111726E+001
  0.126800E+001  0.112158E+001
  0.127052E+001  0.112590E+001
  0.127304E+001  0.113021E+001
  0.127556E+001  0.113453E+001
  0.127808E+001  0.113885E+001
  0.128061E+001  0.114316E+001
  0.128313E+001  0.114748E+001
  0.128566E+001  0.115180E+001
  0.128818E+001  0.115611E+001
  0.129071E+001  0.116043E+001
  0.129324E+001  0.116474E+001
  0.129576E+001  0.116905E+001
  0.129829E+001  0.117337E+001
  0.130082E+001  0.117768E+001
  0.130335E+001  0.118199E+001
  0.130588E+001  0.118631E+001
  0.130841E+001  0.119062E+001
  0.131094E+001  0.119493E+001
  0.131348E+001  0.119924E+001
  0.131601E+001  0.120355E+001
  0.131854E+001  0.120786E+001
  0.132108E+001  0.121217E+001
  0.132361E+001  0.121648E+001
  0.132614E+001  0.122080E+001
  0.132868E+001  0.122511E+001
  0.133121E+001  0.122941E+001
  0.133375E+001  0.123372E+001
  0.133628E+001  0.123803E+001
  0.133882E+001  0.124234E+001
  0.134136E+001  0.124665E+001
  0.134389E+001  0.125096E+001
  0.134643E+001  0.125527E+001
  0.134896E+001  0.125958E+001
  0.135150E+001  0.126389E+001
  0.135404E+001  0.126820E+001
  0.135658E+001  0.127250E+001
  0.135911E+001  0.127681E+001
  0.136165E+001  0.128112E+001
  0.136419E+001  0.128543E+001
  0.136672E+001  0.128974E+001
  0.136926E+001  0.129405E+001
  0.137180E+001  0.129835E+001
  0.137434E+001  0.130266E+001
  0.137687E+001  0.130697E+001
  0.137941E+001  0.131128E+001
  0.138195E+001  0.131559E+001
  0.138448E+001  0.131990E+001
  0.138702E+001  0.132421E+001
  0.138956E+001  0.132851E+001
  0.139209E+001  0.133282E+001
  0.139463E+001  0.133713E+001
  0.139717E+001  0.134144E+001
  0.139970E+001  0.134575E+001
  0.140224E+001  0.135006E+001
  0.140477E+001  0.135437E+001
  0.140731E+001  0.135868E+001
  0.140984E+001  0.136299E+001
  0.141238E+001  0.136730E+001
  0.141491E+001  0.137161E+001
  0.141744E+001  0.137592E+001
  0.141998E+001  0.138023E+001
  0.142251E+001  0.138454E+001
  0.142504E+001  0.138886E+001
  0.142757E+001  0.139317E+001
  0.143010E+001  0.139748E+001
  0.143263E+001  0.140179E+001
  0.143516E+001  0.140611E+001
  0.143769E+001  0.141042E+001
  0.144022E+001  0.141473E+001
  0.144275E+001  0.141905E+001
  0.144527E+001  0.142336E+001
  0.144780E+001  0.142767E+001
  0.145033E+001  0.143199E+001
  0.145285E+001  0.143631E+001
  0.145538E+001  0.144062E+001
  0.145790E+001  0.144494E+001
  0.146042E+001  0.144925E+001
  0.146295E+001  0.145357E+001
  0.146547E+001  0.145789E+001
  0.146799E+001  0.146221E+001
  0.147051E+001  0.146652E+001
  0.147303E+001  0.147084E+001
  0.147555E+001  0.147516E+001
  0.147807E+001  0.147948E+001
  0.148058E+001  0.148380E+001
  0.148310E+001  0.148812E+001
  0.148561E+001  0.149245E+001
  0.148813E+001  0.149677E+001
  0.149064E+001  0.150109E+001
  0.149315E+001  0.150541E+001
  0.149566E+001  0.150974E+001
  0.149817E+001  0.151406E+001
  0.150068E+001  0.151839E+001
