  0.365000E+000  0.000000E+000  0.915500E+000
  0.396000E+000  0.000000E+000  0.919000E+000
  0.398401E+000 -0.447528E-013  0.919112E+000
  0.398709E+000  0.593723E-015  0.919159E+000
  0.399687E+000  0.312250E-016  0.919309E+000
  0.400659E+000  0.116226E-015  0.919460E+000
  0.401631E+000 -0.183881E-015  0.919614E+000
  0.402603E+000 -0.196457E-015  0.919771E+000
  0.403575E+000 -0.152656E-015  0.919930E+000
  0.404547E+000  0.860423E-015  0.920091E+000
  0.405519E+000 -0.985323E-015  0.920255E+000
  0.406490E+000  0.115793E-014  0.920421E+000
  0.407462E+000 -0.503355E-009  0.920590E+000
  0.408433E+000  0.607153E-015  0.920761E+000
  0.409404E+000 -0.895117E-015  0.920935E+000
  0.410375E+000 -0.181279E-015  0.921111E+000
  0.411345E+000 -0.522152E-015  0.921289E+000
  0.412316E+000 -0.915934E-015  0.921469E+000
  0.413286E+000 -0.850015E-016  0.921653E+000
  0.414256E+000 -0.693889E-015  0.921838E+000
  0.415225E+000 -0.263678E-015  0.922026E+000
  0.416195E+000  0.154043E-014  0.922216E+000
  0.417164E+000  0.149880E-014  0.922408E+000
  0.418133E+000  0.763278E-016  0.922603E+000
  0.419102E+000 -0.310510E-009  0.922800E+000
  0.420070E+000  0.610623E-015  0.922999E+000
  0.421038E+000 -0.285932E-009  0.923201E+000
  0.422006E+000  0.700828E-015  0.923405E+000
  0.422974E+000  0.444089E-015  0.923611E+000
  0.423941E+000  0.943690E-015  0.923819E+000
  0.424908E+000  0.804912E-015  0.924030E+000
  0.425874E+000  0.000000E+000  0.924243E+000
  0.426841E+000 -0.832667E-016  0.924457E+000
  0.427807E+000  0.943690E-015  0.924675E+000
  0.428773E+000 -0.555112E-015  0.924894E+000
  0.429738E+000 -0.333067E-015  0.925115E+000
  0.430703E+000 -0.186714E-009  0.925339E+000
  0.431668E+000 -0.178654E-009  0.925565E+000
  0.432632E+000 -0.777156E-015  0.925793E+000
  0.433596E+000  0.166533E-014  0.926022E+000
  0.434560E+000 -0.166533E-015  0.926254E+000
  0.435523E+000 -0.149187E-009  0.926488E+000
  0.436486E+000  0.638378E-015  0.926725E+000
  0.437449E+000 -0.135959E-009  0.926963E+000
  0.438411E+000 -0.860423E-015  0.927203E+000
  0.439373E+000  0.915934E-015  0.927445E+000
  0.440335E+000  0.277556E-015  0.927689E+000
  0.441296E+000 -0.133227E-014  0.927935E+000
  0.442257E+000 -0.194289E-015  0.928183E+000
  0.443217E+000 -0.111022E-015  0.928433E+000
  0.444177E+000  0.274086E-014  0.928684E+000
  0.445137E+000  0.513478E-015  0.928938E+000
  0.446096E+000 -0.199840E-014  0.929194E+000
  0.447055E+000 -0.147105E-014  0.929451E+000
  0.448014E+000  0.194289E-015  0.929710E+000
  0.448972E+000  0.749401E-015  0.929971E+000
  0.449930E+000 -0.366374E-014  0.930234E+000
  0.450887E+000 -0.302189E-014  0.930499E+000
  0.451844E+000  0.792422E-014  0.930765E+000
  0.452801E+000 -0.593121E-010  0.931033E+000
  0.453757E+000  0.384415E-014  0.931303E+000
  0.454713E+000  0.865974E-014  0.931575E+000
  0.455669E+000  0.333067E-015  0.931848E+000
  0.456624E+000 -0.313638E-014  0.932123E+000
  0.457579E+000 -0.120043E-013  0.932400E+000
  0.458533E+000 -0.277556E-016  0.932678E+000
  0.459487E+000  0.502376E-014  0.932958E+000
  0.460441E+000 -0.351484E-010  0.933240E+000
  0.461394E+000  0.569683E-014  0.933523E+000
  0.462347E+000  0.302536E-014  0.933808E+000
  0.463299E+000 -0.278397E-010  0.934094E+000
  0.464252E+000 -0.235922E-015  0.934382E+000
  0.465203E+000 -0.234149E-010  0.934671E+000
  0.466155E+000 -0.343475E-014  0.934962E+000
  0.467105E+000  0.794503E-015  0.935255E+000
  0.468056E+000  0.258127E-014  0.935549E+000
  0.469006E+000 -0.610831E-013  0.935844E+000
  0.469956E+000 -0.974915E-015  0.936141E+000
  0.470905E+000 -0.526662E-014  0.936440E+000
  0.471855E+000  0.388578E-015  0.936740E+000
  0.472803E+000 -0.807913E-013  0.937041E+000
  0.473751E+000 -0.336883E-013  0.937343E+000
  0.474699E+000  0.125924E-013  0.937647E+000
  0.475647E+000 -0.591143E-012  0.937953E+000
  0.476594E+000  0.226477E-013  0.938260E+000
  0.477541E+000  0.147296E-012  0.938568E+000
  0.478487E+000 -0.526641E-012  0.938877E+000
  0.479433E+000 -0.165834E-012  0.939188E+000
  0.480379E+000 -0.631830E-013  0.939500E+000
  0.481324E+000  0.296045E-011  0.939814E+000
  0.482269E+000 -0.764319E-014  0.940128E+000
  0.483214E+000  0.186503E-012  0.940444E+000
  0.484158E+000  0.258695E-013  0.940761E+000
  0.485102E+000  0.127654E-012  0.941080E+000
  0.486046E+000 -0.331939E-014  0.941400E+000
  0.486989E+000  0.872357E-011  0.941721E+000
  0.487932E+000 -0.110016E-012  0.942043E+000
  0.488874E+000  0.453318E-013  0.942366E+000
  0.489816E+000 -0.220397E-014  0.942690E+000
  0.490758E+000  0.396749E-013  0.943016E+000
  0.491699E+000  0.172782E-012  0.943343E+000
  0.492640E+000  0.133608E-013  0.943671E+000
  0.493581E+000 -0.106824E-013  0.944000E+000
  0.494521E+000  0.563091E-014  0.944330E+000
  0.495461E+000 -0.105970E-013  0.944661E+000
  0.496401E+000  0.156110E-010  0.944994E+000
  0.497340E+000 -0.425736E-013  0.945327E+000
  0.498279E+000 -0.440724E-013  0.945662E+000
  0.499218E+000  0.124206E-014  0.945998E+000
  0.500156E+000 -0.406793E-014  0.946334E+000
  0.501094E+000  0.127329E-014  0.946672E+000
  0.502032E+000  0.185031E-010  0.947011E+000
  0.502969E+000  0.863545E-014  0.947351E+000
  0.503906E+000  0.235055E-013  0.947692E+000
  0.504843E+000 -0.149880E-014  0.948033E+000
  0.505779E+000  0.200446E-010  0.948376E+000
  0.506715E+000  0.457967E-014  0.948720E+000
  0.507651E+000  0.207043E-010  0.949065E+000
  0.508586E+000 -0.196163E-013  0.949411E+000
  0.509521E+000 -0.725114E-014  0.949757E+000
  0.510456E+000 -0.285258E-013  0.950105E+000
  0.511391E+000 -0.127537E-013  0.950454E+000
  0.512325E+000  0.212053E-013  0.950803E+000
  0.513258E+000 -0.561010E-014  0.951154E+000
  0.514192E+000 -0.146820E-012  0.951505E+000
  0.515125E+000  0.168823E-013  0.951857E+000
  0.516058E+000  0.103285E-013  0.952211E+000
  0.516991E+000  0.457412E-013  0.952565E+000
  0.517923E+000 -0.258543E-013  0.952920E+000
  0.518855E+000  0.277799E-013  0.953275E+000
  0.519786E+000 -0.362071E-013  0.953632E+000
  0.520718E+000  0.173195E-013  0.953990E+000
  0.521649E+000  0.408007E-013  0.954348E+000
  0.522580E+000 -0.185754E-013  0.954707E+000
  0.523510E+000 -0.286264E-013  0.955067E+000
  0.524440E+000  0.178919E-013  0.955428E+000
  0.525370E+000 -0.138015E-013  0.955790E+000
  0.526300E+000  0.116886E-013  0.956152E+000
  0.527229E+000 -0.905526E-014  0.956516E+000
  0.528158E+000 -0.105971E-012  0.956880E+000
  0.529087E+000  0.996078E-014  0.957245E+000
  0.530015E+000  0.133909E-012  0.957610E+000
  0.530944E+000  0.250193E-010  0.957977E+000
  0.531872E+000  0.250856E-010  0.958344E+000
  0.532799E+000  0.983241E-014  0.958712E+000
  0.533727E+000 -0.143253E-013  0.959081E+000
  0.534654E+000 -0.103979E-013  0.959450E+000
  0.535580E+000 -0.945077E-014  0.959821E+000
  0.536507E+000  0.253251E-010  0.960191E+000
  0.537433E+000 -0.923879E-013  0.960563E+000
  0.538359E+000  0.296742E-013  0.960936E+000
  0.539285E+000  0.258127E-014  0.961309E+000
  0.540210E+000 -0.268899E-013  0.961683E+000
  0.541136E+000 -0.122298E-013  0.962057E+000
  0.542061E+000  0.984681E-013  0.962432E+000
  0.542985E+000 -0.370190E-013  0.962808E+000
  0.543910E+000 -0.758907E-013  0.963185E+000
  0.544834E+000  0.107189E-012  0.963562E+000
  0.545758E+000  0.425805E-013  0.963940E+000
  0.546681E+000 -0.188564E-013  0.964319E+000
  0.547605E+000  0.376157E-013  0.964698E+000
  0.548528E+000 -0.699284E-013  0.965078E+000
  0.549451E+000  0.380408E-013  0.965459E+000
  0.550373E+000  0.861117E-014  0.965840E+000
  0.551296E+000 -0.508274E-014  0.966222E+000
  0.552218E+000  0.254530E-010  0.966604E+000
  0.553140E+000  0.893383E-014  0.966988E+000
  0.554062E+000  0.424660E-013  0.967371E+000
  0.554983E+000 -0.414911E-013  0.967756E+000
  0.555904E+000 -0.700030E-013  0.968141E+000
  0.556825E+000 -0.261249E-014  0.968527E+000
  0.557746E+000  0.203934E-013  0.968913E+000
  0.558666E+000  0.791901E-013  0.969300E+000
  0.559586E+000  0.120775E-012  0.969687E+000
  0.560506E+000 -0.268919E-012  0.970075E+000
  0.561426E+000  0.260070E-013  0.970464E+000
  0.562346E+000 -0.213579E-013  0.970853E+000
  0.563265E+000 -0.134337E-013  0.971243E+000
  0.564184E+000  0.643582E-014  0.971634E+000
  0.565103E+000  0.469286E-014  0.972025E+000
  0.566021E+000 -0.142143E-012  0.972416E+000
  0.566940E+000 -0.504805E-013  0.972808E+000
  0.567858E+000 -0.521146E-013  0.973201E+000
  0.568776E+000 -0.202192E-012  0.973594E+000
  0.569693E+000 -0.685424E-013  0.973988E+000
  0.570611E+000 -0.112972E-012  0.974382E+000
  0.571528E+000  0.122707E-012  0.974777E+000
  0.572445E+000  0.673524E-013  0.975173E+000
  0.573362E+000  0.301460E-013  0.975569E+000
  0.574278E+000 -0.182632E-013  0.975965E+000
  0.575195E+000 -0.427436E-014  0.976362E+000
  0.576111E+000  0.650695E-014  0.976760E+000
  0.577027E+000 -0.145023E-014  0.977158E+000
  0.577943E+000  0.376843E-012  0.977556E+000
  0.578858E+000  0.426083E-013  0.977956E+000
  0.579773E+000  0.186344E-013  0.978355E+000
  0.580688E+000  0.346598E-014  0.978755E+000
  0.581603E+000 -0.986104E-013  0.979156E+000
  0.582518E+000  0.462824E-014  0.979557E+000
  0.583432E+000 -0.530687E-013  0.979959E+000
  0.584347E+000 -0.113014E-012  0.980361E+000
  0.585261E+000 -0.688755E-013  0.980764E+000
  0.586175E+000  0.277313E-013  0.981167E+000
  0.587088E+000  0.105263E-013  0.981570E+000
  0.588002E+000  0.432050E-013  0.981974E+000
  0.588915E+000  0.278011E-013  0.982379E+000
  0.589828E+000  0.143011E-013  0.982784E+000
  0.590741E+000  0.588089E-013  0.983189E+000
  0.591653E+000  0.870259E-013  0.983595E+000
  0.592566E+000  0.415640E-013  0.984002E+000
  0.593478E+000  0.252853E-013  0.984409E+000
  0.594390E+000 -0.150560E-012  0.984816E+000
  0.595302E+000  0.231796E-010  0.985224E+000
  0.596213E+000  0.212351E-012  0.985632E+000
  0.597125E+000  0.902108E-013  0.986041E+000
  0.598036E+000  0.871352E-013  0.986450E+000
  0.598947E+000  0.576726E-013  0.986860E+000
  0.599858E+000  0.100296E-012  0.987270E+000
  0.600769E+000 -0.143149E-012  0.987680E+000
  0.601679E+000  0.622102E-013  0.988091E+000
  0.602590E+000 -0.141102E-013  0.988503E+000
  0.603500E+000  0.777520E-013  0.988915E+000
  0.604410E+000  0.399854E-013  0.989327E+000
  0.605319E+000 -0.398986E-015  0.989740E+000
  0.606229E+000 -0.256219E-013  0.990153E+000
  0.607138E+000  0.335565E-013  0.990566E+000
  0.608048E+000  0.223374E-010  0.990980E+000
  0.608957E+000 -0.250864E-012  0.991395E+000
  0.609865E+000  0.122402E-013  0.991809E+000
  0.610774E+000  0.117873E-012  0.992225E+000
  0.611682E+000  0.911077E-014  0.992640E+000
  0.612591E+000 -0.696648E-013  0.993056E+000
  0.613499E+000  0.665745E-012  0.993473E+000
  0.614407E+000  0.158092E-012  0.993889E+000
  0.615315E+000 -0.141893E-012  0.994307E+000
  0.616222E+000 -0.109610E-012  0.994724E+000
  0.617130E+000 -0.202371E-012  0.995142E+000
  0.618037E+000 -0.337171E-012  0.995561E+000
  0.618944E+000  0.883703E-013  0.995979E+000
  0.619851E+000  0.552301E-013  0.996399E+000
  0.620757E+000  0.930020E-013  0.996818E+000
  0.621664E+000  0.220284E-013  0.997238E+000
  0.622570E+000 -0.197359E-013  0.997659E+000
  0.623477E+000  0.655266E-013  0.998079E+000
  0.624383E+000 -0.898413E-014  0.998500E+000
  0.625288E+000 -0.241545E-012  0.998922E+000
  0.626194E+000  0.405327E-013  0.999344E+000
  0.627100E+000 -0.147105E-014  0.999766E+000
  0.628005E+000  0.116335E-012  0.100019E+001
  0.628910E+000  0.317711E-012  0.100061E+001
  0.629815E+000  0.278076E-013  0.100103E+001
  0.630720E+000  0.240218E-012  0.100146E+001
  0.631625E+000 -0.211236E-012  0.100188E+001
  0.632529E+000 -0.150188E-012  0.100231E+001
  0.633434E+000  0.197842E-012  0.100273E+001
  0.634338E+000  0.328880E-012  0.100316E+001
  0.635242E+000 -0.624769E-013  0.100358E+001
  0.636146E+000  0.171391E-014  0.100401E+001
  0.637050E+000  0.341361E-012  0.100443E+001
  0.637953E+000 -0.176373E-012  0.100486E+001
  0.638856E+000  0.108593E-011  0.100529E+001
  0.639760E+000  0.473233E-013  0.100572E+001
  0.640663E+000  0.847291E-013  0.100614E+001
  0.641566E+000  0.320624E-012  0.100657E+001
  0.642469E+000  0.673836E-013  0.100700E+001
  0.643371E+000 -0.860076E-014  0.100743E+001
  0.644274E+000  0.102748E-013  0.100786E+001
  0.645176E+000  0.467092E-013  0.100829E+001
  0.646078E+000  0.514510E-012  0.100872E+001
  0.646980E+000  0.398852E-012  0.100915E+001
  0.647882E+000  0.409551E-013  0.100958E+001
  0.648784E+000 -0.158779E-013  0.101001E+001
  0.649685E+000  0.196451E-010  0.101044E+001
  0.650587E+000 -0.311234E-012  0.101087E+001
  0.651488E+000 -0.265768E-013  0.101130E+001
  0.652389E+000 -0.377476E-014  0.101173E+001
  0.653290E+000 -0.616603E-013  0.101216E+001
  0.654191E+000 -0.375160E-013  0.101260E+001
  0.655091E+000  0.290092E-012  0.101303E+001
  0.655992E+000  0.923740E-014  0.101346E+001
  0.656892E+000  0.294740E-012  0.101390E+001
  0.657792E+000  0.129230E-012  0.101433E+001
  0.658692E+000 -0.159924E-012  0.101476E+001
  0.659592E+000 -0.795463E-012  0.101520E+001
  0.660492E+000  0.838548E-013  0.101563E+001
  0.661392E+000 -0.384224E-013  0.101607E+001
  0.662291E+000 -0.611256E-012  0.101650E+001
  0.663191E+000  0.514025E-013  0.101694E+001
  0.664090E+000  0.156734E-012  0.101738E+001
  0.664989E+000  0.130560E-012  0.101781E+001
  0.665888E+000 -0.200433E-012  0.101825E+001
  0.666787E+000 -0.951184E-013  0.101868E+001
  0.667685E+000  0.119718E-012  0.101912E+001
  0.668584E+000 -0.881448E-013  0.101956E+001
  0.669482E+000  0.217952E-012  0.102000E+001
  0.670380E+000 -0.709764E-012  0.102044E+001
  0.671278E+000  0.895221E-013  0.102087E+001
  0.672176E+000  0.580499E-013  0.102131E+001
  0.673074E+000 -0.514382E-012  0.102175E+001
  0.673972E+000 -0.242729E-012  0.102219E+001
  0.674869E+000  0.197121E-012  0.102263E+001
  0.675767E+000 -0.241951E-013  0.102307E+001
  0.676664E+000  0.570434E-012  0.102351E+001
  0.677561E+000 -0.754952E-014  0.102395E+001
  0.678458E+000 -0.110881E-011  0.102439E+001
  0.679355E+000  0.569289E-012  0.102483E+001
  0.680252E+000 -0.136544E-012  0.102527E+001
  0.681148E+000  0.114500E-012  0.102571E+001
  0.682045E+000 -0.134387E-011  0.102616E+001
  0.682941E+000 -0.128881E-013  0.102660E+001
  0.683837E+000 -0.468193E-012  0.102704E+001
  0.684733E+000  0.634562E-014  0.102748E+001
  0.685629E+000  0.436646E-012  0.102793E+001
  0.686525E+000  0.972746E-015  0.102837E+001
  0.687421E+000  0.327547E-012  0.102881E+001
  0.688316E+000  0.148583E-012  0.102926E+001
  0.689212E+000 -0.363373E-012  0.102970E+001
  0.690107E+000 -0.589737E-013  0.103014E+001
  0.691002E+000 -0.120334E-012  0.103059E+001
  0.691897E+000 -0.391271E-013  0.103103E+001
  0.692792E+000  0.378734E-013  0.103148E+001
  0.693687E+000  0.221145E-012  0.103192E+001
  0.694581E+000 -0.493710E-012  0.103237E+001
  0.695476E+000  0.177289E-012  0.103281E+001
  0.696370E+000 -0.259564E-012  0.103326E+001
  0.697265E+000  0.312510E-014  0.103371E+001
  0.698159E+000 -0.134454E-011  0.103415E+001
  0.699053E+000  0.812492E-013  0.103460E+001
  0.699947E+000 -0.741161E-013  0.103505E+001
  0.700840E+000 -0.906481E-012  0.103549E+001
  0.701734E+000  0.538441E-012  0.103594E+001
  0.702628E+000  0.320768E-013  0.103639E+001
  0.703521E+000  0.231135E-012  0.103684E+001
  0.704414E+000 -0.783465E-012  0.103729E+001
  0.705307E+000  0.515058E-012  0.103773E+001
  0.706201E+000 -0.160033E-012  0.103818E+001
  0.707093E+000  0.666264E-013  0.103863E+001
  0.707986E+000  0.287860E-013  0.103908E+001
  0.708879E+000  0.762002E-012  0.103953E+001
  0.709772E+000 -0.163976E-012  0.103998E+001
  0.710664E+000  0.118820E-011  0.104043E+001
  0.711556E+000  0.484004E-012  0.104088E+001
  0.712449E+000  0.362219E-012  0.104133E+001
  0.713341E+000 -0.343489E-012  0.104178E+001
  0.714233E+000  0.557541E-012  0.104223E+001
  0.715124E+000  0.263946E-012  0.104268E+001
  0.716016E+000  0.121461E-012  0.104313E+001
  0.716908E+000 -0.115884E-011  0.104359E+001
  0.717799E+000  0.122001E-011  0.104404E+001
  0.718691E+000  0.760076E-012  0.104449E+001
  0.719582E+000 -0.129560E-012  0.104494E+001
  0.720473E+000  0.523828E-012  0.104540E+001
  0.721364E+000  0.291784E-012  0.104585E+001
  0.722255E+000  0.136611E-012  0.104630E+001
  0.723146E+000  0.205520E-012  0.104675E+001
  0.724037E+000 -0.337574E-011  0.104721E+001
  0.724927E+000 -0.245460E-012  0.104766E+001
  0.725818E+000  0.588853E-012  0.104812E+001
  0.726708E+000 -0.150980E-011  0.104857E+001
  0.727598E+000 -0.182189E-011  0.104902E+001
  0.728489E+000 -0.247713E-011  0.104948E+001
  0.729379E+000 -0.328453E-012  0.104993E+001
  0.730269E+000 -0.906246E-012  0.105039E+001
  0.731158E+000  0.952936E-013  0.105084E+001
  0.732048E+000 -0.278513E-011  0.105130E+001
  0.732938E+000 -0.102316E-011  0.105175E+001
  0.733827E+000 -0.220259E-011  0.105221E+001
  0.734717E+000 -0.437216E-012  0.105267E+001
  0.735606E+000  0.121941E-011  0.105312E+001
  0.736495E+000 -0.429191E-012  0.105358E+001
  0.737384E+000 -0.390941E-012  0.105404E+001
  0.738273E+000  0.228385E-013  0.105449E+001
  0.739162E+000  0.138690E-012  0.105495E+001
  0.740051E+000 -0.130078E-011  0.105541E+001
  0.740939E+000 -0.240664E-011  0.105587E+001
  0.741828E+000  0.380498E-012  0.105632E+001
  0.742716E+000  0.159917E-011  0.105678E+001
  0.743605E+000 -0.228001E-011  0.105724E+001
  0.744493E+000  0.772566E-012  0.105770E+001
  0.745381E+000 -0.250262E-012  0.105816E+001
  0.746269E+000  0.128172E-012  0.105862E+001
  0.747157E+000  0.730305E-012  0.105907E+001
  0.748045E+000 -0.156680E-011  0.105953E+001
  0.748932E+000 -0.127294E-011  0.105999E+001
  0.749820E+000  0.345693E-012  0.106045E+001
  0.750707E+000  0.677697E-012  0.106091E+001
  0.751595E+000 -0.828596E-011  0.106137E+001
  0.752482E+000  0.469970E-012  0.106183E+001
  0.753369E+000  0.175578E-011  0.106229E+001
  0.754256E+000  0.891622E-012  0.106275E+001
  0.755143E+000  0.480168E-012  0.106322E+001
  0.756030E+000  0.274735E-011  0.106368E+001
  0.756917E+000  0.151280E-011  0.106414E+001
  0.757804E+000  0.246751E-011  0.106460E+001
  0.758690E+000 -0.109569E-011  0.106506E+001
  0.759577E+000 -0.890589E-012  0.106552E+001
  0.760463E+000  0.165727E-012  0.106598E+001
  0.761349E+000 -0.671702E-013  0.106645E+001
  0.762236E+000 -0.148275E-012  0.106691E+001
  0.763122E+000  0.229345E-011  0.106737E+001
  0.764008E+000 -0.353695E-012  0.106783E+001
  0.764894E+000  0.888830E-011  0.106830E+001
  0.765779E+000  0.292491E-011  0.106876E+001
  0.766665E+000  0.325622E-012  0.106922E+001
  0.767551E+000  0.122185E-011  0.106969E+001
  0.768436E+000  0.140037E-012  0.107015E+001
  0.769322E+000 -0.648166E-011  0.107062E+001
  0.770207E+000 -0.150221E-011  0.107108E+001
  0.771092E+000 -0.179507E-011  0.107154E+001
  0.771977E+000 -0.414593E-012  0.107201E+001
  0.772862E+000 -0.307556E-011  0.107247E+001
  0.773747E+000 -0.564502E-011  0.107294E+001
  0.774632E+000  0.736847E-012  0.107340E+001
  0.775517E+000  0.857834E-012  0.107387E+001
  0.776401E+000 -0.315711E-013  0.107433E+001
  0.777286E+000 -0.822426E-012  0.107480E+001
  0.778170E+000 -0.866846E-012  0.107527E+001
  0.779055E+000 -0.369592E-012  0.107573E+001
  0.779939E+000 -0.268721E-012  0.107620E+001
  0.780823E+000  0.761817E-012  0.107666E+001
  0.781707E+000 -0.100132E-011  0.107713E+001
  0.782591E+000  0.107431E-011  0.107760E+001
  0.783475E+000 -0.407660E-015  0.107806E+001
  0.784359E+000  0.173632E-012  0.107853E+001
  0.785243E+000 -0.137822E-012  0.107900E+001
  0.786126E+000 -0.977473E-014  0.107947E+001
  0.787010E+000 -0.217821E-011  0.107993E+001
  0.787893E+000 -0.475187E-012  0.108040E+001
  0.788777E+000  0.179967E-011  0.108087E+001
  0.789660E+000  0.927668E-012  0.108134E+001
  0.790543E+000  0.265354E-011  0.108181E+001
  0.791426E+000 -0.557564E-011  0.108227E+001
  0.792309E+000 -0.140610E-011  0.108274E+001
  0.793192E+000  0.579865E-012  0.108321E+001
  0.794075E+000 -0.304480E-012  0.108368E+001
  0.794958E+000  0.179835E-011  0.108415E+001
  0.795840E+000 -0.438133E-011  0.108462E+001
  0.796723E+000 -0.101433E-012  0.108509E+001
  0.797606E+000 -0.355857E-011  0.108556E+001
  0.798488E+000 -0.866269E-011  0.108603E+001
  0.799370E+000  0.347535E-013  0.108650E+001
  0.800252E+000  0.405397E-011  0.108697E+001
  0.801135E+000 -0.296270E-011  0.108744E+001
  0.802017E+000 -0.437846E-012  0.108791E+001
  0.802899E+000  0.219554E-012  0.108838E+001
  0.803781E+000  0.110231E-011  0.108885E+001
  0.804662E+000 -0.427322E-011  0.108932E+001
  0.805544E+000 -0.264764E-011  0.108979E+001
  0.806426E+000  0.331138E-012  0.109026E+001
  0.807307E+000  0.102352E-011  0.109073E+001
  0.808189E+000  0.636600E-012  0.109120E+001
  0.809070E+000  0.209761E-011  0.109168E+001
  0.809951E+000  0.241500E-012  0.109215E+001
  0.810833E+000 -0.255990E-012  0.109262E+001
  0.811714E+000 -0.154207E-011  0.109309E+001
  0.812595E+000 -0.560994E-012  0.109357E+001
  0.813476E+000 -0.616917E-011  0.109404E+001
  0.814357E+000  0.630768E-011  0.109451E+001
  0.815237E+000  0.826772E-012  0.109498E+001
  0.816118E+000 -0.128225E-011  0.109546E+001
  0.816999E+000 -0.442929E-011  0.109593E+001
  0.817879E+000 -0.160256E-011  0.109640E+001
  0.818760E+000 -0.704257E-012  0.109688E+001
  0.819640E+000  0.314476E-011  0.109735E+001
  0.820520E+000 -0.501531E-011  0.109782E+001
  0.821401E+000  0.199786E-012  0.109830E+001
  0.822281E+000  0.345139E-012  0.109877E+001
  0.823161E+000 -0.118299E-010  0.109925E+001
  0.824041E+000  0.951047E-012  0.109972E+001
  0.824921E+000 -0.220364E-011  0.110019E+001
  0.825801E+000  0.284354E-011  0.110067E+001
  0.826680E+000  0.111612E-011  0.110114E+001
  0.827560E+000 -0.925884E-011  0.110162E+001
  0.828440E+000 -0.101533E-011  0.110209E+001
  0.829319E+000 -0.496720E-011  0.110257E+001
  0.830199E+000  0.335686E-011  0.110304E+001
  0.831078E+000 -0.142363E-011  0.110352E+001
  0.831957E+000 -0.148732E-011  0.110399E+001
  0.832837E+000 -0.704971E-011  0.110447E+001
  0.833716E+000  0.954540E-012  0.110495E+001
  0.834595E+000  0.478572E-011  0.110542E+001
  0.835474E+000 -0.712231E-011  0.110590E+001
  0.836353E+000  0.504924E-011  0.110638E+001
  0.837231E+000 -0.119981E-011  0.110685E+001
  0.838110E+000 -0.107476E-010  0.110733E+001
  0.838989E+000 -0.375798E-012  0.110781E+001
  0.839867E+000  0.222723E-012  0.110828E+001
  0.840746E+000  0.163277E-011  0.110876E+001
  0.841624E+000  0.220601E-011  0.110924E+001
  0.842503E+000 -0.677123E-011  0.110971E+001
  0.843381E+000  0.169394E-011  0.111019E+001
  0.844259E+000  0.216392E-011  0.111067E+001
  0.845138E+000  0.304337E-011  0.111115E+001
  0.846016E+000  0.894761E-012  0.111162E+001
  0.846894E+000 -0.121538E-010  0.111210E+001
  0.847772E+000 -0.215377E-011  0.111258E+001
  0.848649E+000  0.289947E-011  0.111306E+001
  0.849527E+000 -0.121147E-010  0.111354E+001
  0.850405E+000  0.562221E-012  0.111402E+001
  0.851283E+000  0.399050E-012  0.111450E+001
  0.852160E+000 -0.245064E-011  0.111497E+001
  0.853038E+000 -0.494828E-012  0.111545E+001
  0.853915E+000 -0.239330E-011  0.111593E+001
  0.854792E+000 -0.376168E-013  0.111641E+001
  0.855670E+000  0.334946E-012  0.111689E+001
  0.856547E+000 -0.280609E-012  0.111737E+001
  0.857424E+000  0.125976E-012  0.111785E+001
  0.858301E+000  0.776431E-011  0.111833E+001
  0.859178E+000  0.266437E-012  0.111881E+001
  0.860055E+000 -0.583193E-012  0.111929E+001
  0.860932E+000 -0.114929E-011  0.111977E+001
  0.861809E+000  0.541248E-012  0.112025E+001
  0.862685E+000 -0.155730E-012  0.112073E+001
  0.863562E+000  0.695344E-011  0.112121E+001
  0.864439E+000  0.210242E-011  0.112169E+001
  0.865315E+000 -0.585705E-011  0.112217E+001
  0.866192E+000 -0.274605E-011  0.112265E+001
  0.867068E+000  0.464065E-011  0.112313E+001
  0.867944E+000  0.372454E-010  0.112362E+001
  0.868821E+000 -0.931258E-012  0.112410E+001
  0.869697E+000 -0.729774E-012  0.112458E+001
  0.870573E+000  0.923753E-011  0.112506E+001
  0.871449E+000  0.100185E-010  0.112554E+001
  0.872325E+000 -0.235875E-012  0.112602E+001
  0.873201E+000 -0.127306E-010  0.112651E+001
  0.874077E+000 -0.126855E-011  0.112699E+001
  0.874952E+000 -0.923811E-011  0.112747E+001
  0.875828E+000  0.111475E-011  0.112795E+001
  0.876704E+000  0.814328E-011  0.112843E+001
  0.877579E+000 -0.243331E-010  0.112892E+001
  0.878455E+000 -0.691266E-012  0.112940E+001
  0.879330E+000  0.133003E-011  0.112988E+001
  0.880206E+000 -0.748739E-011  0.113037E+001
  0.881081E+000 -0.704059E-012  0.113085E+001
  0.881956E+000  0.256914E-011  0.113133E+001
  0.882831E+000 -0.154286E-011  0.113182E+001
  0.883707E+000  0.131180E-010  0.113230E+001
  0.884582E+000 -0.349553E-011  0.113278E+001
  0.885457E+000  0.265909E-010  0.113327E+001
  0.886332E+000 -0.698007E-012  0.113375E+001
  0.887206E+000  0.615011E-012  0.113423E+001
  0.888081E+000  0.271579E-011  0.113472E+001
  0.888956E+000  0.106498E-010  0.113520E+001
  0.889831E+000  0.880124E-011  0.113569E+001
  0.890705E+000  0.389103E-011  0.113617E+001
  0.891580E+000  0.372875E-012  0.113665E+001
  0.892454E+000  0.101570E-011  0.113714E+001
  0.893329E+000  0.572550E-011  0.113762E+001
  0.894203E+000 -0.970260E-012  0.113811E+001
  0.895077E+000  0.124154E-010  0.113859E+001
  0.895952E+000 -0.138772E-011  0.113908E+001
  0.896826E+000  0.505587E-012  0.113956E+001
  0.897700E+000  0.533376E-011  0.114005E+001
  0.898574E+000  0.101212E-010  0.114053E+001
  0.899448E+000  0.744134E-012  0.114102E+001
  0.900322E+000  0.178829E-011  0.114151E+001
  0.901196E+000  0.455872E-011  0.114199E+001
  0.902070E+000 -0.193267E-011  0.114248E+001
  0.902943E+000  0.102210E-011  0.114296E+001
  0.903817E+000 -0.423306E-012  0.114345E+001
  0.904691E+000 -0.574053E-012  0.114393E+001
  0.905564E+000  0.389608E-012  0.114442E+001
  0.906438E+000  0.470623E-012  0.114491E+001
  0.907311E+000 -0.480739E-011  0.114539E+001
  0.908185E+000  0.633745E-011  0.114588E+001
  0.909058E+000 -0.156258E-010  0.114637E+001
  0.909931E+000 -0.100365E-010  0.114685E+001
  0.910804E+000  0.619588E-011  0.114734E+001
  0.911678E+000  0.606650E-011  0.114783E+001
  0.912551E+000  0.520942E-011  0.114831E+001
  0.913424E+000  0.261095E-012  0.114880E+001
  0.914297E+000  0.108530E-011  0.114929E+001
  0.915170E+000  0.209878E-010  0.114978E+001
  0.916042E+000  0.100235E-010  0.115026E+001
  0.916915E+000  0.997914E-012  0.115075E+001
  0.917788E+000 -0.948107E-012  0.115124E+001
  0.918661E+000 -0.530273E-010  0.115173E+001
  0.919533E+000  0.868821E-011  0.115222E+001
  0.920406E+000 -0.763486E-012  0.115270E+001
  0.921278E+000 -0.501782E-011  0.115319E+001
  0.922151E+000 -0.106143E-010  0.115368E+001
  0.923023E+000 -0.886797E-012  0.115417E+001
  0.923896E+000  0.995731E-012  0.115466E+001
  0.924768E+000 -0.192036E-011  0.115514E+001
  0.925640E+000 -0.190300E-011  0.115563E+001
  0.926512E+000  0.800941E-011  0.115612E+001
  0.927385E+000 -0.120357E-010  0.115661E+001
  0.928257E+000  0.149511E-010  0.115710E+001
  0.929129E+000  0.245507E-012  0.115759E+001
  0.930001E+000 -0.181514E-010  0.115808E+001
  0.930873E+000  0.101180E-013  0.115857E+001
  0.931744E+000 -0.445412E-011  0.115906E+001
  0.932616E+000 -0.449438E-011  0.115955E+001
  0.933488E+000 -0.483777E-011  0.116004E+001
  0.934360E+000  0.248641E-011  0.116053E+001
  0.935231E+000  0.250911E-011  0.116102E+001
  0.936103E+000  0.108247E-010  0.116151E+001
  0.936975E+000  0.357136E-011  0.116199E+001
  0.937846E+000  0.418955E-010  0.116248E+001
  0.938717E+000  0.457256E-013  0.116298E+001
  0.939589E+000 -0.388660E-010  0.116347E+001
  0.940460E+000 -0.190690E-010  0.116396E+001
  0.941331E+000 -0.821514E-011  0.116445E+001
  0.942203E+000  0.339335E-012  0.116494E+001
  0.943074E+000  0.831093E-011  0.116543E+001
  0.943945E+000  0.264161E-010  0.116592E+001
  0.944816E+000  0.287139E-011  0.116641E+001
  0.945687E+000 -0.122491E-010  0.116690E+001
  0.946558E+000  0.217253E-010  0.116739E+001
  0.947429E+000 -0.739874E-011  0.116788E+001
  0.948300E+000  0.214703E-011  0.116837E+001
  0.949171E+000 -0.592637E-011  0.116886E+001
  0.950041E+000 -0.360029E-010  0.116936E+001
  0.950912E+000  0.482969E-012  0.116985E+001
  0.951783E+000 -0.477902E-011  0.117034E+001
  0.952653E+000  0.655502E-011  0.117083E+001
  0.953524E+000  0.221323E-011  0.117132E+001
  0.954395E+000  0.555822E-011  0.117181E+001
  0.955265E+000  0.219549E-011  0.117230E+001
  0.956135E+000 -0.493488E-011  0.117280E+001
  0.957006E+000 -0.744088E-012  0.117329E+001
  0.957876E+000 -0.128547E-010  0.117378E+001
  0.958746E+000 -0.127818E-011  0.117427E+001
  0.959617E+000 -0.323255E-010  0.117477E+001
  0.960487E+000 -0.119521E-010  0.117526E+001
  0.961357E+000  0.147593E-010  0.117575E+001
  0.962227E+000 -0.381431E-010  0.117624E+001
  0.963097E+000 -0.107206E-010  0.117674E+001
  0.963967E+000  0.146033E-010  0.117723E+001
  0.964837E+000  0.132814E-011  0.117772E+001
  0.965707E+000 -0.115937E-010  0.117821E+001
  0.966577E+000 -0.407861E-011  0.117871E+001
  0.967446E+000 -0.616635E-010  0.117920E+001
  0.968316E+000 -0.878869E-011  0.117969E+001
  0.969186E+000  0.284472E-011  0.118019E+001
  0.970055E+000 -0.940479E-011  0.118068E+001
  0.970925E+000 -0.136229E-011  0.118117E+001
  0.971795E+000 -0.804994E-012  0.118167E+001
  0.972664E+000 -0.107113E-010  0.118216E+001
  0.973534E+000 -0.540038E-011  0.118265E+001
  0.974403E+000  0.158711E-011  0.118315E+001
  0.975272E+000 -0.286293E-012  0.118364E+001
  0.976142E+000 -0.222491E-012  0.118414E+001
  0.977011E+000 -0.108573E-010  0.118463E+001
  0.977880E+000 -0.217943E-010  0.118512E+001
  0.978749E+000  0.152315E-010  0.118562E+001
  0.979619E+000 -0.257525E-010  0.118611E+001
  0.980488E+000 -0.212797E-010  0.118661E+001
  0.981357E+000  0.168080E-010  0.118710E+001
  0.982226E+000 -0.175667E-010  0.118759E+001
  0.983095E+000 -0.361437E-010  0.118809E+001
  0.983964E+000  0.546795E-011  0.118858E+001
  0.984833E+000  0.218130E-011  0.118908E+001
  0.985701E+000 -0.677045E-011  0.118957E+001
  0.986570E+000 -0.948823E-011  0.119007E+001
  0.987439E+000 -0.335446E-010  0.119056E+001
  0.988308E+000 -0.816602E-012  0.119106E+001
  0.989176E+000 -0.547024E-011  0.119155E+001
  0.990045E+000 -0.204063E-010  0.119205E+001
  0.990913E+000 -0.539369E-011  0.119254E+001
  0.991782E+000 -0.818457E-011  0.119304E+001
  0.992650E+000  0.320484E-011  0.119353E+001
  0.993519E+000 -0.210529E-011  0.119403E+001
  0.994387E+000 -0.148491E-011  0.119453E+001
  0.995256E+000  0.285888E-010  0.119502E+001
  0.996124E+000  0.599393E-011  0.119552E+001
  0.996992E+000  0.108242E-010  0.119601E+001
  0.997861E+000  0.286248E-010  0.119651E+001
  0.998729E+000 -0.134368E-010  0.119700E+001
  0.999597E+000  0.113480E-010  0.119750E+001
  0.100047E+001 -0.188394E-011  0.119800E+001
  0.100133E+001 -0.285214E-011  0.119849E+001
  0.100220E+001 -0.879736E-011  0.119899E+001
  0.100307E+001 -0.625626E-010  0.119949E+001
  0.100394E+001  0.231990E-011  0.119998E+001
  0.100480E+001  0.608436E-011  0.120048E+001
  0.100567E+001  0.321986E-012  0.120097E+001
  0.100654E+001  0.367931E-010  0.120147E+001
  0.100741E+001  0.431943E-010  0.120197E+001
  0.100828E+001 -0.278257E-011  0.120246E+001
  0.100914E+001 -0.229475E-010  0.120296E+001
  0.101001E+001 -0.100719E-010  0.120346E+001
  0.101088E+001  0.109396E-010  0.120396E+001
  0.101175E+001  0.289889E-011  0.120445E+001
  0.101261E+001  0.156297E-009  0.120495E+001
  0.101348E+001  0.678161E-010  0.120545E+001
  0.101435E+001  0.815301E-010  0.120594E+001
  0.101522E+001  0.561785E-013  0.120644E+001
  0.101608E+001 -0.273384E-010  0.120694E+001
  0.101695E+001  0.253081E-011  0.120744E+001
  0.101782E+001  0.202139E-011  0.120793E+001
  0.101869E+001 -0.119301E-010  0.120843E+001
  0.101955E+001 -0.151928E-011  0.120893E+001
  0.102042E+001 -0.124676E-010  0.120943E+001
  0.102129E+001  0.321569E-010  0.120992E+001
  0.102215E+001 -0.594875E-010  0.121042E+001
  0.102302E+001 -0.184785E-010  0.121092E+001
  0.102389E+001  0.118193E-010  0.121142E+001
  0.102476E+001 -0.880769E-010  0.121192E+001
  0.102562E+001 -0.586371E-011  0.121241E+001
  0.102649E+001 -0.727548E-010  0.121291E+001
  0.102736E+001 -0.176831E-010  0.121341E+001
  0.102822E+001 -0.201813E-010  0.121391E+001
  0.102909E+001  0.554437E-011  0.121441E+001
  0.102996E+001 -0.293292E-010  0.121490E+001
  0.103082E+001  0.547041E-010  0.121540E+001
  0.103169E+001 -0.261175E-010  0.121590E+001
  0.103256E+001 -0.269799E-010  0.121640E+001
  0.103342E+001  0.150584E-010  0.121690E+001
  0.103429E+001 -0.636723E-010  0.121740E+001
  0.103516E+001 -0.475162E-010  0.121790E+001
  0.103602E+001  0.664989E-011  0.121840E+001
  0.103689E+001 -0.198791E-010  0.121889E+001
  0.103776E+001  0.200251E-011  0.121939E+001
  0.103862E+001 -0.302465E-010  0.121989E+001
  0.103949E+001 -0.150333E-010  0.122039E+001
  0.104036E+001  0.149461E-010  0.122089E+001
  0.104122E+001  0.119283E-010  0.122139E+001
  0.104209E+001 -0.827287E-011  0.122189E+001
  0.104296E+001  0.784292E-011  0.122239E+001
  0.104382E+001 -0.572867E-010  0.122289E+001
  0.104469E+001  0.550671E-010  0.122339E+001
  0.104555E+001  0.427889E-010  0.122389E+001
  0.104642E+001  0.363980E-010  0.122439E+001
  0.104729E+001 -0.556224E-010  0.122489E+001
  0.104815E+001 -0.505461E-010  0.122539E+001
  0.104902E+001 -0.304588E-010  0.122589E+001
  0.104988E+001  0.217787E-010  0.122639E+001
  0.105075E+001 -0.256258E-010  0.122689E+001
  0.105162E+001  0.115947E-011  0.122739E+001
  0.105248E+001 -0.224812E-010  0.122789E+001
  0.105335E+001 -0.408943E-010  0.122839E+001
  0.105421E+001 -0.370424E-010  0.122889E+001
  0.105508E+001 -0.276719E-010  0.122939E+001
  0.105595E+001  0.230378E-010  0.122989E+001
  0.105681E+001 -0.602613E-010  0.123039E+001
  0.105768E+001  0.102252E-009  0.123089E+001
  0.105854E+001 -0.106974E-009  0.123139E+001
  0.105941E+001  0.483503E-013  0.123189E+001
  0.106027E+001 -0.304349E-009  0.123239E+001
  0.106114E+001  0.632911E-010  0.123289E+001
  0.106200E+001  0.160265E-010  0.123339E+001
  0.106287E+001 -0.824434E-012  0.123389E+001
  0.106374E+001 -0.116875E-011  0.123439E+001
  0.106460E+001 -0.233215E-011  0.123489E+001
  0.106547E+001  0.497977E-011  0.123539E+001
  0.106633E+001 -0.621126E-011  0.123589E+001
  0.106720E+001  0.184896E-010  0.123639E+001
  0.106806E+001 -0.433813E-010  0.123689E+001
  0.106893E+001  0.440100E-010  0.123740E+001
  0.106979E+001  0.995955E-011  0.123790E+001
  0.107066E+001  0.107860E-009  0.123840E+001
  0.107152E+001  0.962277E-011  0.123890E+001
  0.107239E+001 -0.456064E-010  0.123940E+001
  0.107325E+001  0.703319E-011  0.123990E+001
  0.107412E+001 -0.257353E-009  0.124040E+001
  0.107498E+001 -0.160577E-010  0.124090E+001
  0.107585E+001  0.942623E-012  0.124141E+001
  0.107671E+001 -0.806573E-010  0.124191E+001
  0.107758E+001 -0.407527E-010  0.124241E+001
  0.107844E+001 -0.128175E-009  0.124291E+001
  0.107931E+001 -0.360750E-010  0.124341E+001
  0.108017E+001 -0.484545E-010  0.124391E+001
  0.108104E+001 -0.158594E-010  0.124442E+001
  0.108190E+001  0.668501E-011  0.124492E+001
  0.108277E+001  0.110253E-010  0.124542E+001
  0.108363E+001  0.927314E-013  0.124592E+001
  0.108450E+001 -0.570927E-010  0.124642E+001
  0.108536E+001 -0.848122E-012  0.124692E+001
  0.108623E+001  0.357012E-011  0.124743E+001
  0.108709E+001 -0.147435E-012  0.124793E+001
  0.108796E+001 -0.172711E-010  0.124843E+001
  0.108882E+001  0.627691E-010  0.124893E+001
  0.108969E+001  0.110545E-009  0.124944E+001
  0.109055E+001  0.198551E-010  0.124994E+001
  0.109142E+001  0.543253E-012  0.125044E+001
  0.109228E+001  0.262425E-010  0.125094E+001
  0.109314E+001  0.359565E-010  0.125144E+001
  0.109401E+001  0.346290E-013  0.125195E+001
  0.109487E+001 -0.312041E-010  0.125245E+001
  0.109574E+001  0.100966E-009  0.125295E+001
  0.109660E+001  0.342562E-010  0.125345E+001
  0.109747E+001 -0.305823E-013  0.125396E+001
  0.109833E+001 -0.106780E-009  0.125446E+001
  0.109920E+001 -0.411208E-010  0.125496E+001
  0.110006E+001  0.136083E-009  0.125547E+001
  0.110092E+001 -0.104049E-013  0.125597E+001
  0.110179E+001 -0.173550E-010  0.125647E+001
  0.110265E+001 -0.494654E-010  0.125697E+001
  0.110352E+001  0.511363E-010  0.125748E+001
  0.110438E+001 -0.725578E-013  0.125798E+001
  0.110525E+001  0.114291E-012  0.125848E+001
  0.110611E+001  0.217449E-012  0.125899E+001
  0.110697E+001 -0.602331E-013  0.125949E+001
  0.110784E+001 -0.110768E-012  0.125999E+001
  0.110870E+001 -0.164136E-012  0.126050E+001
  0.110957E+001  0.187464E-012  0.126100E+001
  0.111043E+001 -0.145280E-012  0.126150E+001
  0.111129E+001  0.638855E-013  0.126201E+001
  0.111216E+001 -0.136473E-012  0.126251E+001
  0.111302E+001  0.175256E-012  0.126301E+001
  0.111389E+001 -0.660535E-013  0.126352E+001
  0.111475E+001 -0.905556E-013  0.126402E+001
  0.111561E+001 -0.125859E-012  0.126452E+001
  0.111648E+001  0.109771E-012  0.126503E+001
  0.111734E+001  0.667101E-013  0.126553E+001
  0.111821E+001 -0.212246E-012  0.126603E+001
  0.111907E+001 -0.733571E-014  0.126654E+001
  0.111993E+001 -0.124973E-012  0.126704E+001
  0.112080E+001 -0.216780E-012  0.126754E+001
  0.112166E+001 -0.155709E-012  0.126805E+001
  0.112252E+001 -0.164116E-012  0.126855E+001
  0.112339E+001 -0.221928E-013  0.126906E+001
  0.112425E+001  0.105996E-012  0.126956E+001
  0.112512E+001  0.103254E-012  0.127006E+001
  0.112598E+001  0.877055E-013  0.127057E+001
  0.112684E+001 -0.494028E-013  0.127107E+001
  0.112771E+001 -0.165293E-012  0.127158E+001
  0.112857E+001  0.131610E-012  0.127208E+001
  0.112943E+001 -0.542960E-013  0.127258E+001
  0.113030E+001 -0.953682E-013  0.127309E+001
  0.113116E+001  0.113498E-012  0.127359E+001
  0.113202E+001  0.378152E-013  0.127410E+001
  0.113289E+001 -0.105682E-012  0.127460E+001
  0.113375E+001 -0.272707E-013  0.127511E+001
  0.113461E+001 -0.507424E-013  0.127561E+001
  0.113548E+001 -0.953877E-013  0.127611E+001
  0.113634E+001  0.828738E-013  0.127662E+001
  0.113720E+001  0.154219E-012  0.127712E+001
  0.113807E+001  0.680662E-013  0.127763E+001
  0.113893E+001  0.107856E-013  0.127813E+001
  0.113979E+001  0.263656E-013  0.127864E+001
  0.114066E+001  0.458474E-013  0.127914E+001
  0.114152E+001 -0.213536E-012  0.127965E+001
  0.114238E+001  0.150532E-012  0.128015E+001
  0.114325E+001  0.258589E-012  0.128066E+001
  0.114411E+001  0.585287E-013  0.128116E+001
  0.114497E+001  0.725600E-013  0.128167E+001
  0.114584E+001 -0.395760E-013  0.128217E+001
  0.114670E+001 -0.154926E-012  0.128267E+001
  0.114756E+001 -0.144584E-012  0.128318E+001
  0.114843E+001 -0.364153E-013  0.128368E+001
  0.114929E+001 -0.447446E-013  0.128419E+001
  0.115015E+001  0.552561E-013  0.128469E+001
  0.115101E+001 -0.669274E-013  0.128520E+001
  0.115188E+001 -0.145742E-012  0.128570E+001
  0.115274E+001  0.125122E-012  0.128621E+001
  0.115360E+001  0.107793E-012  0.128671E+001
  0.115447E+001  0.507476E-013  0.128722E+001
  0.115533E+001  0.330031E-013  0.128772E+001
  0.115619E+001 -0.138518E-014  0.128823E+001
  0.115706E+001  0.339399E-014  0.128874E+001
  0.115792E+001  0.168494E-013  0.128924E+001
  0.115878E+001  0.126895E-014  0.128975E+001
  0.115964E+001 -0.123521E-012  0.129025E+001
  0.116051E+001 -0.815173E-013  0.129076E+001
  0.116137E+001 -0.793116E-014  0.129126E+001
  0.116223E+001 -0.697957E-013  0.129177E+001
  0.116310E+001  0.610935E-013  0.129227E+001
  0.116396E+001 -0.552778E-013  0.129278E+001
  0.116482E+001 -0.120726E-012  0.129328E+001
  0.116568E+001  0.174377E-012  0.129379E+001
  0.116655E+001  0.177809E-014  0.129429E+001
  0.116741E+001  0.159207E-012  0.129480E+001
  0.116827E+001  0.468748E-013  0.129531E+001
  0.116913E+001 -0.312719E-013  0.129581E+001
  0.117000E+001  0.141534E-012  0.129632E+001
  0.117086E+001 -0.824740E-013  0.129682E+001
  0.117172E+001  0.124006E-012  0.129733E+001
  0.117259E+001 -0.200881E-014  0.129783E+001
  0.117345E+001  0.155353E-013  0.129834E+001
  0.117431E+001  0.500459E-013  0.129885E+001
  0.117517E+001  0.275899E-013  0.129935E+001
  0.117604E+001 -0.822025E-013  0.129986E+001
  0.117690E+001 -0.120604E-012  0.130036E+001
  0.117776E+001 -0.134234E-012  0.130087E+001
  0.117862E+001 -0.874960E-013  0.130137E+001
  0.117949E+001 -0.766973E-013  0.130188E+001
  0.118035E+001  0.160926E-012  0.130239E+001
  0.118121E+001 -0.328990E-013  0.130289E+001
  0.118207E+001  0.910470E-014  0.130340E+001
  0.118294E+001  0.144024E-012  0.130390E+001
  0.118380E+001 -0.149501E-012  0.130441E+001
  0.118466E+001 -0.127997E-012  0.130492E+001
  0.118552E+001  0.710482E-013  0.130542E+001
  0.118639E+001 -0.203039E-012  0.130593E+001
  0.118725E+001  0.997874E-013  0.130643E+001
  0.118811E+001  0.636696E-013  0.130694E+001
  0.118897E+001 -0.219805E-012  0.130745E+001
  0.118984E+001  0.882332E-013  0.130795E+001
  0.119070E+001 -0.186639E-012  0.130846E+001
  0.119156E+001  0.136184E-012  0.130897E+001
  0.119242E+001 -0.855462E-013  0.130947E+001
  0.119328E+001 -0.116553E-012  0.130998E+001
  0.119415E+001 -0.413395E-012  0.131048E+001
  0.119501E+001 -0.127984E-012  0.131099E+001
  0.119587E+001  0.779394E-013  0.131150E+001
  0.119673E+001 -0.112717E-012  0.131200E+001
  0.119760E+001 -0.443265E-013  0.131251E+001
  0.119846E+001 -0.301894E-013  0.131302E+001
  0.119932E+001  0.295432E-013  0.131352E+001
  0.120018E+001 -0.255213E-012  0.131403E+001
  0.120105E+001  0.792335E-014  0.131454E+001
  0.120191E+001  0.568460E-013  0.131504E+001
  0.120277E+001  0.238410E-012  0.131555E+001
  0.120363E+001 -0.429361E-013  0.131606E+001
  0.120449E+001 -0.770365E-013  0.131656E+001
  0.120536E+001 -0.114814E-012  0.131707E+001
  0.120622E+001 -0.131607E-012  0.131757E+001
  0.120708E+001  0.929075E-013  0.131808E+001
  0.120794E+001  0.108273E-013  0.131859E+001
  0.120880E+001 -0.603562E-013  0.131909E+001
  0.120967E+001  0.933628E-014  0.131960E+001
  0.121053E+001  0.881560E-013  0.132011E+001
  0.121139E+001  0.865827E-013  0.132061E+001
  0.121225E+001 -0.426222E-013  0.132112E+001
  0.121312E+001 -0.278484E-013  0.132163E+001
  0.121398E+001  0.206220E-012  0.132213E+001
  0.121484E+001  0.385551E-013  0.132264E+001
  0.121570E+001  0.354515E-012  0.132315E+001
  0.121656E+001 -0.631136E-013  0.132366E+001
  0.121743E+001  0.364448E-013  0.132416E+001
  0.121829E+001 -0.159274E-013  0.132467E+001
  0.121915E+001  0.253993E-012  0.132518E+001
  0.122001E+001 -0.290854E-012  0.132568E+001
  0.122087E+001  0.219293E-012  0.132619E+001
  0.122174E+001  0.352629E-012  0.132670E+001
  0.122260E+001  0.729278E-014  0.132720E+001
  0.122346E+001  0.213076E-013  0.132771E+001
  0.122432E+001 -0.867240E-013  0.132822E+001
  0.122518E+001 -0.150342E-012  0.132872E+001
  0.122605E+001 -0.259012E-013  0.132923E+001
  0.122691E+001 -0.894822E-013  0.132974E+001
  0.122777E+001 -0.194610E-012  0.133024E+001
  0.122863E+001 -0.260852E-012  0.133075E+001
  0.122949E+001 -0.401127E-012  0.133126E+001
  0.123035E+001  0.494223E-014  0.133177E+001
  0.123122E+001 -0.192932E-012  0.133227E+001
  0.123208E+001 -0.204455E-012  0.133278E+001
  0.123294E+001  0.303110E-012  0.133329E+001
  0.123380E+001  0.123023E-012  0.133379E+001
  0.123466E+001  0.344325E-013  0.133430E+001
  0.123553E+001 -0.262413E-012  0.133481E+001
  0.123639E+001  0.157933E-012  0.133532E+001
  0.123725E+001  0.203622E-012  0.133582E+001
  0.123811E+001  0.326723E-012  0.133633E+001
  0.123897E+001  0.167134E-012  0.133684E+001
  0.123984E+001 -0.257410E-012  0.133734E+001
  0.124070E+001  0.626148E-013  0.133785E+001
  0.124156E+001 -0.243052E-013  0.133836E+001
  0.124242E+001  0.612860E-013  0.133887E+001
  0.124328E+001  0.516930E-013  0.133937E+001
  0.124414E+001 -0.478732E-013  0.133988E+001
  0.124501E+001  0.202895E-012  0.134039E+001
  0.124587E+001  0.160229E-012  0.134089E+001
  0.124673E+001 -0.652759E-013  0.134140E+001
  0.124759E+001 -0.943013E-013  0.134191E+001
  0.124845E+001 -0.213995E-013  0.134242E+001
  0.124932E+001 -0.148957E-012  0.134292E+001
  0.125018E+001 -0.901432E-013  0.134343E+001
  0.125104E+001 -0.300994E-012  0.134394E+001
  0.125190E+001  0.215036E-013  0.134444E+001
  0.125276E+001 -0.232552E-012  0.134495E+001
  0.125362E+001  0.186514E-012  0.134546E+001
  0.125449E+001 -0.164917E-012  0.134597E+001
  0.125535E+001 -0.120492E-012  0.134647E+001
  0.125621E+001 -0.212216E-012  0.134698E+001
  0.125707E+001 -0.260521E-013  0.134749E+001
  0.125793E+001  0.511136E-013  0.134800E+001
  0.125879E+001  0.785032E-013  0.134850E+001
  0.125966E+001 -0.237241E-013  0.134901E+001
  0.126052E+001  0.136193E-012  0.134952E+001
  0.126138E+001  0.124362E-013  0.135003E+001
  0.126224E+001  0.144032E-012  0.135053E+001
  0.126310E+001 -0.126288E-013  0.135104E+001
  0.126396E+001  0.927210E-014  0.135155E+001
  0.126483E+001 -0.745411E-014  0.135205E+001
  0.126569E+001  0.688165E-013  0.135256E+001
  0.126655E+001  0.850535E-014  0.135307E+001
  0.126741E+001 -0.111976E-013  0.135358E+001
  0.126827E+001 -0.129849E-012  0.135408E+001
  0.126914E+001 -0.125545E-012  0.135459E+001
  0.127000E+001 -0.206708E-012  0.135510E+001
  0.127086E+001  0.128510E-012  0.135561E+001
  0.127172E+001  0.451028E-014  0.135611E+001
  0.127258E+001 -0.186556E-012  0.135662E+001
  0.127344E+001  0.336280E-012  0.135713E+001
  0.127431E+001 -0.428074E-012  0.135764E+001
  0.127517E+001  0.787252E-013  0.135814E+001
  0.127603E+001 -0.682961E-013  0.135865E+001
  0.127689E+001  0.885195E-013  0.135916E+001
  0.127775E+001 -0.367602E-012  0.135967E+001
  0.127861E+001  0.312628E-012  0.136017E+001
  0.127948E+001 -0.135482E-012  0.136068E+001
  0.128034E+001  0.360684E-013  0.136119E+001
  0.128120E+001 -0.432640E-013  0.136170E+001
  0.128206E+001  0.162818E-012  0.136220E+001
  0.128292E+001 -0.653817E-013  0.136271E+001
  0.128378E+001 -0.292683E-013  0.136322E+001
  0.128465E+001 -0.831592E-013  0.136373E+001
  0.128551E+001 -0.409027E-012  0.136423E+001
  0.128637E+001  0.555042E-013  0.136474E+001
  0.128723E+001  0.927140E-013  0.136525E+001
  0.128809E+001 -0.274086E-013  0.136576E+001
  0.128895E+001  0.140773E-012  0.136626E+001
  0.128982E+001 -0.266044E-012  0.136677E+001
  0.129068E+001  0.216504E-012  0.136728E+001
  0.129154E+001  0.967212E-013  0.136779E+001
  0.129240E+001  0.146355E-012  0.136829E+001
  0.129326E+001  0.171422E-012  0.136880E+001
  0.129412E+001 -0.563161E-013  0.136931E+001
  0.129499E+001 -0.564687E-013  0.136982E+001
  0.129585E+001 -0.351802E-013  0.137032E+001
  0.129671E+001  0.171720E-012  0.137083E+001
  0.129757E+001  0.278465E-012  0.137134E+001
  0.129843E+001 -0.300454E-013  0.137185E+001
  0.129929E+001 -0.823161E-013  0.137235E+001
  0.130016E+001  0.708981E-013  0.137286E+001
  0.130102E+001 -0.165874E-013  0.137337E+001
  0.130188E+001 -0.123436E-012  0.137387E+001
  0.130274E+001  0.676091E-013  0.137438E+001
  0.130360E+001 -0.597473E-013  0.137489E+001
  0.130446E+001 -0.691773E-013  0.137540E+001
  0.130533E+001  0.196530E-012  0.137590E+001
  0.130619E+001 -0.571695E-013  0.137641E+001
  0.130705E+001  0.755090E-013  0.137692E+001
  0.130791E+001  0.389425E-012  0.137743E+001
  0.130877E+001  0.225479E-013  0.137793E+001
  0.130963E+001  0.297238E-012  0.137844E+001
  0.131050E+001 -0.949935E-013  0.137895E+001
  0.131136E+001  0.212608E-013  0.137946E+001
  0.131222E+001  0.111675E-012  0.137996E+001
  0.131308E+001  0.686742E-013  0.138047E+001
  0.131394E+001  0.194733E-012  0.138098E+001
  0.131480E+001 -0.198133E-012  0.138149E+001
  0.131567E+001  0.159470E-012  0.138199E+001
  0.131653E+001  0.171752E-012  0.138250E+001
  0.131739E+001  0.802552E-013  0.138301E+001
  0.131825E+001 -0.482135E-012  0.138352E+001
  0.131911E+001  0.382125E-013  0.138402E+001
  0.131997E+001 -0.322943E-012  0.138453E+001
  0.132084E+001 -0.100260E-012  0.138504E+001
  0.132170E+001 -0.158769E-012  0.138555E+001
  0.132256E+001  0.148270E-012  0.138605E+001
  0.132342E+001  0.457967E-014  0.138656E+001
  0.132428E+001 -0.249800E-015  0.138707E+001
  0.132515E+001 -0.204038E-012  0.138757E+001
  0.132601E+001 -0.140894E-012  0.138808E+001
  0.132687E+001  0.902750E-013  0.138859E+001
  0.132773E+001  0.162641E-012  0.138910E+001
  0.132859E+001 -0.142511E-012  0.138960E+001
  0.132945E+001  0.310994E-012  0.139011E+001
  0.133032E+001  0.275273E-012  0.139062E+001
  0.133118E+001  0.340353E-013  0.139113E+001
  0.133204E+001  0.723102E-013  0.139163E+001
  0.133290E+001  0.329202E-012  0.139214E+001
  0.133376E+001  0.849668E-013  0.139265E+001
  0.133463E+001 -0.244360E-012  0.139315E+001
  0.133549E+001 -0.256288E-012  0.139366E+001
  0.133635E+001  0.216493E-013  0.139417E+001
  0.133721E+001  0.156861E-012  0.139468E+001
  0.133807E+001 -0.435069E-012  0.139518E+001
  0.133893E+001 -0.169406E-012  0.139569E+001
  0.133980E+001 -0.525691E-013  0.139620E+001
  0.134066E+001 -0.176206E-012  0.139671E+001
  0.134152E+001  0.103181E-012  0.139721E+001
  0.134238E+001 -0.587030E-013  0.139772E+001
  0.134324E+001 -0.322117E-012  0.139823E+001
  0.134411E+001 -0.728168E-013  0.139873E+001
  0.134497E+001 -0.103195E-012  0.139924E+001
  0.134583E+001 -0.295750E-012  0.139975E+001
  0.134669E+001 -0.149172E-012  0.140026E+001
  0.134755E+001 -0.272699E-013  0.140076E+001
  0.134842E+001  0.425215E-012  0.140127E+001
  0.134928E+001  0.335426E-013  0.140178E+001
  0.135014E+001 -0.350484E-012  0.140228E+001
  0.135100E+001 -0.146716E-012  0.140279E+001
  0.135186E+001  0.154043E-012  0.140330E+001
  0.135272E+001 -0.181521E-012  0.140380E+001
  0.135359E+001 -0.161815E-012  0.140431E+001
  0.135445E+001 -0.115755E-012  0.140482E+001
  0.135531E+001  0.245609E-012  0.140533E+001
  0.135617E+001  0.307532E-013  0.140583E+001
  0.135703E+001  0.136086E-012  0.140634E+001
  0.135790E+001 -0.422162E-013  0.140685E+001
  0.135876E+001  0.505429E-013  0.140735E+001
  0.135962E+001  0.197509E-012  0.140786E+001
  0.136048E+001  0.204559E-013  0.140837E+001
  0.136135E+001 -0.137668E-013  0.140887E+001
  0.136221E+001 -0.295042E-013  0.140938E+001
  0.136307E+001  0.375255E-012  0.140989E+001
  0.136393E+001  0.140638E-012  0.141039E+001
  0.136479E+001  0.267619E-012  0.141090E+001
  0.136566E+001 -0.314665E-012  0.141141E+001
  0.136652E+001  0.345057E-012  0.141191E+001
  0.136738E+001  0.346972E-012  0.141242E+001
  0.136824E+001 -0.566491E-013  0.141293E+001
  0.136910E+001  0.108247E-013  0.141344E+001
  0.136997E+001 -0.840439E-013  0.141394E+001
  0.137083E+001  0.696665E-013  0.141445E+001
  0.137169E+001  0.499600E-013  0.141496E+001
  0.137255E+001  0.170419E-013  0.141546E+001
  0.137341E+001  0.164257E-012  0.141597E+001
  0.137428E+001 -0.106193E-012  0.141648E+001
  0.137514E+001 -0.147715E-012  0.141698E+001
  0.137600E+001 -0.317968E-012  0.141749E+001
  0.137686E+001 -0.943690E-015  0.141800E+001
  0.137773E+001 -0.205502E-012  0.141850E+001
  0.137859E+001 -0.137002E-012  0.141901E+001
  0.137945E+001  0.169642E-012  0.141951E+001
  0.138031E+001  0.149880E-013  0.142002E+001
  0.138117E+001  0.247358E-012  0.142053E+001
  0.138204E+001 -0.407452E-013  0.142103E+001
  0.138290E+001 -0.144107E-012  0.142154E+001
  0.138376E+001 -0.256128E-012  0.142205E+001
  0.138462E+001  0.167755E-012  0.142255E+001
  0.138549E+001 -0.377476E-014  0.142306E+001
  0.138635E+001 -0.163203E-012  0.142357E+001
  0.138721E+001 -0.319522E-012  0.142407E+001
  0.138807E+001 -0.113243E-012  0.142458E+001
  0.138894E+001  0.892619E-013  0.142509E+001
  0.138980E+001 -0.109246E-012  0.142559E+001
  0.139066E+001 -0.790479E-013  0.142610E+001
  0.139152E+001 -0.180300E-012  0.142660E+001
  0.139239E+001  0.577316E-014  0.142711E+001
  0.139325E+001 -0.115463E-012  0.142762E+001
  0.139411E+001  0.346390E-013  0.142812E+001
  0.139497E+001 -0.366818E-012  0.142863E+001
  0.139584E+001 -0.932587E-013  0.142914E+001
  0.139670E+001  0.278888E-012  0.142964E+001
  0.139756E+001 -0.248690E-012  0.143015E+001
  0.139842E+001  0.799361E-013  0.143065E+001
  0.139929E+001 -0.106581E-013  0.143116E+001
  0.140015E+001 -0.603961E-013  0.143167E+001
  0.140101E+001 -0.248690E-012  0.143217E+001
  0.140187E+001  0.106581E-012  0.143268E+001
  0.140274E+001 -0.817124E-013  0.143318E+001
  0.140360E+001  0.515143E-012  0.143369E+001
  0.140446E+001  0.373035E-013  0.143420E+001
  0.140532E+001 -0.621725E-013  0.143470E+001
  0.140619E+001  0.266454E-013  0.143521E+001
  0.140705E+001  0.303757E-012  0.143571E+001
  0.140791E+001 -0.648370E-013  0.143622E+001
  0.140877E+001  0.142109E-013  0.143673E+001
  0.140964E+001  0.117240E-012  0.143723E+001
  0.141050E+001  0.497380E-013  0.143774E+001
  0.141136E+001  0.586198E-013  0.143824E+001
  0.141222E+001  0.305533E-012  0.143875E+001
  0.141309E+001  0.202505E-012  0.143926E+001
  0.141395E+001 -0.417444E-013  0.143976E+001
  0.141481E+001  0.479616E-013  0.144027E+001
  0.141568E+001 -0.172307E-012  0.144077E+001
  0.141654E+001 -0.245137E-012  0.144128E+001
  0.141740E+001  0.284217E-013  0.144178E+001
  0.141826E+001  0.130562E-012  0.144229E+001
  0.141913E+001  0.139000E-012  0.144279E+001
  0.141999E+001  0.146549E-013  0.144330E+001
  0.142085E+001  0.364597E-012  0.144381E+001
  0.142172E+001 -0.453415E-012  0.144431E+001
  0.142258E+001 -0.814904E-013  0.144482E+001
  0.142344E+001 -0.877076E-013  0.144532E+001
  0.142430E+001 -0.333067E-014  0.144583E+001
  0.142517E+001 -0.885958E-013  0.144633E+001
  0.142603E+001 -0.118239E-012  0.144684E+001
  0.142689E+001 -0.442979E-013  0.144734E+001
  0.142776E+001 -0.385247E-013  0.144785E+001
  0.142862E+001  0.549560E-013  0.144835E+001
  0.142948E+001  0.188738E-013  0.144886E+001
  0.143035E+001 -0.374145E-013  0.144936E+001
  0.143121E+001  0.575096E-013  0.144987E+001
  0.143207E+001 -0.439981E-012  0.145038E+001
  0.143293E+001  0.818234E-013  0.145088E+001
  0.143380E+001  0.580647E-013  0.145139E+001
  0.143466E+001  0.357381E-012  0.145189E+001
  0.143552E+001  0.325351E-012  0.145240E+001
  0.143639E+001  0.572764E-012  0.145290E+001
  0.143725E+001  0.318023E-012  0.145341E+001
  0.143811E+001 -0.155986E-012  0.145391E+001
  0.143898E+001  0.143552E-012  0.145442E+001
  0.143984E+001  0.113298E-012  0.145492E+001
  0.144070E+001  0.109690E-012  0.145543E+001
  0.144157E+001 -0.209222E-012  0.145593E+001
  0.144243E+001 -0.138223E-012  0.145644E+001
  0.144329E+001 -0.213607E-012  0.145694E+001
  0.144416E+001  0.249911E-012  0.145744E+001
  0.144502E+001  0.960343E-013  0.145795E+001
  0.144588E+001  0.119293E-012  0.145845E+001
  0.144675E+001 -0.119987E-012  0.145896E+001
  0.144761E+001  0.463518E-014  0.145946E+001
  0.144847E+001 -0.766054E-014  0.145997E+001
  0.144934E+001 -0.202643E-012  0.146047E+001
  0.145020E+001 -0.368927E-012  0.146098E+001
  0.145106E+001 -0.227235E-012  0.146148E+001
  0.145193E+001 -0.146105E-012  0.146199E+001
  0.145279E+001 -0.152711E-012  0.146249E+001
  0.145365E+001  0.328737E-012  0.146300E+001
  0.145452E+001 -0.952016E-014  0.146350E+001
  0.145538E+001  0.281830E-012  0.146400E+001
  0.145624E+001 -0.676098E-012  0.146451E+001
  0.145711E+001 -0.196815E-012  0.146501E+001
  0.145797E+001  0.353273E-012  0.146552E+001
  0.145884E+001  0.294209E-012  0.146602E+001
  0.145970E+001 -0.144787E-012  0.146653E+001
  0.146056E+001  0.884293E-013  0.146703E+001
  0.146143E+001 -0.988376E-013  0.146753E+001
  0.146229E+001 -0.212538E-012  0.146804E+001
  0.146315E+001  0.508774E-012  0.146854E+001
  0.146402E+001  0.299621E-012  0.146905E+001
  0.146488E+001 -0.311237E-012  0.146955E+001
  0.146574E+001  0.391659E-012  0.147005E+001
  0.146661E+001 -0.719563E-013  0.147056E+001
  0.146747E+001 -0.680012E-014  0.147106E+001
  0.146834E+001 -0.214467E-012  0.147157E+001
  0.146920E+001  0.836831E-014  0.147207E+001
  0.147006E+001  0.127690E-012  0.147257E+001
  0.147093E+001 -0.825451E-013  0.147308E+001
  0.147179E+001  0.616257E-012  0.147358E+001
  0.147266E+001  0.148437E-012  0.147409E+001
  0.147352E+001 -0.101183E-012  0.147459E+001
  0.147438E+001 -0.336398E-013  0.147509E+001
  0.147525E+001  0.461076E-012  0.147560E+001
  0.147611E+001 -0.737604E-013  0.147610E+001
  0.147698E+001 -0.208153E-012  0.147660E+001
  0.147784E+001 -0.324046E-013  0.147711E+001
  0.147870E+001 -0.801442E-013  0.147761E+001
  0.147957E+001 -0.187877E-012  0.147811E+001
  0.148043E+001 -0.380043E-012  0.147862E+001
  0.148130E+001  0.836969E-013  0.147912E+001
  0.148216E+001 -0.127384E-012  0.147962E+001
  0.148302E+001  0.336065E-012  0.148013E+001
  0.148389E+001  0.123075E-012  0.148063E+001
  0.148475E+001  0.207077E-012  0.148113E+001
  0.148562E+001 -0.394546E-013  0.148164E+001
  0.148648E+001  0.748360E-013  0.148214E+001
  0.148735E+001  0.114249E-012  0.148264E+001
  0.148821E+001 -0.188689E-012  0.148315E+001
  0.148907E+001 -0.826839E-013  0.148365E+001
  0.148994E+001  0.391465E-012  0.148415E+001
  0.149080E+001 -0.119349E-013  0.148466E+001
  0.149167E+001 -0.195455E-012  0.148516E+001
  0.149253E+001 -0.142442E-012  0.148566E+001
  0.149340E+001 -0.247594E-012  0.148616E+001
  0.149426E+001 -0.655032E-013  0.148667E+001
  0.149513E+001 -0.679110E-013  0.148717E+001
  0.149599E+001 -0.338465E-012  0.148767E+001
  0.149685E+001  0.592970E-012  0.148818E+001
  0.149772E+001  0.374444E-012  0.148868E+001
  0.149858E+001 -0.672601E-012  0.148918E+001
  0.149945E+001  0.627623E-012  0.148968E+001
  0.150031E+001 -0.210942E-013  0.149019E+001
  0.150118E+001 -0.126683E-012  0.149069E+001
  0.150204E+001  0.343510E-012  0.149119E+001
  0.150291E+001  0.256621E-012  0.149169E+001
  0.150377E+001  0.851333E-013  0.149220E+001
  0.150464E+001 -0.181140E-012  0.149270E+001
  0.150550E+001 -0.426603E-012  0.149320E+001
  0.150637E+001 -0.289380E-012  0.149370E+001
  0.150723E+001  0.253346E-012  0.149421E+001
  0.150810E+001  0.185761E-012  0.149471E+001
  0.150896E+001 -0.346875E-012  0.149521E+001
  0.150983E+001 -0.575512E-012  0.149571E+001
  0.151069E+001  0.203310E-013  0.149621E+001
  0.151155E+001  0.193852E-012  0.149672E+001
  0.151242E+001 -0.382257E-012  0.149722E+001
  0.151328E+001  0.234195E-012  0.149772E+001
  0.151415E+001 -0.102487E-013  0.149822E+001
  0.151501E+001 -0.230281E-012  0.149872E+001
  0.151588E+001  0.304659E-012  0.149923E+001
  0.151675E+001 -0.278527E-013  0.149973E+001
  0.151761E+001  0.189723E-012  0.150023E+001
