  0.474750E-002  0.642302E-001  0.215325E+001
  0.849500E-002  0.103535E-001  0.193973E+000
  0.849500E-002  0.875554E-001  0.164036E+001
  0.122425E-001  0.149213E-001  0.193980E+000
  0.122425E-001  0.107029E+000  0.139139E+001
  0.159900E-001  0.194897E-001  0.193989E+000
  0.159900E-001  0.124459E+000  0.123879E+001
  0.197375E-001  0.240589E-001  0.194001E+000
  0.197375E-001  0.140592E+000  0.113368E+001
  0.234850E-001  0.286290E-001  0.194015E+000
  0.234850E-001  0.155815E+000  0.105594E+001
  0.272325E-001  0.332002E-001  0.194032E+000
  0.272325E-001  0.170354E+000  0.995603E+000
  0.309800E-001  0.377727E-001  0.194051E+000
  0.309800E-001  0.184353E+000  0.947087E+000
  0.347275E-001  0.423465E-001  0.194073E+000
  0.347275E-001  0.197910E+000  0.907013E+000
  0.384750E-001  0.469221E-001  0.194097E+000
  0.384750E-001  0.211092E+000  0.873199E+000
  0.422225E-001  0.514995E-001  0.194124E+000
  0.422225E-001  0.223951E+000  0.844167E+000
  0.459700E-001  0.560790E-001  0.194154E+000
  0.459700E-001  0.236524E+000  0.818882E+000
  0.497175E-001  0.606606E-001  0.194186E+000
  0.497175E-001  0.248843E+000  0.796593E+000
  0.534650E-001  0.652446E-001  0.194220E+000
  0.534650E-001  0.260931E+000  0.776741E+000
  0.572125E-001  0.698311E-001  0.194258E+000
  0.572125E-001  0.272808E+000  0.758902E+000
  0.609600E-001  0.744206E-001  0.194298E+000
  0.609600E-001  0.284490E+000  0.742750E+000
  0.647075E-001  0.790130E-001  0.194341E+000
  0.647075E-001  0.295993E+000  0.728025E+000
  0.684550E-001  0.836086E-001  0.194386E+000
  0.684550E-001  0.307327E+000  0.714523E+000
  0.722025E-001  0.882076E-001  0.194435E+000
  0.722025E-001  0.318506E+000  0.702078E+000
  0.759500E-001  0.928103E-001  0.194486E+000
  0.759500E-001  0.329537E+000  0.690553E+000
  0.796975E-001  0.974169E-001  0.194540E+000
  0.796975E-001  0.340431E+000  0.679836E+000
  0.834450E-001  0.102027E+000  0.194597E+000
  0.834450E-001  0.351194E+000  0.669833E+000
  0.871925E-001  0.106642E+000  0.194657E+000
  0.871925E-001  0.361834E+000  0.660466E+000
  0.909400E-001  0.111262E+000  0.194720E+000
  0.909400E-001  0.372358E+000  0.651668E+000
  0.946875E-001  0.115886E+000  0.194787E+000
  0.946875E-001  0.382773E+000  0.643382E+000
  0.984350E-001  0.120516E+000  0.194856E+000
  0.984350E-001  0.393083E+000  0.635558E+000
  0.102183E+000  0.125151E+000  0.194929E+000
  0.102183E+000  0.403295E+000  0.628154E+000
  0.105930E+000  0.129791E+000  0.195005E+000
  0.105930E+000  0.413412E+000  0.621133E+000
  0.109678E+000  0.134438E+000  0.195085E+000
  0.109678E+000  0.423440E+000  0.614462E+000
  0.113425E+000  0.139090E+000  0.195168E+000
  0.113425E+000  0.433383E+000  0.608112E+000
  0.117173E+000  0.143749E+000  0.195254E+000
  0.117173E+000  0.443246E+000  0.602059E+000
  0.120920E+000  0.148415E+000  0.195344E+000
  0.120920E+000  0.453031E+000  0.596279E+000
  0.124668E+000  0.153088E+000  0.195438E+000
  0.124668E+000  0.462742E+000  0.590753E+000
  0.128415E+000  0.157770E+000  0.195536E+000
  0.128415E+000  0.472383E+000  0.585462E+000
  0.132163E+000  0.162458E+000  0.195638E+000
  0.132163E+000  0.481957E+000  0.580391E+000
  0.135910E+000  0.167156E+000  0.195745E+000
  0.135910E+000  0.491467E+000  0.575524E+000
  0.139658E+000  0.171862E+000  0.195856E+000
  0.139658E+000  0.500915E+000  0.570848E+000
  0.143405E+000  0.176577E+000  0.195970E+000
  0.143405E+000  0.510305E+000  0.566351E+000
  0.147153E+000  0.181302E+000  0.196090E+000
  0.147153E+000  0.519639E+000  0.562023E+000
  0.150900E+000  0.186037E+000  0.196215E+000
  0.150900E+000  0.528918E+000  0.557853E+000
  0.154648E+000  0.144268E-001  0.148473E-001
  0.154648E+000  0.190784E+000  0.196345E+000
  0.154648E+000  0.538147E+000  0.553832E+000
  0.158395E+000  0.427762E-001  0.429815E-001
  0.158395E+000  0.195541E+000  0.196479E+000
  0.158395E+000  0.547325E+000  0.549951E+000
  0.162143E+000  0.591395E-001  0.580498E-001
  0.162143E+000  0.200311E+000  0.196620E+000
  0.162143E+000  0.556457E+000  0.546204E+000
  0.165890E+000  0.721866E-001  0.692559E-001
  0.165890E+000  0.205093E+000  0.196766E+000
  0.165890E+000  0.565542E+000  0.542581E+000
  0.169638E+000  0.834832E-001  0.783245E-001
  0.169638E+000  0.209888E+000  0.196918E+000
  0.169638E+000  0.574583E+000  0.539078E+000
  0.173385E+000  0.936630E-001  0.859759E-001
  0.173385E+000  0.214698E+000  0.197077E+000
  0.173385E+000  0.583583E+000  0.535687E+000
  0.177133E+000  0.103056E+000  0.925969E-001
  0.177133E+000  0.219523E+000  0.197243E+000
  0.177133E+000  0.592542E+000  0.532403E+000
  0.180880E+000  0.111860E+000  0.984246E-001
  0.180880E+000  0.224363E+000  0.197416E+000
  0.180880E+000  0.601462E+000  0.529222E+000
  0.184628E+000  0.120202E+000  0.103618E+000
  0.184628E+000  0.229221E+000  0.197596E+000
  0.184628E+000  0.610344E+000  0.526136E+000
  0.188375E+000  0.128173E+000  0.108291E+000
  0.188375E+000  0.234097E+000  0.197784E+000
  0.188375E+000  0.619190E+000  0.523144E+000
  0.192123E+000  0.135835E+000  0.112526E+000
  0.192123E+000  0.238991E+000  0.197981E+000
  0.192123E+000  0.628002E+000  0.520239E+000
  0.195870E+000  0.143239E+000  0.116390E+000
  0.195870E+000  0.243906E+000  0.198187E+000
  0.195870E+000  0.636780E+000  0.517418E+000
  0.199618E+000  0.150422E+000  0.119932E+000
  0.199618E+000  0.248844E+000  0.198403E+000
  0.199618E+000  0.645525E+000  0.514677E+000
  0.203365E+000  0.157415E+000  0.123194E+000
  0.203365E+000  0.253806E+000  0.198630E+000
  0.203365E+000  0.654240E+000  0.512013E+000
  0.207113E+000  0.164240E+000  0.126210E+000
  0.207113E+000  0.258793E+000  0.198868E+000
  0.207113E+000  0.662924E+000  0.509422E+000
  0.210860E+000  0.170918E+000  0.129007E+000
  0.210860E+000  0.263807E+000  0.199119E+000
  0.210860E+000  0.671579E+000  0.506901E+000
  0.214608E+000  0.177465E+000  0.131610E+000
  0.214608E+000  0.268852E+000  0.199383E+000
  0.214608E+000  0.680206E+000  0.504448E+000
  0.218355E+000  0.183896E+000  0.134039E+000
  0.218355E+000  0.273931E+000  0.199663E+000
  0.218355E+000  0.688807E+000  0.502059E+000
  0.222103E+000  0.190223E+000  0.136310E+000
  0.222103E+000  0.279044E+000  0.199958E+000
  0.222103E+000  0.697380E+000  0.499731E+000
  0.225850E+000  0.196455E+000  0.138440E+000
  0.225850E+000  0.284198E+000  0.200272E+000
  0.225850E+000  0.705929E+000  0.497463E+000
  0.229598E+000  0.202602E+000  0.140442E+000
  0.229598E+000  0.289394E+000  0.200605E+000
  0.229598E+000  0.714452E+000  0.495252E+000
  0.233345E+000  0.208672E+000  0.142327E+000
  0.233345E+000  0.294639E+000  0.200961E+000
  0.233345E+000  0.722952E+000  0.493096E+000
  0.237093E+000  0.214672E+000  0.144105E+000
  0.237093E+000  0.299938E+000  0.201341E+000
  0.237093E+000  0.731429E+000  0.490992E+000
  0.240840E+000  0.220608E+000  0.145785E+000
  0.240840E+000  0.305296E+000  0.201750E+000
  0.240840E+000  0.739884E+000  0.488940E+000
  0.244588E+000  0.226487E+000  0.147377E+000
  0.244588E+000  0.310723E+000  0.202190E+000
  0.244588E+000  0.748318E+000  0.486936E+000
  0.248335E+000  0.232313E+000  0.148887E+000
  0.248335E+000  0.316227E+000  0.202666E+000
  0.248335E+000  0.756730E+000  0.484979E+000
  0.252083E+000  0.238091E+000  0.150322E+000
  0.252083E+000  0.321818E+000  0.203183E+000
  0.252083E+000  0.765122E+000  0.483068E+000
  0.255830E+000  0.243828E+000  0.151688E+000
  0.255830E+000  0.327509E+000  0.203747E+000
  0.255830E+000  0.773494E+000  0.481200E+000
  0.259578E+000  0.249527E+000  0.152992E+000
  0.259578E+000  0.333317E+000  0.204367E+000
  0.259578E+000  0.781847E+000  0.479374E+000
  0.263325E+000  0.255192E+000  0.154239E+000
  0.263325E+000  0.339262E+000  0.205052E+000
  0.263325E+000  0.790181E+000  0.477590E+000
  0.267073E+000  0.260828E+000  0.155434E+000
  0.267073E+000  0.345368E+000  0.205813E+000
  0.267073E+000  0.798499E+000  0.475845E+000
  0.270820E+000  0.266441E+000  0.156581E+000
  0.270820E+000  0.351665E+000  0.206666E+000
  0.270820E+000  0.806798E+000  0.474137E+000
  0.274568E+000  0.272033E+000  0.157686E+000
  0.274568E+000  0.358191E+000  0.207628E+000
  0.274568E+000  0.815080E+000  0.472467E+000
  0.278315E+000  0.277611E+000  0.158752E+000
  0.278315E+000  0.364999E+000  0.208725E+000
  0.278315E+000  0.823346E+000  0.470832E+000
  0.282063E+000  0.283179E+000  0.159785E+000
  0.282063E+000  0.372153E+000  0.209989E+000
  0.282063E+000  0.831596E+000  0.469231E+000
  0.285810E+000  0.288745E+000  0.160789E+000
  0.285810E+000  0.379738E+000  0.211459E+000
  0.285810E+000  0.839830E+000  0.467664E+000
  0.289558E+000  0.294313E+000  0.161769E+000
  0.289558E+000  0.387870E+000  0.213192E+000
  0.289558E+000  0.848049E+000  0.466129E+000
  0.293305E+000  0.299891E+000  0.162729E+000
  0.293305E+000  0.396701E+000  0.215261E+000
  0.293305E+000  0.856253E+000  0.464625E+000
  0.297053E+000  0.305490E+000  0.163675E+000
  0.297053E+000  0.406442E+000  0.217764E+000
  0.297053E+000  0.864443E+000  0.463152E+000
  0.300800E+000  0.311118E+000  0.164614E+000
  0.300800E+000  0.417366E+000  0.220831E+000
  0.300800E+000  0.872618E+000  0.461707E+000
  0.304548E+000  0.316788E+000  0.165552E+000
  0.304548E+000  0.429828E+000  0.224626E+000
  0.304548E+000  0.880781E+000  0.460292E+000
  0.308295E+000  0.322517E+000  0.166497E+000
  0.308295E+000  0.444234E+000  0.229332E+000
  0.308295E+000  0.888930E+000  0.458903E+000
  0.312043E+000  0.328322E+000  0.167458E+000
  0.312043E+000  0.460938E+000  0.235098E+000
  0.312043E+000  0.897066E+000  0.457542E+000
  0.315790E+000  0.334227E+000  0.168447E+000
  0.315790E+000  0.480040E+000  0.241935E+000
  0.315790E+000  0.905190E+000  0.456207E+000
  0.319538E+000  0.340258E+000  0.169476E+000
  0.319538E+000  0.501149E+000  0.249612E+000
  0.319538E+000  0.913301E+000  0.454896E+000
  0.323285E+000  0.346446E+000  0.170557E+000
  0.323285E+000  0.523430E+000  0.257687E+000
  0.323285E+000  0.921401E+000  0.453611E+000
  0.327033E+000  0.352823E+000  0.171706E+000
  0.327033E+000  0.545954E+000  0.265696E+000
  0.327033E+000  0.929488E+000  0.452349E+000
  0.330780E+000  0.359420E+000  0.172935E+000
  0.330780E+000  0.568040E+000  0.273313E+000
  0.330780E+000  0.937566E+000  0.451110E+000
  0.334528E+000  0.366249E+000  0.174247E+000
  0.334528E+000  0.589325E+000  0.280378E+000
  0.334528E+000  0.945631E+000  0.449894E+000
  0.338275E+000  0.226520E+000  0.106575E+000
  0.338275E+000  0.373297E+000  0.175632E+000
  0.338275E+000  0.609678E+000  0.286847E+000
  0.338275E+000  0.953685E+000  0.448699E+000
  0.342023E+000  0.171750E+000  0.799212E-001
  0.342023E+000  0.277385E+000  0.129077E+000
  0.342023E+000  0.380513E+000  0.177066E+000
  0.342023E+000  0.629095E+000  0.292740E+000
  0.342023E+000  0.961730E+000  0.447526E+000
  0.345770E+000  0.588800E-001  0.271020E-001
  0.345770E+000  0.314294E+000  0.144667E+000
  0.345770E+000  0.387814E+000  0.178508E+000
  0.345770E+000  0.647634E+000  0.298100E+000
  0.345770E+000  0.969764E+000  0.446374E+000
  0.349518E+000  0.333222E+000  0.151735E+000
  0.349518E+000  0.395104E+000  0.179913E+000
  0.349518E+000  0.665371E+000  0.302981E+000
  0.349518E+000  0.977788E+000  0.445242E+000
  0.353265E+000  0.346423E+000  0.156072E+000
  0.353265E+000  0.402301E+000  0.181247E+000
  0.353265E+000  0.682385E+000  0.307432E+000
  0.353265E+000  0.985802E+000  0.444129E+000
  0.357013E+000  0.356771E+000  0.159047E+000
  0.357013E+000  0.409349E+000  0.182486E+000
  0.357013E+000  0.698752E+000  0.311501E+000
  0.357013E+000  0.993807E+000  0.443036E+000
  0.360760E+000  0.365466E+000  0.161231E+000
  0.360760E+000  0.416224E+000  0.183624E+000
  0.360760E+000  0.714542E+000  0.315231E+000
  0.360760E+000  0.100180E+001  0.441961E+000
  0.364508E+000  0.373122E+000  0.162916E+000
  0.364508E+000  0.422917E+000  0.184658E+000
  0.364508E+000  0.729812E+000  0.318658E+000
  0.364508E+000  0.100979E+001  0.440904E+000
  0.368255E+000  0.380086E+000  0.164268E+000
  0.368255E+000  0.429438E+000  0.185597E+000
  0.368255E+000  0.744615E+000  0.321813E+000
  0.368255E+000  0.101777E+001  0.439865E+000
  0.372003E+000  0.386570E+000  0.165387E+000
  0.372003E+000  0.435801E+000  0.186450E+000
  0.372003E+000  0.758999E+000  0.324725E+000
  0.372003E+000  0.102574E+001  0.438843E+000
  0.375750E+000  0.392709E+000  0.166338E+000
  0.375750E+000  0.442023E+000  0.187226E+000
  0.375750E+000  0.772999E+000  0.327416E+000
  0.375750E+000  0.103369E+001  0.437838E+000
  0.379498E+000  0.398592E+000  0.167163E+000
  0.379498E+000  0.448121E+000  0.187934E+000
  0.379498E+000  0.786655E+000  0.329910E+000
  0.379498E+000  0.104165E+001  0.436849E+000
  0.383245E+000  0.404283E+000  0.167892E+000
  0.383245E+000  0.454108E+000  0.188583E+000
  0.383245E+000  0.799997E+000  0.332225E+000
  0.383245E+000  0.104959E+001  0.435877E+000
  0.386993E+000  0.409823E+000  0.168544E+000
  0.386993E+000  0.460002E+000  0.189181E+000
  0.386993E+000  0.813049E+000  0.334376E+000
  0.386993E+000  0.105753E+001  0.434920E+000
  0.390740E+000  0.415242E+000  0.169135E+000
  0.390740E+000  0.465812E+000  0.189733E+000
  0.390740E+000  0.825836E+000  0.336377E+000
  0.390740E+000  0.106546E+001  0.433978E+000
  0.394488E+000  0.420566E+000  0.169676E+000
  0.394488E+000  0.471552E+000  0.190246E+000
  0.394488E+000  0.838380E+000  0.338242E+000
  0.394488E+000  0.107338E+001  0.433051E+000
  0.398235E+000  0.425811E+000  0.170176E+000
  0.398235E+000  0.477229E+000  0.190725E+000
  0.398235E+000  0.850698E+000  0.339982E+000
  0.398235E+000  0.108129E+001  0.432139E+000
  0.401983E+000  0.482851E+000  0.191173E+000
  0.401983E+000  0.862809E+000  0.341608E+000
  0.401983E+000  0.108920E+001  0.431240E+000
  0.405730E+000  0.488426E+000  0.191594E+000
  0.405730E+000  0.874725E+000  0.343127E+000
  0.405730E+000  0.109710E+001  0.430356E+000
  0.409478E+000  0.493960E+000  0.191991E+000
  0.409478E+000  0.886463E+000  0.344549E+000
  0.409478E+000  0.110499E+001  0.429485E+000
  0.413225E+000  0.499457E+000  0.192367E+000
  0.413225E+000  0.898032E+000  0.345880E+000
  0.413225E+000  0.111287E+001  0.428627E+000
  0.416973E+000  0.504922E+000  0.192725E+000
  0.416973E+000  0.909445E+000  0.347128E+000
  0.416973E+000  0.112075E+001  0.427782E+000
  0.420720E+000  0.510362E+000  0.193066E+000
  0.420720E+000  0.920713E+000  0.348298E+000
  0.420720E+000  0.112863E+001  0.426951E+000
  0.424468E+000  0.515775E+000  0.193391E+000
  0.424468E+000  0.931841E+000  0.349396E+000
  0.424468E+000  0.113649E+001  0.426131E+000
  0.428215E+000  0.521170E+000  0.193704E+000
  0.428215E+000  0.942842E+000  0.350427E+000
  0.428215E+000  0.114436E+001  0.425323E+000
  0.431963E+000  0.470975E+000  0.173529E+000
  0.431963E+000  0.526544E+000  0.194003E+000
  0.431963E+000  0.953722E+000  0.351395E+000
  0.431963E+000  0.115221E+001  0.424527E+000
  0.435710E+000  0.475858E+000  0.173820E+000
  0.435710E+000  0.531904E+000  0.194293E+000
  0.435710E+000  0.964485E+000  0.352305E+000
  0.435710E+000  0.116006E+001  0.423743E+000
  0.439458E+000  0.480724E+000  0.174100E+000
  0.439458E+000  0.537251E+000  0.194572E+000
  0.439458E+000  0.975142E+000  0.353160E+000
  0.439458E+000  0.116790E+001  0.422970E+000
  0.443205E+000  0.485575E+000  0.174370E+000
  0.443205E+000  0.542585E+000  0.194842E+000
  0.443205E+000  0.985698E+000  0.353964E+000
  0.443205E+000  0.117574E+001  0.422209E+000
  0.446953E+000  0.490413E+000  0.174631E+000
  0.446953E+000  0.547912E+000  0.195105E+000
  0.446953E+000  0.996156E+000  0.354720E+000
  0.446953E+000  0.118357E+001  0.421457E+000
  0.450700E+000  0.495238E+000  0.174883E+000
  0.450700E+000  0.553228E+000  0.195361E+000
  0.450700E+000  0.100652E+001  0.355432E+000
  0.450700E+000  0.119140E+001  0.420717E+000
  0.454448E+000  0.500053E+000  0.175127E+000
  0.454448E+000  0.558539E+000  0.195610E+000
  0.454448E+000  0.101680E+001  0.356101E+000
  0.454448E+000  0.119922E+001  0.419988E+000
  0.458195E+000  0.504857E+000  0.175363E+000
  0.458195E+000  0.563845E+000  0.195853E+000
  0.458195E+000  0.102700E+001  0.356731E+000
  0.458195E+000  0.120704E+001  0.419267E+000
  0.461943E+000  0.509654E+000  0.175593E+000
  0.461943E+000  0.569145E+000  0.196090E+000
  0.461943E+000  0.103712E+001  0.357324E+000
  0.461943E+000  0.121485E+001  0.418558E+000
  0.465690E+000  0.514440E+000  0.175816E+000
  0.465690E+000  0.574443E+000  0.196323E+000
  0.465690E+000  0.104717E+001  0.357882E+000
  0.465690E+000  0.122266E+001  0.417858E+000
  0.469438E+000  0.519219E+000  0.176033E+000
  0.469438E+000  0.579741E+000  0.196551E+000
  0.469438E+000  0.105714E+001  0.358407E+000
  0.469438E+000  0.123046E+001  0.417168E+000
  0.473185E+000  0.523992E+000  0.176244E+000
  0.473185E+000  0.585037E+000  0.196776E+000
  0.473185E+000  0.106705E+001  0.358901E+000
  0.473185E+000  0.123826E+001  0.416487E+000
  0.476933E+000  0.528760E+000  0.176450E+000
  0.476933E+000  0.590332E+000  0.196997E+000
  0.476933E+000  0.107690E+001  0.359366E+000
  0.476933E+000  0.124606E+001  0.415815E+000
  0.480680E+000  0.533519E+000  0.176650E+000
  0.480680E+000  0.595629E+000  0.197215E+000
  0.480680E+000  0.108668E+001  0.359803E+000
  0.480680E+000  0.125384E+001  0.415152E+000
  0.484428E+000  0.538275E+000  0.176846E+000
  0.484428E+000  0.600928E+000  0.197430E+000
  0.484428E+000  0.109640E+001  0.360214E+000
  0.484428E+000  0.126163E+001  0.414499E+000
  0.488175E+000  0.543027E+000  0.177038E+000
  0.488175E+000  0.606228E+000  0.197643E+000
  0.488175E+000  0.110607E+001  0.360600E+000
  0.488175E+000  0.126941E+001  0.413854E+000
  0.491923E+000  0.547775E+000  0.177225E+000
  0.491923E+000  0.611535E+000  0.197854E+000
  0.491923E+000  0.111568E+001  0.360964E+000
  0.491923E+000  0.127719E+001  0.413217E+000
  0.495670E+000  0.552518E+000  0.177408E+000
  0.495670E+000  0.616844E+000  0.198063E+000
  0.495670E+000  0.112524E+001  0.361305E+000
  0.495670E+000  0.128496E+001  0.412589E+000
  0.499418E+000  0.557259E+000  0.177588E+000
  0.499418E+000  0.622158E+000  0.198270E+000
  0.499418E+000  0.113476E+001  0.361626E+000
  0.499418E+000  0.129273E+001  0.411969E+000
  0.503165E+000  0.561996E+000  0.177764E+000
  0.503165E+000  0.627477E+000  0.198476E+000
  0.503165E+000  0.114423E+001  0.361927E+000
  0.503165E+000  0.130050E+001  0.411357E+000
  0.506913E+000  0.566730E+000  0.177936E+000
  0.506913E+000  0.632804E+000  0.198681E+000
  0.506913E+000  0.115365E+001  0.362210E+000
  0.506913E+000  0.130826E+001  0.410753E+000
  0.510660E+000  0.571462E+000  0.178105E+000
  0.510660E+000  0.638138E+000  0.198885E+000
  0.510660E+000  0.116302E+001  0.362474E+000
  0.510660E+000  0.131602E+001  0.410157E+000
  0.514408E+000  0.576192E+000  0.178271E+000
  0.514408E+000  0.643478E+000  0.199089E+000
  0.514408E+000  0.117236E+001  0.362723E+000
  0.514408E+000  0.132377E+001  0.409568E+000
  0.518155E+000  0.580920E+000  0.178434E+000
  0.518155E+000  0.648829E+000  0.199293E+000
  0.518155E+000  0.118166E+001  0.362955E+000
  0.518155E+000  0.133153E+001  0.408987E+000
  0.521903E+000  0.585648E+000  0.178594E+000
  0.521903E+000  0.654188E+000  0.199496E+000
  0.521903E+000  0.119092E+001  0.363172E+000
  0.521903E+000  0.133927E+001  0.408414E+000
  0.525650E+000  0.590373E+000  0.178752E+000
  0.525650E+000  0.659557E+000  0.199699E+000
  0.525650E+000  0.120014E+001  0.363375E+000
  0.525650E+000  0.134702E+001  0.407847E+000
  0.529398E+000  0.686006E-001  0.206237E-001
  0.529398E+000  0.595100E+000  0.178907E+000
  0.529398E+000  0.664935E+000  0.199902E+000
  0.529398E+000  0.120933E+001  0.363564E+000
  0.529398E+000  0.135476E+001  0.407288E+000
  0.533145E+000  0.964530E-001  0.287932E-001
  0.533145E+000  0.599824E+000  0.179060E+000
  0.533145E+000  0.670327E+000  0.200107E+000
  0.533145E+000  0.121848E+001  0.363741E+000
  0.533145E+000  0.136250E+001  0.406735E+000
  0.536893E+000  0.118291E+000  0.350658E-001
  0.536893E+000  0.604549E+000  0.179211E+000
  0.536893E+000  0.675729E+000  0.200311E+000
  0.536893E+000  0.122760E+001  0.363905E+000
  0.536893E+000  0.137024E+001  0.406189E+000
  0.540640E+000  0.137020E+000  0.403362E-001
  0.540640E+000  0.609274E+000  0.179360E+000
  0.540640E+000  0.681146E+000  0.200517E+000
  0.540640E+000  0.123668E+001  0.364058E+000
  0.540640E+000  0.137797E+001  0.405651E+000
  0.544388E+000  0.153773E+000  0.449566E-001
  0.544388E+000  0.613998E+000  0.179506E+000
  0.544388E+000  0.686575E+000  0.200724E+000
  0.544388E+000  0.124574E+001  0.364199E+000
  0.544388E+000  0.138570E+001  0.405119E+000
  0.548135E+000  0.169137E+000  0.491100E-001
  0.548135E+000  0.618723E+000  0.179651E+000
  0.548135E+000  0.692018E+000  0.200933E+000
  0.548135E+000  0.125477E+001  0.364330E+000
  0.548135E+000  0.139343E+001  0.404593E+000
  0.551883E+000  0.183457E+000  0.529064E-001
  0.551883E+000  0.623449E+000  0.179794E+000
  0.551883E+000  0.697476E+000  0.201142E+000
  0.551883E+000  0.126377E+001  0.364452E+000
  0.551883E+000  0.140116E+001  0.404074E+000
  0.555630E+000  0.196959E+000  0.564171E-001
  0.555630E+000  0.628174E+000  0.179935E+000
  0.555630E+000  0.702951E+000  0.201354E+000
  0.555630E+000  0.127274E+001  0.364564E+000
  0.555630E+000  0.140888E+001  0.403561E+000
  0.559378E+000  0.209801E+000  0.596929E-001
  0.559378E+000  0.632902E+000  0.180074E+000
  0.559378E+000  0.708441E+000  0.201567E+000
  0.559378E+000  0.128168E+001  0.364667E+000
  0.559378E+000  0.141660E+001  0.403054E+000
  0.563125E+000  0.222091E+000  0.627691E-001
  0.563125E+000  0.637631E+000  0.180212E+000
  0.563125E+000  0.713949E+000  0.201782E+000
  0.563125E+000  0.129060E+001  0.364761E+000
  0.563125E+000  0.142432E+001  0.402554E+000
  0.566873E+000  0.233919E+000  0.656750E-001
  0.566873E+000  0.642359E+000  0.180348E+000
  0.566873E+000  0.719477E+000  0.202000E+000
  0.566873E+000  0.129950E+001  0.364847E+000
  0.566873E+000  0.143204E+001  0.402059E+000
  0.570620E+000  0.245348E+000  0.684313E-001
  0.570620E+000  0.647091E+000  0.180484E+000
  0.570620E+000  0.725023E+000  0.202220E+000
  0.570620E+000  0.130837E+001  0.364925E+000
  0.570620E+000  0.143975E+001  0.401570E+000
  0.574368E+000  0.256430E+000  0.710558E-001
  0.574368E+000  0.651823E+000  0.180618E+000
  0.574368E+000  0.730591E+000  0.202444E+000
  0.574368E+000  0.131722E+001  0.364996E+000
  0.574368E+000  0.144747E+001  0.401087E+000
  0.578115E+000  0.267207E+000  0.735619E-001
  0.578115E+000  0.656559E+000  0.180751E+000
  0.578115E+000  0.736178E+000  0.202670E+000
  0.578115E+000  0.132604E+001  0.365060E+000
  0.578115E+000  0.145518E+001  0.400610E+000
  0.581863E+000  0.277715E+000  0.759624E-001
  0.581863E+000  0.661295E+000  0.180882E+000
  0.581863E+000  0.741789E+000  0.202899E+000
  0.581863E+000  0.133485E+001  0.365116E+000
  0.581863E+000  0.146288E+001  0.400138E+000
  0.585610E+000  0.287979E+000  0.782659E-001
  0.585610E+000  0.666032E+000  0.181012E+000
  0.585610E+000  0.747424E+000  0.203132E+000
  0.585610E+000  0.134363E+001  0.365168E+000
  0.585610E+000  0.147059E+001  0.399672E+000
  0.589358E+000  0.298026E+000  0.804815E-001
  0.589358E+000  0.670774E+000  0.181141E+000
  0.589358E+000  0.753082E+000  0.203368E+000
  0.589358E+000  0.135240E+001  0.365212E+000
  0.589358E+000  0.147830E+001  0.399211E+000
  0.593105E+000  0.307878E+000  0.826165E-001
  0.593105E+000  0.675519E+000  0.181270E+000
  0.593105E+000  0.758767E+000  0.203609E+000
  0.593105E+000  0.136114E+001  0.365251E+000
  0.593105E+000  0.148600E+001  0.398756E+000
  0.596853E+000  0.317548E+000  0.846764E-001
  0.596853E+000  0.680265E+000  0.181398E+000
  0.596853E+000  0.764479E+000  0.203854E+000
  0.596853E+000  0.136987E+001  0.365284E+000
  0.596853E+000  0.149370E+001  0.398306E+000
  0.600600E+000  0.327053E+000  0.866668E-001
  0.600600E+000  0.685013E+000  0.181524E+000
  0.600600E+000  0.770218E+000  0.204103E+000
  0.600600E+000  0.137857E+001  0.365313E+000
  0.600600E+000  0.150140E+001  0.397861E+000
  0.604348E+000  0.336408E+000  0.885930E-001
  0.604348E+000  0.689765E+000  0.181650E+000
  0.604348E+000  0.775988E+000  0.204357E+000
  0.604348E+000  0.138726E+001  0.365336E+000
  0.604348E+000  0.150910E+001  0.397421E+000
  0.608095E+000  0.345623E+000  0.904589E-001
  0.608095E+000  0.694520E+000  0.181775E+000
  0.608095E+000  0.781791E+000  0.204616E+000
  0.608095E+000  0.139594E+001  0.365355E+000
  0.608095E+000  0.151680E+001  0.396987E+000
  0.611843E+000  0.354708E+000  0.922680E-001
  0.611843E+000  0.699279E+000  0.181899E+000
  0.611843E+000  0.787625E+000  0.204880E+000
  0.611843E+000  0.140459E+001  0.365369E+000
  0.611843E+000  0.152449E+001  0.396557E+000
  0.615590E+000  0.363674E+000  0.940246E-001
  0.615590E+000  0.704041E+000  0.182023E+000
  0.615590E+000  0.793493E+000  0.205150E+000
  0.615590E+000  0.141323E+001  0.365378E+000
  0.615590E+000  0.153219E+001  0.396132E+000
  0.619338E+000  0.372527E+000  0.957305E-001
  0.619338E+000  0.708807E+000  0.182147E+000
  0.619338E+000  0.799399E+000  0.205427E+000
  0.619338E+000  0.142186E+001  0.365383E+000
  0.619338E+000  0.153988E+001  0.395712E+000
  0.623085E+000  0.381278E+000  0.973900E-001
  0.623085E+000  0.713576E+000  0.182269E+000
  0.623085E+000  0.805340E+000  0.205709E+000
  0.623085E+000  0.143047E+001  0.365385E+000
  0.623085E+000  0.154757E+001  0.395297E+000
  0.626833E+000  0.389929E+000  0.990044E-001
  0.626833E+000  0.718349E+000  0.182391E+000
  0.626833E+000  0.811323E+000  0.205998E+000
  0.626833E+000  0.143906E+001  0.365383E+000
  0.626833E+000  0.155526E+001  0.394886E+000
  0.630580E+000  0.398490E+000  0.100577E+000
  0.630580E+000  0.723125E+000  0.182513E+000
  0.630580E+000  0.817347E+000  0.206294E+000
  0.630580E+000  0.144764E+001  0.365377E+000
  0.630580E+000  0.156295E+001  0.394480E+000
  0.634328E+000  0.406964E+000  0.102109E+000
  0.634328E+000  0.727906E+000  0.182634E+000
  0.634328E+000  0.823416E+000  0.206598E+000
  0.634328E+000  0.145621E+001  0.365368E+000
  0.634328E+000  0.157064E+001  0.394079E+000
  0.638075E+000  0.415356E+000  0.103602E+000
  0.638075E+000  0.732691E+000  0.182755E+000
  0.638075E+000  0.829531E+000  0.206910E+000
  0.638075E+000  0.146476E+001  0.365356E+000
  0.638075E+000  0.157833E+001  0.393682E+000
  0.641823E+000  0.423673E+000  0.105060E+000
  0.641823E+000  0.737482E+000  0.182876E+000
  0.641823E+000  0.835692E+000  0.207230E+000
  0.641823E+000  0.147330E+001  0.365340E+000
  0.641823E+000  0.158601E+001  0.393289E+000
  0.645570E+000  0.431915E+000  0.106482E+000
  0.645570E+000  0.742275E+000  0.182996E+000
  0.645570E+000  0.841906E+000  0.207558E+000
  0.645570E+000  0.148183E+001  0.365322E+000
  0.645570E+000  0.159370E+001  0.392901E+000
  0.649318E+000  0.440090E+000  0.107871E+000
  0.649318E+000  0.747075E+000  0.183116E+000
  0.649318E+000  0.848175E+000  0.207897E+000
  0.649318E+000  0.149035E+001  0.365301E+000
  0.649318E+000  0.160138E+001  0.392517E+000
  0.653065E+000  0.448200E+000  0.109228E+000
  0.653065E+000  0.751877E+000  0.183236E+000
  0.653065E+000  0.854498E+000  0.208245E+000
  0.653065E+000  0.149885E+001  0.365277E+000
  0.653065E+000  0.160907E+001  0.392137E+000
  0.656813E+000  0.456248E+000  0.110555E+000
  0.656813E+000  0.756688E+000  0.183356E+000
  0.656813E+000  0.860883E+000  0.208604E+000
  0.656813E+000  0.150734E+001  0.365251E+000
  0.656813E+000  0.161675E+001  0.391762E+000
  0.660560E+000  0.464239E+000  0.111854E+000
  0.660560E+000  0.761502E+000  0.183476E+000
  0.660560E+000  0.867327E+000  0.208973E+000
  0.660560E+000  0.151583E+001  0.365222E+000
  0.660560E+000  0.162444E+001  0.391391E+000
  0.664308E+000  0.472172E+000  0.113123E+000
  0.664308E+000  0.766319E+000  0.183595E+000
  0.664308E+000  0.873840E+000  0.209355E+000
  0.664308E+000  0.152429E+001  0.365191E+000
  0.664308E+000  0.163212E+001  0.391023E+000
  0.668055E+000  0.480052E+000  0.114366E+000
  0.668055E+000  0.771144E+000  0.183715E+000
  0.668055E+000  0.880422E+000  0.209748E+000
  0.668055E+000  0.153276E+001  0.365158E+000
  0.668055E+000  0.163980E+001  0.390660E+000
  0.671803E+000  0.487882E+000  0.115583E+000
  0.671803E+000  0.775975E+000  0.183834E+000
  0.671803E+000  0.887076E+000  0.210155E+000
  0.671803E+000  0.154121E+001  0.365123E+000
  0.671803E+000  0.164748E+001  0.390301E+000
  0.675550E+000  0.495663E+000  0.116775E+000
  0.675550E+000  0.780809E+000  0.183953E+000
  0.675550E+000  0.893807E+000  0.210575E+000
  0.675550E+000  0.154965E+001  0.365086E+000
  0.675550E+000  0.165516E+001  0.389945E+000
  0.679298E+000  0.503399E+000  0.117943E+000
  0.679298E+000  0.785651E+000  0.184073E+000
  0.679298E+000  0.900620E+000  0.211009E+000
  0.679298E+000  0.155808E+001  0.365047E+000
  0.679298E+000  0.166284E+001  0.389593E+000
  0.683045E+000  0.511090E+000  0.119088E+000
  0.683045E+000  0.790498E+000  0.184192E+000
  0.683045E+000  0.907519E+000  0.211459E+000
  0.683045E+000  0.156650E+001  0.365006E+000
  0.683045E+000  0.167052E+001  0.389246E+000
  0.686793E+000  0.518740E+000  0.120211E+000
  0.686793E+000  0.795352E+000  0.184312E+000
  0.686793E+000  0.914508E+000  0.211925E+000
  0.686793E+000  0.157491E+001  0.364963E+000
  0.686793E+000  0.167821E+001  0.388902E+000
  0.690540E+000  0.526351E+000  0.121313E+000
  0.690540E+000  0.800210E+000  0.184432E+000
  0.690540E+000  0.921593E+000  0.212408E+000
  0.690540E+000  0.158331E+001  0.364919E+000
  0.690540E+000  0.168589E+001  0.388561E+000
  0.694288E+000  0.533920E+000  0.122393E+000
  0.694288E+000  0.805075E+000  0.184551E+000
  0.694288E+000  0.928780E+000  0.212909E+000
  0.694288E+000  0.159170E+001  0.364874E+000
  0.694288E+000  0.169357E+001  0.388224E+000
  0.698035E+000  0.541454E+000  0.123454E+000
  0.698035E+000  0.809948E+000  0.184672E+000
  0.698035E+000  0.936071E+000  0.213428E+000
  0.698035E+000  0.160009E+001  0.364827E+000
  0.698035E+000  0.170125E+001  0.387891E+000
  0.701783E+000  0.548953E+000  0.124495E+000
  0.701783E+000  0.814826E+000  0.184792E+000
  0.701783E+000  0.943479E+000  0.213968E+000
  0.701783E+000  0.160846E+001  0.364778E+000
  0.701783E+000  0.170893E+001  0.387562E+000
  0.705530E+000  0.556416E+000  0.125517E+000
  0.705530E+000  0.819713E+000  0.184913E+000
  0.705530E+000  0.951001E+000  0.214529E+000
  0.705530E+000  0.161683E+001  0.364729E+000
  0.705530E+000  0.171661E+001  0.387236E+000
  0.709278E+000  0.563849E+000  0.126522E+000
  0.709278E+000  0.824606E+000  0.185033E+000
  0.709278E+000  0.958650E+000  0.215112E+000
  0.709278E+000  0.162519E+001  0.364678E+000
  0.709278E+000  0.172429E+001  0.386913E+000
  0.713025E+000  0.571249E+000  0.127509E+000
  0.713025E+000  0.829504E+000  0.185154E+000
  0.713025E+000  0.966430E+000  0.215718E+000
  0.713025E+000  0.163355E+001  0.364626E+000
  0.713025E+000  0.173197E+001  0.386594E+000
  0.716773E+000  0.578622E+000  0.128480E+000
  0.716773E+000  0.834411E+000  0.185276E+000
  0.716773E+000  0.974351E+000  0.216349E+000
  0.716773E+000  0.164189E+001  0.364573E+000
  0.716773E+000  0.173965E+001  0.386278E+000
  0.720520E+000  0.585963E+000  0.129433E+000
  0.720520E+000  0.839326E+000  0.185398E+000
  0.720520E+000  0.982419E+000  0.217006E+000
  0.720520E+000  0.165023E+001  0.364518E+000
  0.720520E+000  0.174733E+001  0.385965E+000
  0.724268E+000  0.593280E+000  0.130371E+000
  0.724268E+000  0.844247E+000  0.185520E+000
  0.724268E+000  0.990639E+000  0.217689E+000
  0.724268E+000  0.165856E+001  0.364463E+000
  0.724268E+000  0.175501E+001  0.385657E+000
  0.728015E+000  0.600569E+000  0.131293E+000
  0.728015E+000  0.849176E+000  0.185643E+000
  0.728015E+000  0.999023E+000  0.218401E+000
  0.728015E+000  0.166689E+001  0.364407E+000
  0.728015E+000  0.176269E+001  0.385351E+000
  0.731763E+000  0.607833E+000  0.132201E+000
  0.731763E+000  0.854112E+000  0.185765E+000
  0.731763E+000  0.100758E+001  0.219144E+000
  0.731763E+000  0.167521E+001  0.364350E+000
  0.731763E+000  0.177037E+001  0.385048E+000
  0.735510E+000  0.615072E+000  0.133094E+000
  0.735510E+000  0.859055E+000  0.185889E+000
  0.735510E+000  0.101631E+001  0.219918E+000
  0.735510E+000  0.168352E+001  0.364292E+000
  0.735510E+000  0.177806E+001  0.384748E+000
  0.739258E+000  0.622291E+000  0.133973E+000
  0.739258E+000  0.864011E+000  0.186013E+000
  0.739258E+000  0.102524E+001  0.220723E+000
  0.739258E+000  0.169182E+001  0.364233E+000
  0.739258E+000  0.178574E+001  0.384452E+000
  0.743005E+000  0.629486E+000  0.134839E+000
  0.743005E+000  0.868972E+000  0.186138E+000
  0.743005E+000  0.103436E+001  0.221564E+000
  0.743005E+000  0.170012E+001  0.364174E+000
  0.743005E+000  0.179342E+001  0.384159E+000
  0.746753E+000  0.636659E+000  0.135691E+000
  0.746753E+000  0.873939E+000  0.186262E+000
  0.746753E+000  0.104368E+001  0.222439E+000
  0.746753E+000  0.170842E+001  0.364114E+000
  0.746753E+000  0.180110E+001  0.383868E+000
  0.750500E+000  0.643815E+000  0.136531E+000
  0.750500E+000  0.878918E+000  0.186388E+000
  0.750500E+000  0.105322E+001  0.223351E+000
  0.750500E+000  0.171670E+001  0.364053E+000
  0.750500E+000  0.180879E+001  0.383581E+000
  0.754248E+000  0.650949E+000  0.137358E+000
  0.754248E+000  0.883905E+000  0.186514E+000
  0.754248E+000  0.106298E+001  0.224300E+000
  0.754248E+000  0.172498E+001  0.363992E+000
  0.754248E+000  0.181647E+001  0.383297E+000
  0.757995E+000  0.658066E+000  0.138173E+000
  0.757995E+000  0.888901E+000  0.186641E+000
  0.757995E+000  0.107296E+001  0.225289E+000
  0.757995E+000  0.173326E+001  0.363930E+000
  0.757995E+000  0.182416E+001  0.383016E+000
  0.761743E+000  0.665164E+000  0.138976E+000
  0.761743E+000  0.893907E+000  0.186769E+000
  0.761743E+000  0.108319E+001  0.226317E+000
  0.761743E+000  0.174153E+001  0.363867E+000
  0.761743E+000  0.183185E+001  0.382738E+000
  0.765490E+000  0.672247E+000  0.139769E+000
  0.765490E+000  0.898921E+000  0.186897E+000
  0.765490E+000  0.109366E+001  0.227385E+000
  0.765490E+000  0.174979E+001  0.363804E+000
  0.765490E+000  0.183953E+001  0.382462E+000
  0.769238E+000  0.679317E+000  0.140550E+000
  0.769238E+000  0.903944E+000  0.187026E+000
  0.769238E+000  0.110437E+001  0.228494E+000
  0.769238E+000  0.175805E+001  0.363741E+000
  0.769238E+000  0.184722E+001  0.382190E+000
  0.772985E+000  0.686368E+000  0.141321E+000
  0.772985E+000  0.908979E+000  0.187156E+000
  0.772985E+000  0.111533E+001  0.229643E+000
  0.772985E+000  0.176631E+001  0.363677E+000
  0.772985E+000  0.185491E+001  0.381920E+000
  0.776733E+000  0.693410E+000  0.142082E+000
  0.776733E+000  0.914023E+000  0.187286E+000
  0.776733E+000  0.112655E+001  0.230834E+000
  0.776733E+000  0.177456E+001  0.363613E+000
  0.776733E+000  0.186260E+001  0.381653E+000
  0.780480E+000  0.700437E+000  0.142833E+000
  0.780480E+000  0.919077E+000  0.187418E+000
  0.780480E+000  0.113802E+001  0.232064E+000
  0.780480E+000  0.178280E+001  0.363548E+000
  0.780480E+000  0.187029E+001  0.381389E+000
  0.784228E+000  0.707451E+000  0.143574E+000
  0.784228E+000  0.924139E+000  0.187549E+000
  0.784228E+000  0.114974E+001  0.233333E+000
  0.784228E+000  0.179104E+001  0.363483E+000
  0.784228E+000  0.187798E+001  0.381127E+000
  0.787975E+000  0.714455E+000  0.144305E+000
  0.787975E+000  0.929214E+000  0.187682E+000
  0.787975E+000  0.116171E+001  0.234641E+000
  0.787975E+000  0.179928E+001  0.363417E+000
  0.787975E+000  0.188568E+001  0.380869E+000
  0.791723E+000  0.721447E+000  0.145028E+000
  0.791723E+000  0.934301E+000  0.187817E+000
  0.791723E+000  0.117392E+001  0.235985E+000
  0.791723E+000  0.180751E+001  0.363352E+000
  0.791723E+000  0.189337E+001  0.380613E+000
  0.795470E+000  0.728434E+000  0.145743E+000
  0.795470E+000  0.939398E+000  0.187952E+000
  0.795470E+000  0.118636E+001  0.237363E+000
  0.795470E+000  0.181573E+001  0.363286E+000
  0.795470E+000  0.190107E+001  0.380359E+000
  0.799218E+000  0.735412E+000  0.146449E+000
  0.799218E+000  0.944507E+000  0.188088E+000
  0.799218E+000  0.119903E+001  0.238773E+000
  0.799218E+000  0.182395E+001  0.363220E+000
  0.799218E+000  0.190877E+001  0.380109E+000
  0.802965E+000  0.742380E+000  0.147147E+000
  0.802965E+000  0.949626E+000  0.188224E+000
  0.802965E+000  0.121191E+001  0.240212E+000
  0.802965E+000  0.183217E+001  0.363153E+000
  0.802965E+000  0.191646E+001  0.379860E+000
  0.806713E+000  0.454800E-001  0.897268E-002
  0.806713E+000  0.749347E+000  0.147837E+000
  0.806713E+000  0.954760E+000  0.188363E+000
  0.806713E+000  0.122500E+001  0.241678E+000
  0.806713E+000  0.184039E+001  0.363086E+000
  0.806713E+000  0.192416E+001  0.379615E+000
  0.810460E+000  0.970181E-001  0.190520E-001
  0.810460E+000  0.756306E+000  0.148520E+000
  0.810460E+000  0.959904E+000  0.188502E+000
  0.810460E+000  0.123827E+001  0.243166E+000
  0.810460E+000  0.184860E+001  0.363020E+000
  0.810460E+000  0.193186E+001  0.379371E+000
  0.814208E+000  0.130006E+000  0.254125E-001
  0.814208E+000  0.763263E+000  0.149197E+000
  0.814208E+000  0.965060E+000  0.188642E+000
  0.814208E+000  0.125171E+001  0.244674E+000
  0.814208E+000  0.185680E+001  0.362953E+000
  0.814208E+000  0.193956E+001  0.379131E+000
  0.817955E+000  0.156684E+000  0.304870E-001
  0.817955E+000  0.770217E+000  0.149866E+000
  0.817955E+000  0.970230E+000  0.188784E+000
  0.817955E+000  0.126530E+001  0.246197E+000
  0.817955E+000  0.194727E+001  0.378893E+000
  0.821703E+000  0.179929E+000  0.348504E-001
  0.821703E+000  0.777171E+000  0.150530E+000
  0.821703E+000  0.975412E+000  0.188927E+000
  0.821703E+000  0.127902E+001  0.247733E+000
  0.821703E+000  0.187320E+001  0.362818E+000
  0.821703E+000  0.195497E+001  0.378657E+000
  0.825450E+000  0.201000E+000  0.387548E-001
  0.825450E+000  0.784125E+000  0.151187E+000
  0.825450E+000  0.980608E+000  0.189071E+000
  0.825450E+000  0.129286E+001  0.249277E+000
  0.825450E+000  0.188139E+001  0.362751E+000
  0.825450E+000  0.196268E+001  0.378424E+000
  0.829198E+000  0.220582E+000  0.423382E-001
  0.829198E+000  0.791084E+000  0.151840E+000
  0.829198E+000  0.985817E+000  0.189216E+000
  0.829198E+000  0.130680E+001  0.250826E+000
  0.829198E+000  0.188958E+001  0.362683E+000
  0.829198E+000  0.197039E+001  0.378193E+000
  0.832945E+000  0.239131E+000  0.456920E-001
  0.832945E+000  0.798045E+000  0.152486E+000
  0.832945E+000  0.991042E+000  0.189363E+000
  0.832945E+000  0.132082E+001  0.252376E+000
  0.832945E+000  0.189776E+001  0.362615E+000
  0.832945E+000  0.197809E+001  0.377964E+000
  0.836693E+000  0.256973E+000  0.488811E-001
  0.836693E+000  0.805011E+000  0.153129E+000
  0.836693E+000  0.996284E+000  0.189512E+000
  0.836693E+000  0.133490E+001  0.253924E+000
  0.836693E+000  0.190595E+001  0.362548E+000
  0.836693E+000  0.198581E+001  0.377739E+000
  0.840440E+000  0.274381E+000  0.519597E-001
  0.840440E+000  0.811988E+000  0.153767E+000
  0.840440E+000  0.100154E+001  0.189662E+000
  0.840440E+000  0.134904E+001  0.255469E+000
  0.840440E+000  0.199352E+001  0.377515E+000
  0.844188E+000  0.291620E+000  0.549792E-001
  0.844188E+000  0.818976E+000  0.154402E+000
  0.844188E+000  0.100681E+001  0.189814E+000
  0.844188E+000  0.136320E+001  0.257004E+000
  0.844188E+000  0.192230E+001  0.362412E+000
  0.844188E+000  0.200123E+001  0.377293E+000
  0.847935E+000  0.308985E+000  0.579955E-001
  0.847935E+000  0.825977E+000  0.155033E+000
  0.847935E+000  0.101209E+001  0.189967E+000
  0.847935E+000  0.137738E+001  0.258530E+000
  0.847935E+000  0.193047E+001  0.362344E+000
  0.847935E+000  0.200895E+001  0.377074E+000
  0.851683E+000  0.326857E+000  0.610802E-001
  0.851683E+000  0.832992E+000  0.155662E+000
  0.851683E+000  0.101740E+001  0.190122E+000
  0.851683E+000  0.139157E+001  0.260044E+000
  0.851683E+000  0.193864E+001  0.362277E+000
  0.851683E+000  0.201667E+001  0.376857E+000
  0.855430E+000  0.345814E+000  0.643395E-001
  0.855430E+000  0.840029E+000  0.156290E+000
  0.855430E+000  0.102272E+001  0.190279E+000
  0.855430E+000  0.140574E+001  0.261542E+000
  0.855430E+000  0.194681E+001  0.362208E+000
  0.855430E+000  0.202439E+001  0.376642E+000
  0.859178E+000  0.366913E+000  0.679674E-001
  0.859178E+000  0.847086E+000  0.156915E+000
  0.859178E+000  0.102805E+001  0.190438E+000
  0.859178E+000  0.141991E+001  0.263025E+000
  0.859178E+000  0.195497E+001  0.362140E+000
  0.859178E+000  0.203211E+001  0.376430E+000
  0.862925E+000  0.392526E+000  0.723961E-001
  0.862925E+000  0.854173E+000  0.157541E+000
  0.862925E+000  0.103341E+001  0.190598E+000
  0.862925E+000  0.143404E+001  0.264489E+000
  0.862925E+000  0.203983E+001  0.376219E+000
  0.866673E+000  0.430900E+000  0.791302E-001
  0.866673E+000  0.861293E+000  0.158167E+000
  0.866673E+000  0.103878E+001  0.190761E+000
  0.866673E+000  0.144813E+001  0.265934E+000
  0.866673E+000  0.197128E+001  0.362004E+000
  0.866673E+000  0.204756E+001  0.376011E+000
  0.870420E+000  0.585705E+000  0.107095E+000
  0.870420E+000  0.868445E+000  0.158794E+000
  0.870420E+000  0.104418E+001  0.190926E+000
  0.870420E+000  0.146219E+001  0.267358E+000
  0.870420E+000  0.197943E+001  0.361937E+000
  0.870420E+000  0.205528E+001  0.375806E+000
  0.874168E+000  0.875644E+000  0.159424E+000
  0.874168E+000  0.104959E+001  0.191093E+000
  0.874168E+000  0.147619E+001  0.268761E+000
  0.874168E+000  0.198758E+001  0.361869E+000
  0.874168E+000  0.206301E+001  0.375602E+000
  0.877915E+000  0.882886E+000  0.160056E+000
  0.877915E+000  0.105502E+001  0.191263E+000
  0.877915E+000  0.149013E+001  0.270143E+000
  0.877915E+000  0.199573E+001  0.361801E+000
  0.877915E+000  0.207075E+001  0.375400E+000
  0.881663E+000  0.106048E+001  0.191435E+000
  0.881663E+000  0.150402E+001  0.271501E+000
  0.881663E+000  0.200388E+001  0.361733E+000
  0.881663E+000  0.207848E+001  0.375201E+000
  0.885410E+000  0.897540E+000  0.161335E+000
  0.885410E+000  0.106596E+001  0.191609E+000
  0.885410E+000  0.151784E+001  0.272836E+000
  0.885410E+000  0.201202E+001  0.361666E+000
  0.885410E+000  0.208621E+001  0.375003E+000
  0.889158E+000  0.904960E+000  0.161984E+000
  0.889158E+000  0.107146E+001  0.191786E+000
  0.889158E+000  0.153160E+001  0.274148E+000
  0.889158E+000  0.209395E+001  0.374808E+000
  0.892905E+000  0.912452E+000  0.162639E+000
  0.892905E+000  0.107698E+001  0.191966E+000
  0.892905E+000  0.154528E+001  0.275437E+000
  0.892905E+000  0.210169E+001  0.374614E+000
  0.896653E+000  0.920016E+000  0.163302E+000
  0.896653E+000  0.108254E+001  0.192149E+000
  0.896653E+000  0.155889E+001  0.276702E+000
  0.896653E+000  0.203642E+001  0.361462E+000
  0.896653E+000  0.210944E+001  0.374423E+000
  0.900400E+000  0.927656E+000  0.163973E+000
  0.900400E+000  0.108811E+001  0.192334E+000
  0.900400E+000  0.157243E+001  0.277942E+000
  0.900400E+000  0.204455E+001  0.361395E+000
  0.900400E+000  0.211718E+001  0.374233E+000
  0.904148E+000  0.935372E+000  0.164651E+000
  0.904148E+000  0.109371E+001  0.192523E+000
  0.904148E+000  0.158589E+001  0.279160E+000
  0.904148E+000  0.205267E+001  0.361327E+000
  0.904148E+000  0.212493E+001  0.374046E+000
  0.907895E+000  0.943159E+000  0.165337E+000
  0.907895E+000  0.109934E+001  0.192715E+000
  0.907895E+000  0.159927E+001  0.280354E+000
  0.907895E+000  0.206080E+001  0.361260E+000
  0.911643E+000  0.951010E+000  0.166028E+000
  0.911643E+000  0.110500E+001  0.192911E+000
  0.911643E+000  0.161258E+001  0.281525E+000
  0.911643E+000  0.206892E+001  0.361193E+000
  0.915390E+000  0.363257E+000  0.631579E-001
  0.915390E+000  0.958914E+000  0.166722E+000
  0.915390E+000  0.111068E+001  0.193110E+000
  0.915390E+000  0.162581E+001  0.282673E+000
  0.915390E+000  0.214818E+001  0.373495E+000
  0.919138E+000  0.252950E+000  0.438000E-001
  0.919138E+000  0.398568E+000  0.690148E-001
  0.919138E+000  0.111640E+001  0.193312E+000
  0.919138E+000  0.163897E+001  0.283798E+000
  0.919138E+000  0.215594E+001  0.373316E+000
  0.922885E+000  0.218868E+000  0.377447E-001
  0.922885E+000  0.419517E+000  0.723473E-001
  0.922885E+000  0.974817E+000  0.168111E+000
  0.922885E+000  0.112215E+001  0.193519E+000
  0.922885E+000  0.165204E+001  0.284900E+000
  0.922885E+000  0.216370E+001  0.373138E+000
  0.926633E+000  0.188809E+000  0.324291E-001
  0.926633E+000  0.436110E+000  0.749047E-001
  0.926633E+000  0.932082E+000  0.160091E+000
  0.926633E+000  0.112793E+001  0.193729E+000
  0.926633E+000  0.166504E+001  0.285981E+000
  0.926633E+000  0.210138E+001  0.360925E+000
  0.930380E+000  0.160276E+000  0.274175E-001
  0.930380E+000  0.450458E+000  0.770574E-001
  0.930380E+000  0.990737E+000  0.169480E+000
  0.930380E+000  0.113374E+001  0.193943E+000
  0.930380E+000  0.167797E+001  0.287040E+000
  0.930380E+000  0.210949E+001  0.360859E+000
  0.934128E+000  0.131768E+000  0.224505E-001
  0.934128E+000  0.463410E+000  0.789550E-001
  0.934128E+000  0.998657E+000  0.170149E+000
  0.934128E+000  0.113959E+001  0.194162E+000
  0.934128E+000  0.169081E+001  0.288078E+000
  0.934128E+000  0.211760E+001  0.360792E+000
  0.937875E+000  0.101538E+000  0.172307E-001
  0.937875E+000  0.475405E+000  0.806750E-001
  0.937875E+000  0.100653E+001  0.170806E+000
  0.937875E+000  0.114548E+001  0.194385E+000
  0.937875E+000  0.170359E+001  0.289095E+000
  0.937875E+000  0.212570E+001  0.360726E+000
  0.941623E+000  0.655946E-001  0.110869E-001
  0.941623E+000  0.486700E+000  0.822631E-001
  0.941623E+000  0.101435E+001  0.171448E+000
  0.941623E+000  0.115141E+001  0.194613E+000
  0.941623E+000  0.171629E+001  0.290091E+000
  0.941623E+000  0.213380E+001  0.360659E+000
  0.945370E+000  0.497462E+000  0.837487E-001
  0.945370E+000  0.974437E+000  0.164048E+000
  0.945370E+000  0.115737E+001  0.194845E+000
  0.945370E+000  0.172892E+001  0.291067E+000
  0.945370E+000  0.214190E+001  0.360593E+000
  0.949118E+000  0.507794E+000  0.851507E-001
  0.949118E+000  0.116337E+001  0.195082E+000
  0.949118E+000  0.174148E+001  0.292024E+000
  0.949118E+000  0.221809E+001  0.371946E+000
  0.952865E+000  0.517780E+000  0.864837E-001
  0.952865E+000  0.103737E+001  0.173269E+000
  0.952865E+000  0.116941E+001  0.195325E+000
  0.952865E+000  0.175397E+001  0.292961E+000
  0.952865E+000  0.222587E+001  0.371783E+000
  0.956613E+000  0.527476E+000  0.877581E-001
  0.956613E+000  0.104487E+001  0.173839E+000
  0.956613E+000  0.117550E+001  0.195572E+000
  0.956613E+000  0.176639E+001  0.293880E+000
  0.956613E+000  0.223366E+001  0.371622E+000
  0.960360E+000  0.536927E+000  0.889818E-001
  0.960360E+000  0.118163E+001  0.195825E+000
  0.960360E+000  0.177874E+001  0.294780E+000
  0.960360E+000  0.217427E+001  0.360329E+000
  0.964108E+000  0.546165E+000  0.901610E-001
  0.964108E+000  0.118781E+001  0.196083E+000
  0.964108E+000  0.179102E+001  0.295662E+000
  0.964108E+000  0.218236E+001  0.360264E+000
  0.967855E+000  0.555222E+000  0.913012E-001
  0.967855E+000  0.119403E+001  0.196348E+000
  0.967855E+000  0.180324E+001  0.296526E+000
  0.967855E+000  0.219044E+001  0.360198E+000
  0.971603E+000  0.564112E+000  0.924053E-001
  0.971603E+000  0.120030E+001  0.196617E+000
  0.971603E+000  0.181539E+001  0.297373E+000
  0.971603E+000  0.219852E+001  0.360133E+000
  0.975350E+000  0.572856E+000  0.934771E-001
  0.975350E+000  0.120663E+001  0.196894E+000
  0.975350E+000  0.182748E+001  0.298204E+000
  0.975350E+000  0.220661E+001  0.360068E+000
  0.979098E+000  0.581470E+000  0.945196E-001
  0.979098E+000  0.121300E+001  0.197176E+000
  0.979098E+000  0.183951E+001  0.299017E+000
  0.979098E+000  0.221468E+001  0.360003E+000
  0.982845E+000  0.589964E+000  0.955346E-001
  0.982845E+000  0.121942E+001  0.197465E+000
  0.982845E+000  0.185148E+001  0.299815E+000
  0.982845E+000  0.222276E+001  0.359938E+000
  0.986593E+000  0.598354E+000  0.965252E-001
  0.986593E+000  0.110184E+001  0.177747E+000
  0.986593E+000  0.122590E+001  0.197760E+000
  0.986593E+000  0.186338E+001  0.300597E+000
  0.986593E+000  0.229604E+001  0.370392E+000
  0.990340E+000  0.606643E+000  0.974920E-001
  0.990340E+000  0.110860E+001  0.178160E+000
  0.990340E+000  0.123244E+001  0.198061E+000
  0.990340E+000  0.187523E+001  0.301363E+000
  0.990340E+000  0.230385E+001  0.370246E+000
  0.994088E+000  0.614840E+000  0.984368E-001
  0.994088E+000  0.111529E+001  0.178559E+000
  0.994088E+000  0.123903E+001  0.198370E+000
  0.994088E+000  0.188702E+001  0.302115E+000
  0.994088E+000  0.231167E+001  0.370102E+000
  0.997835E+000  0.622951E+000  0.993609E-001
  0.997835E+000  0.112190E+001  0.178944E+000
  0.997835E+000  0.124568E+001  0.198686E+000
  0.997835E+000  0.189876E+001  0.302852E+000
  0.997835E+000  0.231949E+001  0.369959E+000
  0.100158E+001  0.630983E+000  0.100265E+000
  0.100158E+001  0.112845E+001  0.179315E+000
  0.100158E+001  0.125239E+001  0.199009E+000
  0.100158E+001  0.191043E+001  0.303575E+000
  0.100158E+001  0.232731E+001  0.369817E+000
  0.100533E+001  0.638946E+000  0.101152E+000
  0.100533E+001  0.113493E+001  0.179673E+000
  0.100533E+001  0.125916E+001  0.199339E+000
  0.100533E+001  0.192206E+001  0.304284E+000
  0.100533E+001  0.227117E+001  0.359552E+000
  0.100908E+001  0.646838E+000  0.102021E+000
  0.100908E+001  0.109543E+001  0.172774E+000
  0.100908E+001  0.126600E+001  0.199677E+000
  0.100908E+001  0.193364E+001  0.304979E+000
  0.100908E+001  0.227923E+001  0.359488E+000
  0.101283E+001  0.654666E+000  0.102874E+000
  0.101283E+001  0.110221E+001  0.173201E+000
  0.101283E+001  0.127289E+001  0.200022E+000
  0.101283E+001  0.194515E+001  0.305661E+000
  0.101283E+001  0.228729E+001  0.359424E+000
  0.101657E+001  0.662434E+000  0.103711E+000
  0.101657E+001  0.110899E+001  0.173624E+000
  0.101657E+001  0.127986E+001  0.200375E+000
  0.101657E+001  0.195662E+001  0.306330E+000
  0.101657E+001  0.229535E+001  0.359361E+000
  0.102032E+001  0.127201E-001  0.198416E-002
  0.102032E+001  0.670142E+000  0.104532E+000
  0.102032E+001  0.128689E+001  0.200736E+000
  0.102032E+001  0.196804E+001  0.306986E+000
  0.102032E+001  0.230341E+001  0.359297E+000
  0.102407E+001  0.598624E-001  0.930349E-002
  0.102407E+001  0.677799E+000  0.105340E+000
  0.102407E+001  0.112251E+001  0.174455E+000
  0.102407E+001  0.129399E+001  0.201105E+000
  0.102407E+001  0.197942E+001  0.307630E+000
  0.102407E+001  0.231146E+001  0.359234E+000
  0.102781E+001  0.850911E-001  0.131762E-001
  0.102781E+001  0.685404E+000  0.106133E+000
  0.102781E+001  0.130116E+001  0.201482E+000
  0.102781E+001  0.199073E+001  0.308261E+000
  0.102781E+001  0.231951E+001  0.359171E+000
  0.103156E+001  0.105478E+000  0.162737E-001
  0.103156E+001  0.692963E+000  0.106914E+000
  0.103156E+001  0.130840E+001  0.201868E+000
  0.103156E+001  0.200201E+001  0.308881E+000
  0.103156E+001  0.232756E+001  0.359108E+000
  0.103531E+001  0.123426E+000  0.189739E-001
  0.103531E+001  0.700475E+000  0.107682E+000
  0.103531E+001  0.131572E+001  0.202262E+000
  0.103531E+001  0.201324E+001  0.309489E+000
  0.103531E+001  0.233561E+001  0.359045E+000
  0.103906E+001  0.139852E+000  0.214214E-001
  0.103906E+001  0.707939E+000  0.108437E+000
  0.103906E+001  0.132311E+001  0.202664E+000
  0.103906E+001  0.202442E+001  0.310086E+000
  0.103906E+001  0.234365E+001  0.358982E+000
  0.104280E+001  0.155225E+000  0.236907E-001
  0.104280E+001  0.715364E+000  0.109180E+000
  0.104280E+001  0.133058E+001  0.203075E+000
  0.104280E+001  0.203556E+001  0.310672E+000
  0.104280E+001  0.235169E+001  0.358920E+000
  0.104655E+001  0.169814E+000  0.258245E-001
  0.104655E+001  0.722751E+000  0.109913E+000
  0.104655E+001  0.133812E+001  0.203495E+000
  0.104655E+001  0.204666E+001  0.311247E+000
  0.104655E+001  0.235973E+001  0.358857E+000
  0.105030E+001  0.183794E+000  0.278509E-001
  0.105030E+001  0.730096E+000  0.110633E+000
  0.105030E+001  0.134575E+001  0.203925E+000
  0.105030E+001  0.205772E+001  0.311811E+000
  0.105030E+001  0.236778E+001  0.358796E+000
  0.105405E+001  0.197284E+000  0.297887E-001
  0.105405E+001  0.737406E+000  0.111344E+000
  0.105405E+001  0.135345E+001  0.204363E+000
  0.105405E+001  0.206873E+001  0.312366E+000
  0.105405E+001  0.237581E+001  0.358733E+000
  0.105780E+001  0.210366E+000  0.316515E-001
  0.105780E+001  0.744680E+000  0.112044E+000
  0.105780E+001  0.136124E+001  0.204811E+000
  0.105780E+001  0.207970E+001  0.312910E+000
  0.105780E+001  0.238384E+001  0.358671E+000
  0.106154E+001  0.223104E+000  0.334496E-001
  0.106154E+001  0.751923E+000  0.112734E+000
  0.106154E+001  0.136911E+001  0.205267E+000
  0.106154E+001  0.209063E+001  0.313444E+000
  0.106154E+001  0.239188E+001  0.358610E+000
  0.106529E+001  0.235548E+000  0.351909E-001
  0.106529E+001  0.759128E+000  0.113414E+000
  0.106529E+001  0.137706E+001  0.205734E+000
  0.106529E+001  0.210152E+001  0.313969E+000
  0.106529E+001  0.239991E+001  0.358548E+000
  0.106904E+001  0.247732E+000  0.368816E-001
  0.106904E+001  0.766308E+000  0.114086E+000
  0.106904E+001  0.120354E+001  0.179179E+000
  0.106904E+001  0.138511E+001  0.206210E+000
  0.106904E+001  0.211238E+001  0.314484E+000
  0.106904E+001  0.240794E+001  0.358487E+000
  0.107279E+001  0.259688E+000  0.385265E-001
  0.107279E+001  0.773454E+000  0.114747E+000
  0.107279E+001  0.139324E+001  0.206696E+000
  0.107279E+001  0.212319E+001  0.314990E+000
  0.107279E+001  0.241597E+001  0.358425E+000
  0.107653E+001  0.271441E+000  0.401299E-001
  0.107653E+001  0.780574E+000  0.115400E+000
  0.107653E+001  0.121710E+001  0.179937E+000
  0.107653E+001  0.140146E+001  0.207192E+000
  0.107653E+001  0.213397E+001  0.315487E+000
  0.107653E+001  0.242399E+001  0.358364E+000
  0.108028E+001  0.283008E+000  0.416948E-001
  0.108028E+001  0.787666E+000  0.116045E+000
  0.108028E+001  0.122390E+001  0.180314E+000
  0.108028E+001  0.140976E+001  0.207697E+000
  0.108028E+001  0.214471E+001  0.315975E+000
  0.108028E+001  0.243202E+001  0.358303E+000
  0.108403E+001  0.294408E+000  0.432244E-001
  0.108403E+001  0.794730E+000  0.116681E+000
  0.108403E+001  0.123070E+001  0.180690E+000
  0.108403E+001  0.141817E+001  0.208213E+000
  0.108403E+001  0.215542E+001  0.316455E+000
  0.108403E+001  0.244004E+001  0.358243E+000
  0.108777E+001  0.305654E+000  0.447210E-001
  0.108777E+001  0.801770E+000  0.117309E+000
  0.108777E+001  0.123752E+001  0.181064E+000
  0.108777E+001  0.142667E+001  0.208739E+000
  0.108777E+001  0.216609E+001  0.316926E+000
  0.108777E+001  0.250819E+001  0.366979E+000
  0.109152E+001  0.316758E+000  0.461864E-001
  0.109152E+001  0.808781E+000  0.117928E+000
  0.109152E+001  0.124435E+001  0.181439E+000
  0.109152E+001  0.143526E+001  0.209275E+000
  0.109152E+001  0.217673E+001  0.317389E+000
  0.109152E+001  0.245608E+001  0.358121E+000
  0.109527E+001  0.327733E+000  0.476232E-001
  0.109527E+001  0.815771E+000  0.118541E+000
  0.109527E+001  0.125119E+001  0.181812E+000
  0.109527E+001  0.144395E+001  0.209822E+000
  0.109527E+001  0.218733E+001  0.317844E+000
  0.109527E+001  0.246410E+001  0.358061E+000
  0.109902E+001  0.338586E+000  0.490325E-001
  0.109902E+001  0.822738E+000  0.119145E+000
  0.109902E+001  0.125804E+001  0.182184E+000
  0.109902E+001  0.145274E+001  0.210380E+000
  0.109902E+001  0.219790E+001  0.318290E+000
  0.109902E+001  0.247212E+001  0.358001E+000
  0.110276E+001  0.349327E+000  0.504162E-001
  0.110276E+001  0.829684E+000  0.119743E+000
  0.110276E+001  0.126491E+001  0.182557E+000
  0.110276E+001  0.146163E+001  0.210948E+000
  0.110276E+001  0.220844E+001  0.318729E+000
  0.110276E+001  0.248013E+001  0.357941E+000
  0.110651E+001  0.359965E+000  0.517754E-001
  0.110651E+001  0.836607E+000  0.120333E+000
  0.110651E+001  0.127180E+001  0.182928E+000
  0.110651E+001  0.147063E+001  0.211527E+000
  0.110651E+001  0.221894E+001  0.319161E+000
  0.110651E+001  0.248814E+001  0.357881E+000
  0.111026E+001  0.370500E+000  0.531109E-001
  0.111026E+001  0.843507E+000  0.120916E+000
  0.111026E+001  0.127869E+001  0.183299E+000
  0.111026E+001  0.147972E+001  0.212117E+000
  0.111026E+001  0.222941E+001  0.319585E+000
  0.111026E+001  0.249615E+001  0.357822E+000
  0.111401E+001  0.380940E+000  0.544237E-001
  0.111401E+001  0.850387E+000  0.121492E+000
  0.111401E+001  0.128560E+001  0.183671E+000
  0.111401E+001  0.148892E+001  0.212717E+000
  0.111401E+001  0.223986E+001  0.320002E+000
  0.111401E+001  0.250416E+001  0.357762E+000
  0.111776E+001  0.391292E+000  0.557152E-001
  0.111776E+001  0.857251E+000  0.122062E+000
  0.111776E+001  0.129254E+001  0.184042E+000
  0.111776E+001  0.149822E+001  0.213329E+000
  0.111776E+001  0.225027E+001  0.320411E+000
  0.111776E+001  0.251217E+001  0.357703E+000
  0.112150E+001  0.401562E+000  0.569866E-001
  0.112150E+001  0.864095E+000  0.122626E+000
  0.112150E+001  0.129948E+001  0.184413E+000
  0.112150E+001  0.150763E+001  0.213951E+000
  0.112150E+001  0.226065E+001  0.320814E+000
  0.112150E+001  0.257951E+001  0.366064E+000
  0.112525E+001  0.411750E+000  0.582378E-001
  0.112525E+001  0.870918E+000  0.123182E+000
  0.112525E+001  0.130645E+001  0.184783E+000
  0.112525E+001  0.151715E+001  0.214585E+000
  0.112525E+001  0.227100E+001  0.321210E+000
  0.112525E+001  0.258746E+001  0.365969E+000
  0.112900E+001  0.421868E+000  0.594707E-001
  0.112900E+001  0.877724E+000  0.123733E+000
  0.112900E+001  0.131342E+001  0.185154E+000
  0.112900E+001  0.152677E+001  0.215229E+000
  0.112900E+001  0.228133E+001  0.321599E+000
  0.112900E+001  0.253618E+001  0.357526E+000
  0.113275E+001  0.431908E+000  0.606847E-001
  0.113275E+001  0.884516E+000  0.124278E+000
  0.113275E+001  0.132042E+001  0.185524E+000
  0.113275E+001  0.153651E+001  0.215885E+000
  0.113275E+001  0.229162E+001  0.321982E+000
  0.113275E+001  0.254418E+001  0.357468E+000
  0.113649E+001  0.441879E+000  0.618810E-001
  0.113649E+001  0.891287E+000  0.124816E+000
  0.113649E+001  0.132742E+001  0.185892E+000
  0.113649E+001  0.154635E+001  0.216552E+000
  0.113649E+001  0.230189E+001  0.322358E+000
  0.113649E+001  0.255219E+001  0.357410E+000
  0.114024E+001  0.451789E+000  0.630608E-001
  0.114024E+001  0.898043E+000  0.125349E+000
  0.114024E+001  0.134120E+001  0.187204E+000
  0.114024E+001  0.155631E+001  0.217230E+000
  0.114024E+001  0.231213E+001  0.322728E+000
  0.114024E+001  0.256019E+001  0.357352E+000
  0.114399E+001  0.461631E+000  0.642235E-001
  0.114399E+001  0.904785E+000  0.125876E+000
  0.114399E+001  0.134141E+001  0.186620E+000
  0.114399E+001  0.156637E+001  0.217919E+000
  0.114399E+001  0.232234E+001  0.323091E+000
  0.114399E+001  0.256819E+001  0.357294E+000
  0.114773E+001  0.471414E+000  0.653704E-001
  0.114773E+001  0.911512E+000  0.126398E+000
  0.114773E+001  0.134830E+001  0.186968E+000
  0.114773E+001  0.157655E+001  0.218619E+000
  0.114773E+001  0.233253E+001  0.323449E+000
  0.114773E+001  0.257618E+001  0.357236E+000
  0.115148E+001  0.481140E+000  0.665020E-001
  0.115148E+001  0.918224E+000  0.126915E+000
  0.115148E+001  0.135494E+001  0.187276E+000
  0.115148E+001  0.158684E+001  0.219329E+000
  0.115148E+001  0.234269E+001  0.323801E+000
  0.115148E+001  0.258418E+001  0.357178E+000
  0.115523E+001  0.490809E+000  0.676183E-001
  0.115523E+001  0.924921E+000  0.127425E+000
  0.115523E+001  0.136412E+001  0.187934E+000
  0.115523E+001  0.159724E+001  0.220051E+000
  0.115523E+001  0.235283E+001  0.324147E+000
  0.115523E+001  0.259217E+001  0.357121E+000
  0.115898E+001  0.500424E+000  0.687200E-001
  0.115898E+001  0.931601E+000  0.127931E+000
  0.115898E+001  0.137095E+001  0.188264E+000
  0.115898E+001  0.160776E+001  0.220783E+000
  0.115898E+001  0.236293E+001  0.324487E+000
  0.115898E+001  0.260016E+001  0.357064E+000
  0.116273E+001  0.509988E+000  0.698076E-001
  0.116273E+001  0.938274E+000  0.128432E+000
  0.116273E+001  0.137801E+001  0.188624E+000
  0.116273E+001  0.161838E+001  0.221525E+000
  0.116273E+001  0.237302E+001  0.324821E+000
  0.116273E+001  0.266713E+001  0.365079E+000
  0.116647E+001  0.519505E+000  0.708819E-001
  0.116647E+001  0.944931E+000  0.128928E+000
  0.116647E+001  0.138518E+001  0.188995E+000
  0.116647E+001  0.162911E+001  0.222278E+000
  0.116647E+001  0.238308E+001  0.325150E+000
  0.116647E+001  0.267512E+001  0.364996E+000
  0.117022E+001  0.528969E+000  0.719420E-001
  0.117022E+001  0.951575E+000  0.129418E+000
  0.117022E+001  0.139241E+001  0.189373E+000
  0.117022E+001  0.163996E+001  0.223041E+000
  0.117022E+001  0.239312E+001  0.325474E+000
  0.117022E+001  0.262413E+001  0.356893E+000
  0.117397E+001  0.538388E+000  0.729894E-001
  0.117397E+001  0.958206E+000  0.129904E+000
  0.117397E+001  0.139969E+001  0.189756E+000
  0.117397E+001  0.165091E+001  0.223814E+000
  0.117397E+001  0.240313E+001  0.325793E+000
  0.117397E+001  0.263212E+001  0.356837E+000
  0.117772E+001  0.547767E+000  0.740246E-001
  0.117772E+001  0.964828E+000  0.130386E+000
  0.117772E+001  0.140701E+001  0.190142E+000
  0.117772E+001  0.166197E+001  0.224596E+000
  0.117772E+001  0.241312E+001  0.326106E+000
  0.117772E+001  0.264011E+001  0.356781E+000
  0.118146E+001  0.557099E+000  0.750469E-001
  0.118146E+001  0.971437E+000  0.130862E+000
  0.118146E+001  0.141437E+001  0.190530E+000
  0.118146E+001  0.167313E+001  0.225388E+000
  0.118146E+001  0.242309E+001  0.326414E+000
  0.118146E+001  0.264809E+001  0.356725E+000
  0.118521E+001  0.566389E+000  0.760570E-001
  0.118521E+001  0.978031E+000  0.131334E+000
  0.118521E+001  0.142177E+001  0.190922E+000
  0.118521E+001  0.168440E+001  0.226189E+000
  0.118521E+001  0.243303E+001  0.326717E+000
  0.118521E+001  0.265608E+001  0.356669E+000
  0.118896E+001  0.575639E+000  0.770556E-001
  0.118896E+001  0.984621E+000  0.131802E+000
  0.118896E+001  0.142921E+001  0.191315E+000
  0.118896E+001  0.169578E+001  0.226998E+000
  0.118896E+001  0.244295E+001  0.327015E+000
  0.118896E+001  0.266406E+001  0.356614E+000
  0.119271E+001  0.584849E+000  0.780425E-001
  0.119271E+001  0.991196E+000  0.132266E+000
  0.119271E+001  0.143669E+001  0.191712E+000
  0.119271E+001  0.170725E+001  0.227816E+000
  0.119271E+001  0.245285E+001  0.327309E+000
  0.119271E+001  0.267204E+001  0.356558E+000
  0.119645E+001  0.594024E+000  0.790185E-001
  0.119645E+001  0.997761E+000  0.132725E+000
  0.119645E+001  0.144420E+001  0.192111E+000
  0.119645E+001  0.171882E+001  0.228642E+000
  0.119645E+001  0.246273E+001  0.327598E+000
  0.119645E+001  0.268002E+001  0.356503E+000
  0.120020E+001  0.603161E+000  0.799834E-001
  0.120020E+001  0.100432E+001  0.133180E+000
  0.120020E+001  0.145175E+001  0.192513E+000
  0.120020E+001  0.173049E+001  0.229475E+000
  0.120020E+001  0.247258E+001  0.327881E+000
  0.120020E+001  0.268801E+001  0.356449E+000
  0.120395E+001  0.612266E+000  0.809380E-001
  0.120395E+001  0.101087E+001  0.133631E+000
  0.120395E+001  0.145935E+001  0.192917E+000
  0.120395E+001  0.174225E+001  0.230315E+000
  0.120395E+001  0.248241E+001  0.328161E+000
  0.120395E+001  0.269599E+001  0.356394E+000
  0.120769E+001  0.621332E+000  0.818816E-001
  0.120769E+001  0.101740E+001  0.134078E+000
  0.120769E+001  0.146698E+001  0.193325E+000
  0.120769E+001  0.175410E+001  0.231162E+000
  0.120769E+001  0.249223E+001  0.328436E+000
  0.120769E+001  0.270397E+001  0.356340E+000
  0.121144E+001  0.630368E+000  0.828155E-001
  0.121144E+001  0.102393E+001  0.134521E+000
  0.121144E+001  0.147466E+001  0.193735E+000
  0.121144E+001  0.176603E+001  0.232015E+000
  0.121144E+001  0.250203E+001  0.328707E+000
  0.121144E+001  0.271195E+001  0.356286E+000
  0.121519E+001  0.639369E+000  0.837389E-001
  0.121519E+001  0.103045E+001  0.134960E+000
  0.121519E+001  0.148237E+001  0.194148E+000
  0.121519E+001  0.177805E+001  0.232873E+000
  0.121519E+001  0.251180E+001  0.328973E+000
  0.121519E+001  0.277934E+001  0.364013E+000
  0.121894E+001  0.648338E+000  0.846526E-001
  0.121894E+001  0.103696E+001  0.135395E+000
  0.121894E+001  0.149013E+001  0.194565E+000
  0.121894E+001  0.179015E+001  0.233738E+000
  0.121894E+001  0.252155E+001  0.329236E+000
  0.121894E+001  0.278738E+001  0.363944E+000
  0.122269E+001  0.657281E+000  0.855572E-001
  0.122269E+001  0.104347E+001  0.135827E+000
  0.122269E+001  0.149794E+001  0.194985E+000
  0.122269E+001  0.180232E+001  0.234606E+000
  0.122269E+001  0.253129E+001  0.329493E+000
  0.122269E+001  0.273588E+001  0.356125E+000
  0.122643E+001  0.666195E+000  0.864525E-001
  0.122643E+001  0.104997E+001  0.136255E+000
  0.122643E+001  0.150579E+001  0.195407E+000
  0.122643E+001  0.181457E+001  0.235478E+000
  0.122643E+001  0.254100E+001  0.329747E+000
  0.122643E+001  0.274386E+001  0.356072E+000
  0.123018E+001  0.675076E+000  0.873382E-001
  0.123018E+001  0.105645E+001  0.136679E+000
  0.123018E+001  0.151368E+001  0.195833E+000
  0.123018E+001  0.182689E+001  0.236355E+000
  0.123018E+001  0.255070E+001  0.329997E+000
  0.123018E+001  0.275183E+001  0.356019E+000
  0.123393E+001  0.683932E+000  0.882152E-001
  0.123393E+001  0.106294E+001  0.137100E+000
  0.123393E+001  0.152162E+001  0.196263E+000
  0.123393E+001  0.183927E+001  0.237234E+000
  0.123393E+001  0.256038E+001  0.330243E+000
  0.123393E+001  0.275981E+001  0.355967E+000
  0.123768E+001  0.692764E+000  0.890838E-001
  0.123768E+001  0.106941E+001  0.137518E+000
  0.123768E+001  0.152961E+001  0.196695E+000
  0.123768E+001  0.185172E+001  0.238116E+000
  0.123768E+001  0.257003E+001  0.330485E+000
  0.123768E+001  0.276779E+001  0.355915E+000
  0.124142E+001  0.701564E+000  0.899431E-001
  0.124142E+001  0.107588E+001  0.137931E+000
  0.124142E+001  0.153765E+001  0.197132E+000
  0.124142E+001  0.186421E+001  0.238999E+000
  0.124142E+001  0.257967E+001  0.330724E+000
  0.124142E+001  0.277576E+001  0.355863E+000
  0.124517E+001  0.710344E+000  0.907946E-001
  0.124517E+001  0.108234E+001  0.138342E+000
  0.124517E+001  0.154574E+001  0.197573E+000
  0.124517E+001  0.187677E+001  0.239885E+000
  0.124517E+001  0.258930E+001  0.330958E+000
  0.124517E+001  0.278374E+001  0.355811E+000
  0.124892E+001  0.719101E+000  0.916381E-001
  0.124892E+001  0.108880E+001  0.138750E+000
  0.124892E+001  0.155387E+001  0.198017E+000
  0.124892E+001  0.188937E+001  0.240770E+000
  0.124892E+001  0.259890E+001  0.331189E+000
  0.124892E+001  0.279171E+001  0.355760E+000
  0.125266E+001  0.727830E+000  0.924730E-001
  0.125266E+001  0.109524E+001  0.139154E+000
  0.125266E+001  0.156206E+001  0.198464E+000
  0.125266E+001  0.190201E+001  0.241656E+000
  0.125266E+001  0.260848E+001  0.331416E+000
  0.125266E+001  0.279968E+001  0.355709E+000
  0.125641E+001  0.736536E+000  0.933001E-001
  0.125641E+001  0.110169E+001  0.139556E+000
  0.125641E+001  0.157030E+001  0.198917E+000
  0.125641E+001  0.191470E+001  0.242543E+000
  0.125641E+001  0.261806E+001  0.331640E+000
  0.125641E+001  0.280766E+001  0.355658E+000
  0.126016E+001  0.745223E+000  0.941198E-001
  0.126016E+001  0.110813E+001  0.139954E+000
  0.126016E+001  0.157859E+001  0.199372E+000
  0.126016E+001  0.192742E+001  0.243428E+000
  0.126016E+001  0.262760E+001  0.331860E+000
  0.126016E+001  0.281563E+001  0.355607E+000
  0.126391E+001  0.753891E+000  0.949322E-001
  0.126391E+001  0.111456E+001  0.140348E+000
  0.126391E+001  0.158694E+001  0.199832E+000
  0.126391E+001  0.194018E+001  0.244313E+000
  0.126391E+001  0.263714E+001  0.332076E+000
  0.126391E+001  0.282361E+001  0.355557E+000
  0.126765E+001  0.762533E+000  0.957366E-001
  0.126765E+001  0.112098E+001  0.140740E+000
  0.126765E+001  0.159534E+001  0.200296E+000
  0.126765E+001  0.195296E+001  0.245195E+000
  0.126765E+001  0.264666E+001  0.332290E+000
  0.126765E+001  0.283158E+001  0.355507E+000
  0.127140E+001  0.771155E+000  0.965337E-001
  0.127140E+001  0.112741E+001  0.141130E+000
  0.127140E+001  0.160380E+001  0.200764E+000
  0.127140E+001  0.196576E+001  0.246075E+000
  0.127140E+001  0.265616E+001  0.332500E+000
  0.127140E+001  0.283956E+001  0.355458E+000
  0.127515E+001  0.779761E+000  0.973241E-001
  0.127515E+001  0.113383E+001  0.141516E+000
  0.127515E+001  0.161231E+001  0.201236E+000
  0.127515E+001  0.197859E+001  0.246954E+000
  0.127515E+001  0.266564E+001  0.332706E+000
  0.127515E+001  0.284753E+001  0.355408E+000
  0.127890E+001  0.788350E+000  0.981078E-001
  0.127890E+001  0.114024E+001  0.141899E+000
  0.127890E+001  0.162088E+001  0.201714E+000
  0.127890E+001  0.199144E+001  0.247828E+000
  0.127890E+001  0.267512E+001  0.332910E+000
  0.127890E+001  0.291660E+001  0.362962E+000
  0.128265E+001  0.796917E+000  0.988842E-001
  0.128265E+001  0.114665E+001  0.142280E+000
  0.128265E+001  0.162951E+001  0.202195E+000
  0.128265E+001  0.200430E+001  0.248700E+000
  0.128265E+001  0.268457E+001  0.333110E+000
  0.128265E+001  0.292471E+001  0.362908E+000
  0.128639E+001  0.805466E+000  0.996538E-001
  0.128639E+001  0.115305E+001  0.142658E+000
  0.128639E+001  0.163819E+001  0.202681E+000
  0.128639E+001  0.201716E+001  0.249567E+000
  0.128639E+001  0.269400E+001  0.333307E+000
  0.128639E+001  0.287146E+001  0.355262E+000
  0.129014E+001  0.814002E+000  0.100417E+000
  0.129014E+001  0.115946E+001  0.143033E+000
  0.129014E+001  0.164694E+001  0.203171E+000
  0.129014E+001  0.203004E+001  0.250431E+000
  0.129014E+001  0.270343E+001  0.333501E+000
  0.129014E+001  0.287944E+001  0.355215E+000
  0.129389E+001  0.822520E+000  0.101174E+000
  0.129389E+001  0.116585E+001  0.143406E+000
  0.129389E+001  0.165575E+001  0.203666E+000
  0.129389E+001  0.204292E+001  0.251290E+000
  0.129389E+001  0.271283E+001  0.333693E+000
  0.129389E+001  0.288741E+001  0.355167E+000
  0.129764E+001  0.831023E+000  0.101925E+000
  0.129764E+001  0.117225E+001  0.143776E+000
  0.129764E+001  0.166462E+001  0.204166E+000
  0.129764E+001  0.205580E+001  0.252144E+000
  0.129764E+001  0.272222E+001  0.333881E+000
  0.129764E+001  0.289539E+001  0.355120E+000
  0.130138E+001  0.839511E+000  0.102670E+000
  0.130138E+001  0.117864E+001  0.144144E+000
  0.130138E+001  0.167355E+001  0.204670E+000
  0.130138E+001  0.206868E+001  0.252992E+000
  0.130138E+001  0.273160E+001  0.334065E+000
  0.130138E+001  0.290337E+001  0.355073E+000
  0.130513E+001  0.847985E+000  0.103408E+000
  0.130513E+001  0.118502E+001  0.144509E+000
  0.130513E+001  0.168254E+001  0.205179E+000
  0.130513E+001  0.208155E+001  0.253836E+000
  0.130513E+001  0.274096E+001  0.334248E+000
  0.130513E+001  0.291135E+001  0.355026E+000
  0.130888E+001  0.856443E+000  0.104141E+000
  0.130888E+001  0.119141E+001  0.144871E+000
  0.130888E+001  0.169159E+001  0.205692E+000
  0.130888E+001  0.209442E+001  0.254674E+000
  0.130888E+001  0.275030E+001  0.334427E+000
  0.130888E+001  0.291933E+001  0.354980E+000
  0.131262E+001  0.864886E+000  0.104867E+000
  0.131262E+001  0.119779E+001  0.145232E+000
  0.131262E+001  0.170072E+001  0.206211E+000
  0.131262E+001  0.210727E+001  0.255505E+000
  0.131262E+001  0.275963E+001  0.334604E+000
  0.131262E+001  0.292731E+001  0.354934E+000
  0.131637E+001  0.873322E+000  0.105588E+000
  0.131637E+001  0.120417E+001  0.145590E+000
  0.131637E+001  0.170990E+001  0.206734E+000
  0.131637E+001  0.212011E+001  0.256330E+000
  0.131637E+001  0.276895E+001  0.334777E+000
  0.131637E+001  0.293528E+001  0.354888E+000
  0.132012E+001  0.881742E+000  0.106304E+000
  0.132012E+001  0.121055E+001  0.145945E+000
  0.132012E+001  0.171915E+001  0.207262E+000
  0.132012E+001  0.213294E+001  0.257150E+000
  0.132012E+001  0.277825E+001  0.334949E+000
  0.132012E+001  0.294327E+001  0.354843E+000
  0.132387E+001  0.890154E+000  0.107014E+000
  0.132387E+001  0.121692E+001  0.146298E+000
  0.132387E+001  0.172846E+001  0.207795E+000
  0.132387E+001  0.214575E+001  0.257962E+000
  0.132387E+001  0.278754E+001  0.335117E+000
  0.132387E+001  0.295125E+001  0.354798E+000
  0.132761E+001  0.898549E+000  0.107718E+000
  0.132761E+001  0.122330E+001  0.146649E+000
  0.132761E+001  0.173784E+001  0.208332E+000
  0.132761E+001  0.215855E+001  0.258768E+000
  0.132761E+001  0.279681E+001  0.335282E+000
  0.132761E+001  0.295923E+001  0.354754E+000
  0.133136E+001  0.906937E+000  0.108418E+000
  0.133136E+001  0.122967E+001  0.146998E+000
  0.133136E+001  0.174728E+001  0.208875E+000
  0.133136E+001  0.217132E+001  0.259566E+000
  0.133136E+001  0.296722E+001  0.354710E+000
  0.133511E+001  0.915316E+000  0.109112E+000
  0.133511E+001  0.123604E+001  0.147345E+000
  0.133511E+001  0.175679E+001  0.209423E+000
  0.133511E+001  0.218407E+001  0.260358E+000
  0.133511E+001  0.281531E+001  0.335606E+000
  0.133511E+001  0.297520E+001  0.354666E+000
  0.133886E+001  0.923687E+000  0.109802E+000
  0.133886E+001  0.124241E+001  0.147690E+000
  0.133886E+001  0.176637E+001  0.209975E+000
  0.133886E+001  0.219680E+001  0.261141E+000
  0.133886E+001  0.282454E+001  0.335764E+000
  0.133886E+001  0.298319E+001  0.354623E+000
  0.134261E+001  0.932045E+000  0.110486E+000
  0.134261E+001  0.124877E+001  0.148032E+000
  0.134261E+001  0.177601E+001  0.210532E+000
  0.134261E+001  0.220950E+001  0.261918E+000
  0.134261E+001  0.283376E+001  0.335920E+000
  0.134261E+001  0.299118E+001  0.354580E+000
  0.134635E+001  0.940398E+000  0.111166E+000
  0.134635E+001  0.125514E+001  0.148373E+000
  0.134635E+001  0.178572E+001  0.211094E+000
  0.134635E+001  0.222218E+001  0.262688E+000
  0.134635E+001  0.284297E+001  0.336073E+000
  0.134635E+001  0.299917E+001  0.354537E+000
  0.135010E+001  0.948742E+000  0.111841E+000
  0.135010E+001  0.126151E+001  0.148711E+000
  0.135010E+001  0.179550E+001  0.211660E+000
  0.135010E+001  0.223482E+001  0.263450E+000
  0.135010E+001  0.285216E+001  0.336224E+000
  0.135010E+001  0.300716E+001  0.354495E+000
  0.135385E+001  0.957076E+000  0.112511E+000
  0.135385E+001  0.126787E+001  0.149048E+000
  0.135385E+001  0.180534E+001  0.212231E+000
  0.135385E+001  0.224744E+001  0.264204E+000
  0.135385E+001  0.286134E+001  0.336372E+000
  0.135385E+001  0.301515E+001  0.354454E+000
  0.135760E+001  0.965406E+000  0.113177E+000
  0.135760E+001  0.127423E+001  0.149382E+000
  0.135760E+001  0.181525E+001  0.212807E+000
  0.135760E+001  0.226003E+001  0.264950E+000
  0.135760E+001  0.287050E+001  0.336518E+000
  0.135760E+001  0.302314E+001  0.354412E+000
  0.136134E+001  0.973730E+000  0.113839E+000
  0.136134E+001  0.128060E+001  0.149715E+000
  0.136134E+001  0.182522E+001  0.213387E+000
  0.136134E+001  0.227259E+001  0.265690E+000
  0.136134E+001  0.287965E+001  0.336661E+000
  0.136134E+001  0.303114E+001  0.354371E+000
  0.136509E+001  0.982048E+000  0.114496E+000
  0.136509E+001  0.128696E+001  0.150046E+000
  0.136509E+001  0.183526E+001  0.213972E+000
  0.136509E+001  0.228512E+001  0.266421E+000
  0.136509E+001  0.288880E+001  0.336803E+000
  0.136509E+001  0.310391E+001  0.361883E+000
  0.136884E+001  0.532013E+000  0.618572E-001
  0.136884E+001  0.990361E+000  0.115149E+000
  0.136884E+001  0.129333E+001  0.150375E+000
  0.136884E+001  0.184537E+001  0.214561E+000
  0.136884E+001  0.229762E+001  0.267144E+000
  0.136884E+001  0.289792E+001  0.336941E+000
  0.136884E+001  0.311210E+001  0.361844E+000
  0.137258E+001  0.998663E+000  0.115798E+000
  0.137258E+001  0.129969E+001  0.150702E+000
  0.137258E+001  0.185554E+001  0.215155E+000
  0.137258E+001  0.231007E+001  0.267859E+000
  0.137258E+001  0.290703E+001  0.337078E+000
  0.137258E+001  0.312028E+001  0.361805E+000
  0.137633E+001  0.100697E+001  0.116443E+000
  0.137633E+001  0.130605E+001  0.151028E+000
  0.137633E+001  0.186577E+001  0.215752E+000
  0.137633E+001  0.232250E+001  0.268567E+000
  0.137633E+001  0.291613E+001  0.337213E+000
  0.137633E+001  0.306313E+001  0.354211E+000
  0.138008E+001  0.101526E+001  0.117083E+000
  0.138008E+001  0.131242E+001  0.151352E+000
  0.138008E+001  0.187607E+001  0.216354E+000
  0.138008E+001  0.233490E+001  0.269267E+000
  0.138008E+001  0.292522E+001  0.337345E+000
  0.138008E+001  0.307114E+001  0.354173E+000
  0.138383E+001  0.102356E+001  0.117720E+000
  0.138383E+001  0.131878E+001  0.151674E+000
  0.138383E+001  0.188643E+001  0.216960E+000
  0.138383E+001  0.234726E+001  0.269960E+000
  0.138383E+001  0.293430E+001  0.337475E+000
  0.138383E+001  0.307914E+001  0.354134E+000
  0.138758E+001  0.103185E+001  0.118353E+000
  0.138758E+001  0.132515E+001  0.151995E+000
  0.138758E+001  0.189686E+001  0.217569E+000
  0.138758E+001  0.235958E+001  0.270644E+000
  0.138758E+001  0.308715E+001  0.354097E+000
  0.139132E+001  0.104014E+001  0.118982E+000
  0.139132E+001  0.133151E+001  0.152313E+000
  0.139132E+001  0.190734E+001  0.218183E+000
  0.139132E+001  0.237187E+001  0.271321E+000
  0.139132E+001  0.309516E+001  0.354059E+000
  0.139507E+001  0.104842E+001  0.119608E+000
  0.139507E+001  0.133788E+001  0.152631E+000
  0.139507E+001  0.191789E+001  0.218800E+000
  0.139507E+001  0.238413E+001  0.271991E+000
  0.139507E+001  0.310317E+001  0.354022E+000
  0.139882E+001  0.105670E+001  0.120229E+000
  0.139882E+001  0.134425E+001  0.152946E+000
  0.139882E+001  0.192849E+001  0.219421E+000
  0.139882E+001  0.239635E+001  0.272652E+000
  0.139882E+001  0.297048E+001  0.337976E+000
  0.139882E+001  0.311118E+001  0.353985E+000
  0.140257E+001  0.106498E+001  0.120848E+000
  0.140257E+001  0.135062E+001  0.153260E+000
  0.140257E+001  0.193916E+001  0.220044E+000
  0.140257E+001  0.240853E+001  0.273306E+000
  0.140257E+001  0.297950E+001  0.338096E+000
  0.140257E+001  0.311920E+001  0.353949E+000
  0.140631E+001  0.107326E+001  0.121463E+000
  0.140631E+001  0.135699E+001  0.153573E+000
  0.140631E+001  0.194988E+001  0.220671E+000
  0.140631E+001  0.242068E+001  0.273953E+000
  0.140631E+001  0.298850E+001  0.338214E+000
  0.140631E+001  0.312722E+001  0.353913E+000
  0.141006E+001  0.108153E+001  0.122074E+000
  0.141006E+001  0.136336E+001  0.153884E+000
  0.141006E+001  0.196065E+001  0.221301E+000
  0.141006E+001  0.243279E+001  0.274592E+000
  0.141006E+001  0.299749E+001  0.338330E+000
  0.141006E+001  0.313524E+001  0.353877E+000
  0.141381E+001  0.108981E+001  0.122682E+000
  0.141381E+001  0.136974E+001  0.154194E+000
  0.141381E+001  0.197149E+001  0.221934E+000
  0.141381E+001  0.244486E+001  0.275223E+000
  0.141381E+001  0.300647E+001  0.338444E+000
  0.141381E+001  0.314326E+001  0.353843E+000
  0.141756E+001  0.109808E+001  0.123286E+000
  0.141756E+001  0.137612E+001  0.154502E+000
  0.141756E+001  0.198237E+001  0.222569E+000
  0.141756E+001  0.245690E+001  0.275846E+000
  0.141756E+001  0.301544E+001  0.338556E+000
  0.141756E+001  0.315129E+001  0.353808E+000
  0.142130E+001  0.110635E+001  0.123887E+000
  0.142130E+001  0.138250E+001  0.154809E+000
  0.142130E+001  0.199331E+001  0.223207E+000
  0.142130E+001  0.246890E+001  0.276464E+000
  0.142130E+001  0.302440E+001  0.338667E+000
  0.142130E+001  0.315931E+001  0.353774E+000
  0.142505E+001  0.111462E+001  0.124485E+000
  0.142505E+001  0.138887E+001  0.155115E+000
  0.142505E+001  0.200430E+001  0.223848E+000
  0.142505E+001  0.248087E+001  0.277073E+000
  0.142505E+001  0.303334E+001  0.338775E+000
  0.142505E+001  0.316734E+001  0.353741E+000
  0.142880E+001  0.112289E+001  0.125079E+000
  0.142880E+001  0.139526E+001  0.155419E+000
  0.142880E+001  0.201534E+001  0.224490E+000
  0.142880E+001  0.249280E+001  0.277675E+000
  0.142880E+001  0.304228E+001  0.338882E+000
  0.142880E+001  0.317538E+001  0.353708E+000
  0.143254E+001  0.113115E+001  0.125670E+000
  0.143254E+001  0.140164E+001  0.155722E+000
  0.143254E+001  0.202642E+001  0.225134E+000
  0.143254E+001  0.250469E+001  0.278270E+000
  0.143254E+001  0.305120E+001  0.338987E+000
  0.143254E+001  0.318341E+001  0.353675E+000
  0.143629E+001  0.113941E+001  0.126258E+000
  0.143629E+001  0.140803E+001  0.156023E+000
  0.143629E+001  0.203755E+001  0.225780E+000
  0.143629E+001  0.251655E+001  0.278858E+000
  0.143629E+001  0.306011E+001  0.339089E+000
  0.143629E+001  0.319145E+001  0.353643E+000
  0.144004E+001  0.141443E+001  0.156324E+000
  0.144004E+001  0.204872E+001  0.226428E+000
  0.144004E+001  0.252837E+001  0.279438E+000
  0.144004E+001  0.306901E+001  0.339191E+000
  0.144004E+001  0.319949E+001  0.353611E+000
  0.144379E+001  0.142082E+001  0.156623E+000
  0.144379E+001  0.205994E+001  0.227076E+000
  0.144379E+001  0.254016E+001  0.280013E+000
  0.144379E+001  0.307790E+001  0.339290E+000
  0.144379E+001  0.320753E+001  0.353580E+000
  0.144754E+001  0.142722E+001  0.156921E+000
  0.144754E+001  0.207120E+001  0.227726E+000
  0.144754E+001  0.255191E+001  0.280580E+000
  0.144754E+001  0.308678E+001  0.339388E+000
  0.144754E+001  0.321558E+001  0.353550E+000
  0.145128E+001  0.143362E+001  0.157218E+000
  0.145128E+001  0.208250E+001  0.228377E+000
  0.145128E+001  0.256362E+001  0.281139E+000
  0.145128E+001  0.309565E+001  0.339484E+000
  0.145128E+001  0.322363E+001  0.353520E+000
  0.145503E+001  0.144003E+001  0.157514E+000
  0.145503E+001  0.209383E+001  0.229029E+000
  0.145503E+001  0.257530E+001  0.281693E+000
  0.145503E+001  0.323168E+001  0.353490E+000
  0.145878E+001  0.789019E+000  0.860833E-001
  0.145878E+001  0.144643E+001  0.157808E+000
  0.145878E+001  0.210520E+001  0.229681E+000
  0.145878E+001  0.258695E+001  0.282240E+000
  0.145878E+001  0.323974E+001  0.353461E+000
  0.146253E+001  0.795847E+000  0.866057E-001
  0.146253E+001  0.145285E+001  0.158102E+000
  0.146253E+001  0.211660E+001  0.230333E+000
  0.146253E+001  0.259856E+001  0.282781E+000
  0.146253E+001  0.324780E+001  0.353432E+000
  0.146627E+001  0.697633E+000  0.757238E-001
  0.146627E+001  0.893220E+000  0.969536E-001
  0.146627E+001  0.145926E+001  0.158394E+000
  0.146627E+001  0.212804E+001  0.230986E+000
  0.146627E+001  0.261013E+001  0.283314E+000
  0.146627E+001  0.325586E+001  0.353404E+000
  0.147002E+001  0.641570E+000  0.694610E-001
  0.147002E+001  0.943174E+000  0.102115E+000
  0.147002E+001  0.121356E+001  0.131388E+000
  0.147002E+001  0.146569E+001  0.158686E+000
  0.147002E+001  0.213950E+001  0.231637E+000
  0.147002E+001  0.262168E+001  0.283841E+000
  0.147002E+001  0.326392E+001  0.353376E+000
  0.147377E+001  0.599737E+000  0.647667E-001
  0.147377E+001  0.978924E+000  0.105716E+000
  0.147377E+001  0.122175E+001  0.131940E+000
  0.147377E+001  0.147211E+001  0.158976E+000
  0.147377E+001  0.215099E+001  0.232290E+000
  0.147377E+001  0.263319E+001  0.284363E+000
  0.147377E+001  0.314862E+001  0.340026E+000
  0.147377E+001  0.327199E+001  0.353349E+000
  0.147752E+001  0.564528E+000  0.608098E-001
  0.147752E+001  0.100807E+001  0.108587E+000
  0.147752E+001  0.147854E+001  0.159265E+000
  0.147752E+001  0.216252E+001  0.232942E+000
  0.147752E+001  0.264466E+001  0.284878E+000
  0.147752E+001  0.315741E+001  0.340110E+000
  0.147752E+001  0.328007E+001  0.353322E+000
  0.148126E+001  0.533359E+000  0.573070E-001
  0.148126E+001  0.103318E+001  0.111011E+000
  0.148126E+001  0.123812E+001  0.133030E+000
  0.148126E+001  0.148497E+001  0.159554E+000
  0.148126E+001  0.217406E+001  0.233592E+000
  0.148126E+001  0.265610E+001  0.285386E+000
  0.148126E+001  0.316620E+001  0.340193E+000
  0.148501E+001  0.504975E+000  0.541204E-001
  0.148501E+001  0.105551E+001  0.113124E+000
  0.148501E+001  0.124628E+001  0.133569E+000
  0.148501E+001  0.149141E+001  0.159841E+000
  0.148501E+001  0.218562E+001  0.234242E+000
  0.148501E+001  0.266752E+001  0.285889E+000
  0.148501E+001  0.317497E+001  0.340275E+000
  0.148876E+001  0.478628E+000  0.511675E-001
  0.148876E+001  0.107578E+001  0.115006E+000
  0.148876E+001  0.125442E+001  0.134103E+000
  0.148876E+001  0.149785E+001  0.160127E+000
  0.148876E+001  0.219721E+001  0.234892E+000
  0.148876E+001  0.267889E+001  0.286385E+000
  0.148876E+001  0.318373E+001  0.340355E+000
  0.149250E+001  0.453830E+000  0.483947E-001
  0.149250E+001  0.109445E+001  0.116708E+000
  0.149250E+001  0.126255E+001  0.134633E+000
  0.149250E+001  0.150430E+001  0.160413E+000
  0.149250E+001  0.220881E+001  0.235539E+000
  0.149250E+001  0.269023E+001  0.286876E+000
  0.149250E+001  0.319248E+001  0.340433E+000
  0.149250E+001  0.338360E+001  0.360814E+000
  0.149625E+001  0.430187E+000  0.457586E-001
  0.149625E+001  0.111183E+001  0.118264E+000
  0.149625E+001  0.127066E+001  0.135159E+000
  0.149625E+001  0.151075E+001  0.160698E+000
  0.149625E+001  0.222044E+001  0.236186E+000
  0.149625E+001  0.270154E+001  0.287361E+000
  0.149625E+001  0.320122E+001  0.340511E+000
  0.149625E+001  0.339187E+001  0.360790E+000
