  0.687346E-002  0.781239E-001  0.106806E-004  0.708180E-004  0.708180E-004  0.475643E-003
  0.687346E-002  0.781239E-001  0.106806E-004  0.708180E-004  0.708180E-004  0.475643E-003
  0.770417E-002  0.830544E-001  0.735661E-005  0.466540E-004  0.466540E-004  0.300685E-003
  0.857092E-002  0.879787E-001  0.522289E-005  0.317757E-004  0.317757E-004  0.197197E-003
  0.947188E-002  0.928968E-001  0.381019E-005  0.222951E-004  0.222951E-004  0.133621E-003
  0.104053E-001  0.978089E-001  0.284865E-005  0.160665E-004  0.160665E-004  0.932287E-004
  0.113695E-001  0.102715E+000  0.217755E-005  0.118600E-004  0.118600E-004  0.667761E-004
  0.123630E-001  0.107615E+000  0.169814E-005  0.894598E-005  0.894598E-005  0.489654E-004
  0.133841E-001  0.112510E+000  0.134912E-005  0.688464E-005  0.688464E-005  0.366929E-004
  0.144316E-001  0.117399E+000  0.108967E-005  0.539348E-005  0.539348E-005  0.280304E-004
  0.155040E-001  0.122283E+000  0.893756E-006  0.429598E-005  0.429598E-005  0.217986E-004
  0.166001E-001  0.127161E+000  0.743281E-006  0.347338E-005  0.347338E-005  0.172269E-004
  0.177188E-001  0.132034E+000  0.626066E-006  0.284734E-005  0.284734E-005  0.138169E-004
  0.188589E-001  0.136903E+000  0.533621E-006  0.236440E-005  0.236440E-005  0.112356E-004
  0.200195E-001  0.141766E+000  0.459646E-006  0.198610E-005  0.198610E-005  0.924957E-005
  0.211995E-001  0.146625E+000  0.399895E-006  0.168669E-005  0.168669E-005  0.770404E-005
  0.223982E-001  0.151479E+000  0.351041E-006  0.144663E-005  0.144663E-005  0.648469E-005
  0.236146E-001  0.156329E+000  0.310760E-006  0.125237E-005  0.125237E-005  0.551290E-005
  0.248481E-001  0.161174E+000  0.277193E-006  0.109339E-005  0.109339E-005  0.472915E-005
  0.260980E-001  0.166015E+000  0.249007E-006  0.962193E-006  0.962193E-006  0.409126E-005
  0.273636E-001  0.170853E+000  0.225177E-006  0.853093E-006  0.853093E-006  0.356774E-005
  0.286443E-001  0.175686E+000  0.204844E-006  0.761489E-006  0.761489E-006  0.313374E-005
  0.299397E-001  0.180515E+000  0.187383E-006  0.684025E-006  0.684025E-006  0.277116E-005
  0.312491E-001  0.185341E+000  0.172319E-006  0.618165E-006  0.618165E-006  0.246640E-005
  0.325721E-001  0.190162E+000  0.159217E-006  0.561688E-006  0.561688E-006  0.220798E-005
  0.339084E-001  0.194981E+000  0.147785E-006  0.513068E-006  0.513068E-006  0.198782E-005
  0.352574E-001  0.199795E+000  0.137738E-006  0.470887E-006  0.470887E-006  0.179876E-005
  0.366189E-001  0.204606E+000  0.128877E-006  0.434142E-006  0.434142E-006  0.163565E-005
  0.379925E-001  0.209414E+000  0.121031E-006  0.401978E-006  0.401978E-006  0.149419E-005
  0.393779E-001  0.214218E+000  0.114046E-006  0.373660E-006  0.373660E-006  0.137075E-005
  0.407748E-001  0.219019E+000  0.107810E-006  0.348644E-006  0.348644E-006  0.126261E-005
  0.421830E-001  0.223817E+000  0.102221E-006  0.326445E-006  0.326445E-006  0.116743E-005
  0.436021E-001  0.228611E+000  0.971938E-007  0.306660E-006  0.306660E-006  0.108324E-005
  0.450320E-001  0.233402E+000  0.926591E-007  0.288970E-006  0.288970E-006  0.100852E-005
  0.464724E-001  0.238190E+000  0.885591E-007  0.273104E-006  0.273104E-006  0.941965E-006
  0.479232E-001  0.242975E+000  0.848397E-007  0.258820E-006  0.258820E-006  0.882438E-006
  0.493841E-001  0.247757E+000  0.814593E-007  0.245927E-006  0.245927E-006  0.829037E-006
  0.508550E-001  0.252536E+000  0.783784E-007  0.234251E-006  0.234251E-006  0.780959E-006
  0.523357E-001  0.257311E+000  0.755601E-007  0.223634E-006  0.223634E-006  0.737493E-006
  0.538260E-001  0.262084E+000  0.729862E-007  0.213986E-006  0.213986E-006  0.698183E-006
  0.553259E-001  0.266854E+000  0.706247E-007  0.205176E-006  0.205176E-006  0.662462E-006
  0.568351E-001  0.271621E+000  0.684566E-007  0.197119E-006  0.197119E-006  0.629939E-006
  0.583535E-001  0.276384E+000  0.664584E-007  0.189720E-006  0.189720E-006  0.600208E-006
  0.598809E-001  0.281145E+000  0.646224E-007  0.182939E-006  0.182939E-006  0.573048E-006
  0.614174E-001  0.285904E+000  0.629306E-007  0.176703E-006  0.176703E-006  0.548151E-006
  0.629627E-001  0.290659E+000  0.613649E-007  0.170942E-006  0.170942E-006  0.525231E-006
  0.645167E-001  0.295411E+000  0.599173E-007  0.165620E-006  0.165620E-006  0.504119E-006
  0.660793E-001  0.300161E+000  0.585808E-007  0.160706E-006  0.160706E-006  0.484661E-006
  0.676504E-001  0.304907E+000  0.573393E-007  0.156141E-006  0.156141E-006  0.466634E-006
  0.692299E-001  0.309651E+000  0.561913E-007  0.151913E-006  0.151913E-006  0.449959E-006
  0.708176E-001  0.314393E+000  0.551303E-007  0.147996E-006  0.147996E-006  0.434516E-006
  0.724136E-001  0.319131E+000  0.541411E-007  0.144336E-006  0.144336E-006  0.420120E-006
  0.740176E-001  0.323867E+000  0.532262E-007  0.140937E-006  0.140937E-006  0.406747E-006
  0.756297E-001  0.328600E+000  0.523750E-007  0.137763E-006  0.137763E-006  0.394264E-006
  0.772496E-001  0.333330E+000  0.515848E-007  0.134800E-006  0.134800E-006  0.382610E-006
  0.788773E-001  0.338058E+000  0.508531E-007  0.132037E-006  0.132037E-006  0.371732E-006
  0.805127E-001  0.342783E+000  0.501730E-007  0.129451E-006  0.129451E-006  0.361543E-006
  0.821557E-001  0.347505E+000  0.495409E-007  0.127028E-006  0.127028E-006  0.351986E-006
  0.838063E-001  0.352225E+000  0.489555E-007  0.124762E-006  0.124762E-006  0.343027E-006
  0.854642E-001  0.356942E+000  0.484127E-007  0.122638E-006  0.122638E-006  0.334611E-006
  0.871295E-001  0.361656E+000  0.479081E-007  0.120641E-006  0.120641E-006  0.326685E-006
  0.888021E-001  0.366368E+000  0.474420E-007  0.118770E-006  0.118770E-006  0.319231E-006
  0.904818E-001  0.371078E+000  0.470129E-007  0.117019E-006  0.117019E-006  0.312221E-006
  0.921686E-001  0.375785E+000  0.466152E-007  0.115370E-006  0.115370E-006  0.305599E-006
  0.938623E-001  0.380489E+000  0.462476E-007  0.113819E-006  0.113819E-006  0.299343E-006
  0.955630E-001  0.385191E+000  0.459098E-007  0.112362E-006  0.112362E-006  0.293435E-006
  0.972705E-001  0.389890E+000  0.455979E-007  0.110988E-006  0.110988E-006  0.287838E-006
  0.989847E-001  0.394587E+000  0.453134E-007  0.109700E-006  0.109700E-006  0.282550E-006
  0.100706E+000  0.399282E+000  0.450510E-007  0.108481E-006  0.108481E-006  0.277525E-006
  0.102433E+000  0.403974E+000  0.448165E-007  0.107347E-006  0.107347E-006  0.272795E-006
  0.104167E+000  0.408664E+000  0.446009E-007  0.106273E-006  0.106273E-006  0.268288E-006
  0.105907E+000  0.413351E+000  0.444072E-007  0.105265E-006  0.105265E-006  0.264019E-006
  0.107654E+000  0.418036E+000  0.442289E-007  0.104305E-006  0.104305E-006  0.259936E-006
  0.109407E+000  0.422719E+000  0.440717E-007  0.103409E-006  0.103409E-006  0.256071E-006
  0.111166E+000  0.427399E+000  0.439314E-007  0.102563E-006  0.102563E-006  0.252390E-006
  0.112931E+000  0.432077E+000  0.438090E-007  0.101770E-006  0.101770E-006  0.248895E-006
  0.114702E+000  0.436753E+000  0.437031E-007  0.101026E-006  0.101026E-006  0.245569E-006
  0.116479E+000  0.441426E+000  0.436096E-007  0.100319E-006  0.100319E-006  0.242386E-006
  0.118262E+000  0.446098E+000  0.435326E-007  0.996598E-007  0.996598E-007  0.239362E-006
  0.120051E+000  0.450767E+000  0.434653E-007  0.990308E-007  0.990308E-007  0.236455E-006
  0.121845E+000  0.455434E+000  0.434164E-007  0.984522E-007  0.984522E-007  0.233711E-006
  0.123645E+000  0.460099E+000  0.433774E-007  0.979033E-007  0.979033E-007  0.231077E-006
  0.125450E+000  0.464761E+000  0.433515E-007  0.973915E-007  0.973915E-007  0.228569E-006
  0.127261E+000  0.469422E+000  0.433361E-007  0.969095E-007  0.969095E-007  0.226167E-006
  0.129077E+000  0.474080E+000  0.433315E-007  0.964584E-007  0.964584E-007  0.223872E-006
  0.130899E+000  0.478737E+000  0.433353E-007  0.960313E-007  0.960313E-007  0.221665E-006
  0.132726E+000  0.483391E+000  0.433478E-007  0.956295E-007  0.956295E-007  0.219547E-006
  0.134558E+000  0.488043E+000  0.433708E-007  0.952563E-007  0.952563E-007  0.217526E-006
  0.136395E+000  0.492694E+000  0.434060E-007  0.949154E-007  0.949154E-007  0.215607E-006
  0.138237E+000  0.497342E+000  0.434470E-007  0.945919E-007  0.945919E-007  0.213754E-006
  0.140084E+000  0.501988E+000  0.434956E-007  0.942895E-007  0.942895E-007  0.211976E-006
  0.141936E+000  0.506632E+000  0.435509E-007  0.940059E-007  0.940059E-007  0.210266E-006
  0.143793E+000  0.511275E+000  0.436149E-007  0.937453E-007  0.937453E-007  0.208630E-006
  0.145655E+000  0.515915E+000  0.436809E-007  0.934929E-007  0.934929E-007  0.207036E-006
  0.147521E+000  0.520554E+000  0.437609E-007  0.932747E-007  0.932747E-007  0.205540E-006
  0.149392E+000  0.525191E+000  0.438441E-007  0.930669E-007  0.930669E-007  0.204089E-006
  0.151267E+000  0.529826E+000  0.439367E-007  0.928828E-007  0.928828E-007  0.202709E-006
  0.153147E+000  0.534459E+000  0.440310E-007  0.927053E-007  0.927053E-007  0.201364E-006
  0.155032E+000  0.539090E+000  0.441261E-007  0.925326E-007  0.925326E-007  0.200049E-006
  0.156921E+000  0.543720E+000  0.442312E-007  0.923842E-007  0.923842E-007  0.198804E-006
  0.158814E+000  0.548348E+000  0.443427E-007  0.922523E-007  0.922523E-007  0.197613E-006
  0.160711E+000  0.552974E+000  0.444598E-007  0.921351E-007  0.921351E-007  0.196470E-006
  0.162612E+000  0.557598E+000  0.445819E-007  0.920308E-007  0.920308E-007  0.195371E-006
  0.164518E+000  0.562221E+000  0.447040E-007  0.919291E-007  0.919291E-007  0.194293E-006
  0.166428E+000  0.566841E+000  0.448267E-007  0.918311E-007  0.918311E-007  0.193238E-006
  0.168341E+000  0.571461E+000  0.449653E-007  0.917687E-007  0.917687E-007  0.192274E-006
  0.170259E+000  0.576078E+000  0.450960E-007  0.916921E-007  0.916921E-007  0.191294E-006
  0.172180E+000  0.580694E+000  0.452383E-007  0.916419E-007  0.916419E-007  0.190383E-006
  0.174106E+000  0.585309E+000  0.453774E-007  0.915871E-007  0.915871E-007  0.189475E-006
  0.176035E+000  0.589922E+000  0.455240E-007  0.915497E-007  0.915497E-007  0.188617E-006
  0.177968E+000  0.594533E+000  0.456701E-007  0.915137E-007  0.915137E-007  0.187775E-006
  0.179904E+000  0.599143E+000  0.458256E-007  0.914986E-007  0.914986E-007  0.186987E-006
  0.181844E+000  0.603751E+000  0.459795E-007  0.914823E-007  0.914823E-007  0.186209E-006
  0.183788E+000  0.608358E+000  0.461343E-007  0.914698E-007  0.914698E-007  0.185450E-006
  0.185735E+000  0.612963E+000  0.462937E-007  0.914683E-007  0.914683E-007  0.184725E-006
  0.187686E+000  0.617567E+000  0.464528E-007  0.914682E-007  0.914682E-007  0.184014E-006
  0.189640E+000  0.622169E+000  0.466154E-007  0.914769E-007  0.914769E-007  0.183331E-006
  0.191598E+000  0.626770E+000  0.467767E-007  0.914847E-007  0.914847E-007  0.182657E-006
  0.193559E+000  0.631370E+000  0.469436E-007  0.915053E-007  0.915053E-007  0.182019E-006
  0.195523E+000  0.635968E+000  0.471123E-007  0.915314E-007  0.915314E-007  0.181401E-006
  0.197490E+000  0.640564E+000  0.472824E-007  0.915620E-007  0.915620E-007  0.180802E-006
  0.199460E+000  0.645160E+000  0.474598E-007  0.916085E-007  0.916085E-007  0.180243E-006
  0.201434E+000  0.649754E+000  0.476302E-007  0.916428E-007  0.916428E-007  0.179670E-006
  0.203411E+000  0.654346E+000  0.478005E-007  0.916786E-007  0.916786E-007  0.179108E-006
  0.205391E+000  0.658938E+000  0.479767E-007  0.917276E-007  0.917276E-007  0.178581E-006
  0.207373E+000  0.663528E+000  0.481594E-007  0.917909E-007  0.917909E-007  0.178090E-006
  0.209359E+000  0.668116E+000  0.483331E-007  0.918382E-007  0.918382E-007  0.177577E-006
  0.211348E+000  0.672704E+000  0.485116E-007  0.918962E-007  0.918962E-007  0.177092E-006
  0.213339E+000  0.677290E+000  0.486953E-007  0.919658E-007  0.919658E-007  0.176638E-006
  0.215334E+000  0.681875E+000  0.488719E-007  0.920234E-007  0.920234E-007  0.176168E-006
  0.217331E+000  0.686459E+000  0.490563E-007  0.920974E-007  0.920974E-007  0.175737E-006
  0.219331E+000  0.691042E+000  0.492405E-007  0.921725E-007  0.921725E-007  0.175316E-006
  0.221334E+000  0.695623E+000  0.494207E-007  0.922413E-007  0.922413E-007  0.174890E-006
  0.223339E+000  0.700203E+000  0.496076E-007  0.923245E-007  0.923245E-007  0.174499E-006
  0.225347E+000  0.704782E+000  0.497931E-007  0.924064E-007  0.924064E-007  0.174112E-006
  0.227357E+000  0.709360E+000  0.499847E-007  0.925012E-007  0.925012E-007  0.173756E-006
  0.229371E+000  0.713937E+000  0.501664E-007  0.925787E-007  0.925787E-007  0.173374E-006
  0.231386E+000  0.718513E+000  0.503613E-007  0.926825E-007  0.926825E-007  0.173048E-006
  0.233405E+000  0.723087E+000  0.505420E-007  0.927611E-007  0.927611E-007  0.172681E-006
  0.235425E+000  0.727661E+000  0.507389E-007  0.928712E-007  0.928712E-007  0.172379E-006
  0.237448E+000  0.732233E+000  0.509288E-007  0.929697E-007  0.929697E-007  0.172062E-006
  0.239474E+000  0.736805E+000  0.511185E-007  0.930690E-007  0.930690E-007  0.171752E-006
  0.241502E+000  0.741375E+000  0.513084E-007  0.931702E-007  0.931702E-007  0.171451E-006
  0.243532E+000  0.745944E+000  0.515018E-007  0.932794E-007  0.932794E-007  0.171171E-006
  0.245564E+000  0.750512E+000  0.516987E-007  0.933959E-007  0.933959E-007  0.170911E-006
  0.247599E+000  0.755080E+000  0.518941E-007  0.935111E-007  0.935111E-007  0.170653E-006
  0.249636E+000  0.759646E+000  0.520886E-007  0.936259E-007  0.936259E-007  0.170400E-006
  0.251676E+000  0.764211E+000  0.522773E-007  0.937316E-007  0.937316E-007  0.170135E-006
  0.253717E+000  0.768775E+000  0.524765E-007  0.938576E-007  0.938576E-007  0.169913E-006
  0.255760E+000  0.773339E+000  0.526815E-007  0.939952E-007  0.939952E-007  0.169717E-006
  0.257806E+000  0.777901E+000  0.528762E-007  0.941155E-007  0.941155E-007  0.169494E-006
  0.259854E+000  0.782463E+000  0.530761E-007  0.942464E-007  0.942464E-007  0.169296E-006
  0.261904E+000  0.787023E+000  0.532735E-007  0.943740E-007  0.943740E-007  0.169096E-006
  0.263956E+000  0.791583E+000  0.534758E-007  0.945114E-007  0.945114E-007  0.168919E-006
  0.266010E+000  0.796141E+000  0.536749E-007  0.946446E-007  0.946446E-007  0.168739E-006
  0.268065E+000  0.800699E+000  0.538871E-007  0.948021E-007  0.948021E-007  0.168607E-006
  0.270123E+000  0.805256E+000  0.540911E-007  0.949461E-007  0.949461E-007  0.168455E-006
  0.272183E+000  0.809812E+000  0.542952E-007  0.950915E-007  0.950915E-007  0.168310E-006
  0.274245E+000  0.814367E+000  0.544991E-007  0.952379E-007  0.952379E-007  0.168170E-006
  0.276308E+000  0.818921E+000  0.547115E-007  0.954002E-007  0.954002E-007  0.168064E-006
  0.278374E+000  0.823475E+000  0.549187E-007  0.955543E-007  0.955543E-007  0.167946E-006
  0.280441E+000  0.828028E+000  0.551339E-007  0.957237E-007  0.957237E-007  0.167860E-006
  0.282510E+000  0.832579E+000  0.553442E-007  0.958855E-007  0.958855E-007  0.167764E-006
  0.284581E+000  0.837130E+000  0.555574E-007  0.960535E-007  0.960535E-007  0.167683E-006
  0.286653E+000  0.841681E+000  0.557824E-007  0.962430E-007  0.962430E-007  0.167643E-006
  0.288728E+000  0.846230E+000  0.559928E-007  0.964082E-007  0.964082E-007  0.167565E-006
  0.290804E+000  0.850779E+000  0.562146E-007  0.965942E-007  0.965942E-007  0.167526E-006
  0.292882E+000  0.855327E+000  0.564346E-007  0.967780E-007  0.967780E-007  0.167487E-006
  0.294961E+000  0.859874E+000  0.566617E-007  0.969749E-007  0.969749E-007  0.167474E-006
  0.297042E+000  0.864420E+000  0.568865E-007  0.971690E-007  0.971690E-007  0.167460E-006
  0.299125E+000  0.868965E+000  0.571089E-007  0.973597E-007  0.973597E-007  0.167443E-006
  0.301209E+000  0.873510E+000  0.573422E-007  0.975702E-007  0.975702E-007  0.167463E-006
  0.303295E+000  0.878054E+000  0.575727E-007  0.977768E-007  0.977768E-007  0.167480E-006
  0.305383E+000  0.882598E+000  0.578046E-007  0.979867E-007  0.979867E-007  0.167505E-006
  0.307472E+000  0.887141E+000  0.580429E-007  0.982081E-007  0.982081E-007  0.167553E-006
  0.309562E+000  0.891683E+000  0.582873E-007  0.984411E-007  0.984411E-007  0.167624E-006
  0.311654E+000  0.896224E+000  0.585283E-007  0.986689E-007  0.986689E-007  0.167689E-006
  0.313748E+000  0.900764E+000  0.587656E-007  0.988912E-007  0.988912E-007  0.167747E-006
  0.315843E+000  0.905304E+000  0.590132E-007  0.991319E-007  0.991319E-007  0.167839E-006
  0.317939E+000  0.909844E+000  0.592712E-007  0.993908E-007  0.993908E-007  0.167965E-006
  0.320037E+000  0.914382E+000  0.595204E-007  0.996357E-007  0.996357E-007  0.168070E-006
  0.322137E+000  0.918920E+000  0.597698E-007  0.998816E-007  0.998816E-007  0.168178E-006
  0.324237E+000  0.923457E+000  0.600346E-007  0.100154E-006  0.100154E-006  0.168335E-006
  0.326339E+000  0.927994E+000  0.602995E-007  0.100427E-006  0.100427E-006  0.168494E-006
  0.328443E+000  0.932530E+000  0.605595E-007  0.100693E-006  0.100693E-006  0.168644E-006
  0.330548E+000  0.937065E+000  0.608245E-007  0.100968E-006  0.100968E-006  0.168811E-006
  0.332654E+000  0.941600E+000  0.610994E-007  0.101260E-006  0.101260E-006  0.169009E-006
  0.334762E+000  0.946134E+000  0.613689E-007  0.101544E-006  0.101544E-006  0.169195E-006
  0.336870E+000  0.950668E+000  0.616585E-007  0.101862E-006  0.101862E-006  0.169440E-006
  0.338980E+000  0.955201E+000  0.619425E-007  0.102170E-006  0.102170E-006  0.169672E-006
  0.341092E+000  0.959733E+000  0.622205E-007  0.102470E-006  0.102470E-006  0.169891E-006
  0.343204E+000  0.964265E+000  0.625187E-007  0.102804E-006  0.102804E-006  0.170168E-006
  0.345318E+000  0.968796E+000  0.628107E-007  0.103127E-006  0.103127E-006  0.170431E-006
  0.347433E+000  0.973327E+000  0.631121E-007  0.103467E-006  0.103467E-006  0.170722E-006
  0.349550E+000  0.977857E+000  0.634069E-007  0.103797E-006  0.103797E-006  0.170998E-006
  0.351667E+000  0.982386E+000  0.637168E-007  0.104151E-006  0.104151E-006  0.171318E-006
  0.353786E+000  0.986915E+000  0.640250E-007  0.104504E-006  0.104504E-006  0.171634E-006
  0.355906E+000  0.991443E+000  0.643371E-007  0.104863E-006  0.104863E-006  0.171964E-006
  0.358027E+000  0.995971E+000  0.646584E-007  0.105238E-006  0.105238E-006  0.172321E-006
  0.360149E+000  0.100050E+001  0.649943E-007  0.105637E-006  0.105637E-006  0.172719E-006
  0.362272E+000  0.100503E+001  0.653451E-007  0.106060E-006  0.106060E-006  0.173159E-006
  0.364396E+000  0.100955E+001  0.656503E-007  0.106410E-006  0.106410E-006  0.173479E-006
  0.366522E+000  0.101408E+001  0.660079E-007  0.106846E-006  0.106846E-006  0.173941E-006
  0.368648E+000  0.101860E+001  0.663306E-007  0.107225E-006  0.107225E-006  0.174312E-006
  0.370776E+000  0.102313E+001  0.667067E-007  0.107690E-006  0.107690E-006  0.174825E-006
  0.372905E+000  0.102765E+001  0.670350E-007  0.108079E-006  0.108079E-006  0.175215E-006
  0.375034E+000  0.103218E+001  0.674417E-007  0.108595E-006  0.108595E-006  0.175811E-006
  0.377165E+000  0.103670E+001  0.677876E-007  0.109013E-006  0.109013E-006  0.176250E-006
  0.379297E+000  0.104122E+001  0.681419E-007  0.109444E-006  0.109444E-006  0.176713E-006
  0.381430E+000  0.104574E+001  0.685047E-007  0.109890E-006  0.109890E-006  0.177199E-006
  0.383563E+000  0.105027E+001  0.689488E-007  0.110466E-006  0.110466E-006  0.177897E-006
  0.385698E+000  0.105479E+001  0.693294E-007  0.110941E-006  0.110941E-006  0.178432E-006
  0.387834E+000  0.105931E+001  0.697185E-007  0.111430E-006  0.111430E-006  0.178990E-006
  0.389970E+000  0.106383E+001  0.701292E-007  0.111953E-006  0.111953E-006  0.179605E-006
  0.392108E+000  0.106835E+001  0.705356E-007  0.112469E-006  0.112469E-006  0.180210E-006
  0.394247E+000  0.107287E+001  0.709507E-007  0.113000E-006  0.113000E-006  0.180838E-006
  0.396386E+000  0.107739E+001  0.713877E-007  0.113565E-006  0.113565E-006  0.181523E-006
  0.398527E+000  0.108191E+001  0.718202E-007  0.114124E-006  0.114124E-006  0.182197E-006
  0.400668E+000  0.108642E+001  0.722095E-007  0.114613E-006  0.114613E-006  0.182763E-006
  0.402810E+000  0.109094E+001  0.726725E-007  0.115221E-006  0.115221E-006  0.183516E-006
  0.404953E+000  0.109546E+001  0.731445E-007  0.115842E-006  0.115842E-006  0.184292E-006
  0.407097E+000  0.109998E+001  0.736255E-007  0.116478E-006  0.116478E-006  0.185091E-006
  0.409242E+000  0.110449E+001  0.740470E-007  0.117019E-006  0.117019E-006  0.185741E-006
  0.411388E+000  0.110901E+001  0.745452E-007  0.117682E-006  0.117682E-006  0.186585E-006
  0.413534E+000  0.111353E+001  0.750671E-007  0.118382E-006  0.118382E-006  0.187487E-006
  0.415681E+000  0.111804E+001  0.755273E-007  0.118984E-006  0.118984E-006  0.188237E-006
  0.417829E+000  0.112256E+001  0.760671E-007  0.119713E-006  0.119713E-006  0.189184E-006
  0.419978E+000  0.112707E+001  0.765436E-007  0.120341E-006  0.120341E-006  0.189975E-006
  0.422128E+000  0.113158E+001  0.770277E-007  0.120981E-006  0.120981E-006  0.190785E-006
  0.424279E+000  0.113610E+001  0.775939E-007  0.121750E-006  0.121750E-006  0.191798E-006
  0.426430E+000  0.114061E+001  0.781097E-007  0.122440E-006  0.122440E-006  0.192686E-006
  0.428582E+000  0.114512E+001  0.786335E-007  0.123143E-006  0.123143E-006  0.193595E-006
  0.430735E+000  0.114964E+001  0.792423E-007  0.123978E-006  0.123978E-006  0.194712E-006
  0.432888E+000  0.115415E+001  0.797988E-007  0.124732E-006  0.124732E-006  0.195701E-006
  0.435043E+000  0.115866E+001  0.803472E-007  0.125472E-006  0.125472E-006  0.196670E-006
  0.437198E+000  0.116317E+001  0.809198E-007  0.126250E-006  0.126250E-006  0.197698E-006
  0.439354E+000  0.116769E+001  0.815819E-007  0.127168E-006  0.127168E-006  0.198943E-006
  0.441510E+000  0.117220E+001  0.821886E-007  0.127999E-006  0.127999E-006  0.200053E-006
  0.443667E+000  0.117671E+001  0.828038E-007  0.128842E-006  0.128842E-006  0.201184E-006
  0.445825E+000  0.118122E+001  0.834272E-007  0.129699E-006  0.129699E-006  0.202334E-006
  0.447984E+000  0.118573E+001  0.840590E-007  0.130568E-006  0.130568E-006  0.203504E-006
  0.450143E+000  0.119024E+001  0.847168E-007  0.131477E-006  0.131477E-006  0.204736E-006
  0.452303E+000  0.119475E+001  0.853833E-007  0.132400E-006  0.132400E-006  0.205988E-006
  0.454463E+000  0.119926E+001  0.860766E-007  0.133363E-006  0.133363E-006  0.207304E-006
  0.456625E+000  0.120376E+001  0.866695E-007  0.134171E-006  0.134171E-006  0.208379E-006
  0.458786E+000  0.120827E+001  0.873978E-007  0.135188E-006  0.135188E-006  0.209778E-006
  0.460949E+000  0.121278E+001  0.881164E-007  0.136190E-006  0.136190E-006  0.211152E-006
  0.463112E+000  0.121729E+001  0.888629E-007  0.137235E-006  0.137235E-006  0.212593E-006
  0.465276E+000  0.122180E+001  0.896186E-007  0.138293E-006  0.138293E-006  0.214054E-006
  0.467440E+000  0.122630E+001  0.903057E-007  0.139245E-006  0.139245E-006  0.215351E-006
  0.469605E+000  0.123081E+001  0.910982E-007  0.140359E-006  0.140359E-006  0.216898E-006
  0.471770E+000  0.123532E+001  0.919206E-007  0.141519E-006  0.141519E-006  0.218514E-006
  0.473937E+000  0.123982E+001  0.926300E-007  0.142504E-006  0.142504E-006  0.219862E-006
  0.476103E+000  0.124433E+001  0.934910E-007  0.143722E-006  0.143722E-006  0.221568E-006
  0.478270E+000  0.124884E+001  0.943623E-007  0.144956E-006  0.144956E-006  0.223296E-006
  0.480438E+000  0.125334E+001  0.951368E-007  0.146040E-006  0.146040E-006  0.224794E-006
  0.482607E+000  0.125785E+001  0.960263E-007  0.147300E-006  0.147300E-006  0.226563E-006
  0.484776E+000  0.126235E+001  0.968378E-007  0.148440E-006  0.148440E-006  0.228146E-006
  0.486945E+000  0.126686E+001  0.977906E-007  0.149796E-006  0.149796E-006  0.230061E-006
  0.489115E+000  0.127136E+001  0.986406E-007  0.150994E-006  0.150994E-006  0.231732E-006
  0.491285E+000  0.127587E+001  0.996365E-007  0.152415E-006  0.152415E-006  0.233744E-006
  0.493456E+000  0.128037E+001  0.100526E-006  0.153672E-006  0.153672E-006  0.235505E-006
  0.495628E+000  0.128487E+001  0.101423E-006  0.154940E-006  0.154940E-006  0.237282E-006
  0.497800E+000  0.128938E+001  0.102472E-006  0.156441E-006  0.156441E-006  0.239413E-006
  0.499972E+000  0.129388E+001  0.103435E-006  0.157808E-006  0.157808E-006  0.241340E-006
  0.502145E+000  0.129838E+001  0.104405E-006  0.159186E-006  0.159186E-006  0.243283E-006
  0.504319E+000  0.130289E+001  0.105510E-006  0.160769E-006  0.160769E-006  0.245538E-006
  0.506493E+000  0.130739E+001  0.106523E-006  0.162212E-006  0.162212E-006  0.247577E-006
  0.508667E+000  0.131189E+001  0.107570E-006  0.163706E-006  0.163706E-006  0.249695E-006
  0.510842E+000  0.131639E+001  0.108626E-006  0.165211E-006  0.165211E-006  0.251829E-006
  0.513017E+000  0.132090E+001  0.109853E-006  0.166978E-006  0.166978E-006  0.254359E-006
  0.515193E+000  0.132540E+001  0.110955E-006  0.168552E-006  0.168552E-006  0.256595E-006
  0.517369E+000  0.132990E+001  0.112093E-006  0.170180E-006  0.170180E-006  0.258914E-006
  0.519546E+000  0.133440E+001  0.113239E-006  0.171821E-006  0.171821E-006  0.261250E-006
  0.521723E+000  0.133890E+001  0.114423E-006  0.173518E-006  0.173518E-006  0.263670E-006
  0.523900E+000  0.134340E+001  0.115645E-006  0.175272E-006  0.175272E-006  0.266177E-006
  0.526078E+000  0.134790E+001  0.116877E-006  0.177040E-006  0.177040E-006  0.268702E-006
  0.528256E+000  0.135240E+001  0.118148E-006  0.178867E-006  0.178867E-006  0.271316E-006
  0.530435E+000  0.135691E+001  0.119586E-006  0.180946E-006  0.180946E-006  0.274311E-006
  0.532614E+000  0.136141E+001  0.120911E-006  0.182851E-006  0.182851E-006  0.277042E-006
  0.534794E+000  0.136591E+001  0.122244E-006  0.184769E-006  0.184769E-006  0.279791E-006
  0.536973E+000  0.137041E+001  0.123654E-006  0.186802E-006  0.186802E-006  0.282711E-006
  0.539154E+000  0.137490E+001  0.124869E-006  0.188540E-006  0.188540E-006  0.285185E-006
  0.541334E+000  0.137940E+001  0.126330E-006  0.190648E-006  0.190648E-006  0.288218E-006
  0.543515E+000  0.138390E+001  0.127801E-006  0.192771E-006  0.192771E-006  0.291271E-006
  0.545696E+000  0.138840E+001  0.129318E-006  0.194962E-006  0.194962E-006  0.294427E-006
  0.547878E+000  0.139290E+001  0.130846E-006  0.197168E-006  0.197168E-006  0.297603E-006
  0.550060E+000  0.139740E+001  0.132421E-006  0.199445E-006  0.199445E-006  0.300884E-006
  0.552242E+000  0.140190E+001  0.134046E-006  0.201795E-006  0.201795E-006  0.304274E-006
  0.554425E+000  0.140640E+001  0.135681E-006  0.204159E-006  0.204159E-006  0.307685E-006
  0.556607E+000  0.141090E+001  0.137407E-006  0.206660E-006  0.206660E-006  0.311299E-006
  0.558791E+000  0.141539E+001  0.138900E-006  0.208809E-006  0.208809E-006  0.314382E-006
  0.560974E+000  0.141989E+001  0.140687E-006  0.211399E-006  0.211399E-006  0.318127E-006
  0.563158E+000  0.142439E+001  0.142487E-006  0.214006E-006  0.214006E-006  0.321897E-006
  0.565342E+000  0.142889E+001  0.144341E-006  0.216694E-006  0.216694E-006  0.325787E-006
  0.567527E+000  0.143339E+001  0.146207E-006  0.219400E-006  0.219400E-006  0.329701E-006
  0.569711E+000  0.143788E+001  0.147949E-006  0.221917E-006  0.221917E-006  0.333331E-006
  0.571896E+000  0.144238E+001  0.149926E-006  0.224787E-006  0.224787E-006  0.337488E-006
  0.574082E+000  0.144688E+001  0.151916E-006  0.227674E-006  0.227674E-006  0.341669E-006
  0.576267E+000  0.145137E+001  0.153772E-006  0.230359E-006  0.230359E-006  0.345548E-006
  0.578453E+000  0.145587E+001  0.155880E-006  0.233420E-006  0.233420E-006  0.349986E-006
  0.580639E+000  0.146037E+001  0.158051E-006  0.236575E-006  0.236575E-006  0.354563E-006
  0.582825E+000  0.146486E+001  0.160028E-006  0.239438E-006  0.239438E-006  0.358703E-006
  0.585012E+000  0.146936E+001  0.162273E-006  0.242701E-006  0.242701E-006  0.363438E-006
  0.587199E+000  0.147386E+001  0.164586E-006  0.246064E-006  0.246064E-006  0.368320E-006
  0.589386E+000  0.147835E+001  0.166690E-006  0.249113E-006  0.249113E-006  0.372733E-006
  0.591573E+000  0.148285E+001  0.169137E-006  0.252674E-006  0.252674E-006  0.377909E-006
  0.593760E+000  0.148735E+001  0.171658E-006  0.256344E-006  0.256344E-006  0.383245E-006
  0.595948E+000  0.149184E+001  0.173898E-006  0.259592E-006  0.259592E-006  0.387948E-006
  0.598136E+000  0.149634E+001  0.176504E-006  0.263385E-006  0.263385E-006  0.393464E-006
  0.600324E+000  0.150083E+001  0.178875E-006  0.266828E-006  0.266828E-006  0.398454E-006
  0.602513E+000  0.150533E+001  0.181568E-006  0.270747E-006  0.270747E-006  0.404154E-006
  0.604701E+000  0.150983E+001  0.184406E-006  0.274883E-006  0.274883E-006  0.410175E-006
  0.606890E+000  0.151432E+001  0.186926E-006  0.278543E-006  0.278543E-006  0.415483E-006
  0.609079E+000  0.151882E+001  0.189859E-006  0.282816E-006  0.282816E-006  0.421704E-006
  0.611268E+000  0.152331E+001  0.192526E-006  0.286692E-006  0.286692E-006  0.427330E-006
  0.613457E+000  0.152781E+001  0.195628E-006  0.291213E-006  0.291213E-006  0.433917E-006
  0.615647E+000  0.153230E+001  0.198376E-006  0.295207E-006  0.295207E-006  0.439714E-006
  0.617836E+000  0.153680E+001  0.201655E-006  0.299989E-006  0.299989E-006  0.446684E-006
  0.620026E+000  0.154129E+001  0.204563E-006  0.304218E-006  0.304218E-006  0.452827E-006
  0.622216E+000  0.154579E+001  0.207950E-006  0.309157E-006  0.309157E-006  0.460024E-006
  0.624406E+000  0.155028E+001  0.211026E-006  0.313632E-006  0.313632E-006  0.466529E-006
  0.626596E+000  0.155478E+001  0.214607E-006  0.318855E-006  0.318855E-006  0.474144E-006
  0.628787E+000  0.155927E+001  0.217772E-006  0.323460E-006  0.323460E-006  0.480838E-006
  0.630977E+000  0.156377E+001  0.221556E-006  0.328982E-006  0.328982E-006  0.488891E-006
  0.633168E+000  0.156826E+001  0.224903E-006  0.333853E-006  0.333853E-006  0.495975E-006
  0.635359E+000  0.157275E+001  0.228338E-006  0.338852E-006  0.338852E-006  0.503247E-006
  0.637550E+000  0.157725E+001  0.232344E-006  0.344699E-006  0.344699E-006  0.511774E-006
  0.639741E+000  0.158174E+001  0.235973E-006  0.349983E-006  0.349983E-006  0.519463E-006
  0.641932E+000  0.158624E+001  0.240206E-006  0.356162E-006  0.356162E-006  0.528477E-006
  0.644123E+000  0.159073E+001  0.244040E-006  0.361746E-006  0.361746E-006  0.536608E-006
  0.646314E+000  0.159523E+001  0.248514E-006  0.368278E-006  0.368278E-006  0.546138E-006
  0.648506E+000  0.159972E+001  0.252453E-006  0.374014E-006  0.374014E-006  0.554489E-006
  0.650698E+000  0.160421E+001  0.256491E-006  0.379897E-006  0.379897E-006  0.563053E-006
  0.652889E+000  0.160871E+001  0.261337E-006  0.386972E-006  0.386972E-006  0.573380E-006
  0.655081E+000  0.161320E+001  0.265600E-006  0.393183E-006  0.393183E-006  0.582426E-006
  0.657273E+000  0.161770E+001  0.270592E-006  0.400472E-006  0.400472E-006  0.593062E-006
  0.659465E+000  0.162219E+001  0.275089E-006  0.407024E-006  0.407024E-006  0.602607E-006
  0.661657E+000  0.162668E+001  0.279697E-006  0.413741E-006  0.413741E-006  0.612392E-006
  0.663849E+000  0.163118E+001  0.285099E-006  0.421629E-006  0.421629E-006  0.623906E-006
  0.666041E+000  0.163567E+001  0.289958E-006  0.428712E-006  0.428712E-006  0.634226E-006
  0.668233E+000  0.164017E+001  0.295658E-006  0.437036E-006  0.437036E-006  0.646379E-006
  0.670425E+000  0.164466E+001  0.300780E-006  0.444503E-006  0.444503E-006  0.657261E-006
  0.672618E+000  0.164915E+001  0.305873E-006  0.451925E-006  0.451925E-006  0.668074E-006
  0.674810E+000  0.165365E+001  0.312032E-006  0.460920E-006  0.460920E-006  0.681208E-006
  0.677002E+000  0.165814E+001  0.317555E-006  0.468974E-006  0.468974E-006  0.692947E-006
  0.679195E+000  0.166263E+001  0.323041E-006  0.476971E-006  0.476971E-006  0.704600E-006
  0.681387E+000  0.166713E+001  0.329691E-006  0.486684E-006  0.486684E-006  0.718784E-006
  0.683580E+000  0.167162E+001  0.335459E-006  0.495092E-006  0.495092E-006  0.731037E-006
  0.685772E+000  0.167612E+001  0.342463E-006  0.505321E-006  0.505321E-006  0.745975E-006
  0.687965E+000  0.168061E+001  0.348522E-006  0.514155E-006  0.514155E-006  0.758849E-006
  0.690158E+000  0.168510E+001  0.354714E-006  0.523182E-006  0.523182E-006  0.772005E-006
  0.692350E+000  0.168960E+001  0.362255E-006  0.534196E-006  0.534196E-006  0.788089E-006
  0.694543E+000  0.169409E+001  0.368750E-006  0.543666E-006  0.543666E-006  0.801892E-006
  0.696736E+000  0.169858E+001  0.375382E-006  0.553334E-006  0.553334E-006  0.815984E-006
  0.698928E+000  0.170308E+001  0.383487E-006  0.565172E-006  0.565172E-006  0.833270E-006
  0.701121E+000  0.170757E+001  0.390432E-006  0.575296E-006  0.575296E-006  0.848028E-006
  0.703313E+000  0.171206E+001  0.397753E-006  0.585974E-006  0.585974E-006  0.863597E-006
  0.705506E+000  0.171656E+001  0.406206E-006  0.598316E-006  0.598316E-006  0.881614E-006
  0.707699E+000  0.172105E+001  0.413606E-006  0.609104E-006  0.609104E-006  0.897339E-006
  0.709891E+000  0.172554E+001  0.421407E-006  0.620480E-006  0.620480E-006  0.913925E-006
  0.712084E+000  0.173004E+001  0.430438E-006  0.633665E-006  0.633665E-006  0.933171E-006
  0.714276E+000  0.173453E+001  0.438574E-006  0.645529E-006  0.645529E-006  0.950469E-006
  0.716469E+000  0.173903E+001  0.448014E-006  0.659310E-006  0.659310E-006  0.970583E-006
  0.718661E+000  0.174352E+001  0.456483E-006  0.671659E-006  0.671659E-006  0.988587E-006
  0.720854E+000  0.174801E+001  0.464785E-006  0.683759E-006  0.683759E-006  0.100622E-005
  0.723046E+000  0.175251E+001  0.475127E-006  0.698859E-006  0.698859E-006  0.102826E-005
  0.725239E+000  0.175700E+001  0.483727E-006  0.711392E-006  0.711392E-006  0.104653E-005
  0.727431E+000  0.176149E+001  0.492783E-006  0.724594E-006  0.724594E-006  0.106577E-005
  0.729623E+000  0.176599E+001  0.503730E-006  0.740573E-006  0.740573E-006  0.108909E-005
  0.731815E+000  0.177048E+001  0.513090E-006  0.754217E-006  0.754217E-006  0.110898E-005
  0.734008E+000  0.177498E+001  0.524070E-006  0.770238E-006  0.770238E-006  0.113235E-005
  0.736200E+000  0.177947E+001  0.533698E-006  0.784271E-006  0.784271E-006  0.115280E-005
  0.738392E+000  0.178396E+001  0.543424E-006  0.798444E-006  0.798444E-006  0.117345E-005
  0.740584E+000  0.178846E+001  0.555318E-006  0.815801E-006  0.815801E-006  0.119878E-005
  0.742776E+000  0.179295E+001  0.565271E-006  0.830302E-006  0.830302E-006  0.121990E-005
  0.744967E+000  0.179745E+001  0.577966E-006  0.848828E-006  0.848828E-006  0.124693E-005
  0.747159E+000  0.180194E+001  0.588113E-006  0.863610E-006  0.863610E-006  0.126846E-005
  0.749351E+000  0.180643E+001  0.598295E-006  0.878439E-006  0.878439E-006  0.129006E-005
  0.751542E+000  0.181093E+001  0.611447E-006  0.897627E-006  0.897627E-006  0.131805E-005
  0.753734E+000  0.181542E+001  0.621732E-006  0.912604E-006  0.912604E-006  0.133986E-005
  0.755925E+000  0.181992E+001  0.635151E-006  0.932177E-006  0.932177E-006  0.136841E-005
  0.758116E+000  0.182441E+001  0.646016E-006  0.948000E-006  0.948000E-006  0.139145E-005
  0.760308E+000  0.182890E+001  0.656282E-006  0.962941E-006  0.962941E-006  0.141319E-005
  0.762499E+000  0.183340E+001  0.669920E-006  0.982827E-006  0.982827E-006  0.144218E-005
  0.764690E+000  0.183789E+001  0.680678E-006  0.998487E-006  0.998487E-006  0.146497E-005
  0.766881E+000  0.184239E+001  0.694393E-006  0.101848E-005  0.101848E-005  0.149412E-005
  0.769071E+000  0.184688E+001  0.705628E-006  0.103483E-005  0.103483E-005  0.151792E-005
  0.771262E+000  0.185138E+001  0.719329E-006  0.105480E-005  0.105480E-005  0.154702E-005
  0.773452E+000  0.185587E+001  0.730332E-006  0.107081E-005  0.107081E-005  0.157031E-005
  0.775643E+000  0.186037E+001  0.743891E-006  0.109056E-005  0.109056E-005  0.159908E-005
  0.777833E+000  0.186486E+001  0.754521E-006  0.110602E-005  0.110602E-005  0.162156E-005
  0.780023E+000  0.186936E+001  0.768543E-006  0.112645E-005  0.112645E-005  0.165132E-005
  0.782213E+000  0.187385E+001  0.778661E-006  0.114115E-005  0.114115E-005  0.167268E-005
  0.784403E+000  0.187835E+001  0.792297E-006  0.116101E-005  0.116101E-005  0.170160E-005
  0.786593E+000  0.188284E+001  0.801731E-006  0.117471E-005  0.117471E-005  0.172149E-005
  0.788782E+000  0.188734E+001  0.815640E-006  0.119496E-005  0.119496E-005  0.175098E-005
  0.790971E+000  0.189183E+001  0.825080E-006  0.120867E-005  0.120867E-005  0.177087E-005
  0.793161E+000  0.189633E+001  0.837435E-006  0.122664E-005  0.122664E-005  0.179701E-005
  0.795350E+000  0.190082E+001  0.845866E-006  0.123887E-005  0.123887E-005  0.181473E-005
  0.797539E+000  0.190532E+001  0.858197E-006  0.125680E-005  0.125680E-005  0.184082E-005
  0.799727E+000  0.190981E+001  0.866373E-006  0.126865E-005  0.126865E-005  0.185799E-005
  0.801916E+000  0.191431E+001  0.877622E-006  0.128500E-005  0.128500E-005  0.188174E-005
  0.804104E+000  0.191880E+001  0.884441E-006  0.129486E-005  0.129486E-005  0.189600E-005
  0.806293E+000  0.192330E+001  0.894377E-006  0.130928E-005  0.130928E-005  0.191694E-005
  0.808481E+000  0.192780E+001  0.904644E-006  0.132419E-005  0.132419E-005  0.193858E-005
  0.810669E+000  0.193229E+001  0.909059E-006  0.133053E-005  0.133053E-005  0.194768E-005
  0.812856E+000  0.193679E+001  0.918790E-006  0.134465E-005  0.134465E-005  0.196818E-005
  0.815044E+000  0.194128E+001  0.921334E-006  0.134826E-005  0.134826E-005  0.197328E-005
  0.817231E+000  0.194578E+001  0.929286E-006  0.135978E-005  0.135978E-005  0.198996E-005
  0.819418E+000  0.195028E+001  0.936322E-006  0.136995E-005  0.136995E-005  0.200468E-005
  0.821605E+000  0.195477E+001  0.936851E-006  0.137061E-005  0.137061E-005  0.200547E-005
  0.823792E+000  0.195927E+001  0.941799E-006  0.137774E-005  0.137774E-005  0.201572E-005
  0.825978E+000  0.196376E+001  0.941193E-006  0.137674E-005  0.137674E-005  0.201410E-005
  0.828165E+000  0.196826E+001  0.943887E-006  0.138057E-005  0.138057E-005  0.201953E-005
  0.830351E+000  0.197276E+001  0.946594E-006  0.138442E-005  0.138442E-005  0.202500E-005
  0.832537E+000  0.197726E+001  0.948118E-006  0.138654E-005  0.138654E-005  0.202794E-005
  0.834722E+000  0.198175E+001  0.943814E-006  0.138014E-005  0.138014E-005  0.201842E-005
  0.836908E+000  0.198625E+001  0.942840E-006  0.137861E-005  0.137861E-005  0.201603E-005
  0.839093E+000  0.199075E+001  0.941796E-006  0.137698E-005  0.137698E-005  0.201350E-005
  0.841278E+000  0.199524E+001  0.933647E-006  0.136496E-005  0.136496E-005  0.199578E-005
  0.843463E+000  0.199974E+001  0.930018E-006  0.135956E-005  0.135956E-005  0.198774E-005
  0.845647E+000  0.200424E+001  0.926290E-006  0.135401E-005  0.135401E-005  0.197948E-005
  0.847832E+000  0.200874E+001  0.920065E-006  0.134482E-005  0.134482E-005  0.196591E-005
  0.850016E+000  0.201323E+001  0.908008E-006  0.132710E-005  0.132710E-005  0.193988E-005
  0.852200E+000  0.201773E+001  0.900429E-006  0.131593E-005  0.131593E-005  0.192342E-005
  0.854383E+000  0.202223E+001  0.892758E-006  0.130463E-005  0.130463E-005  0.190678E-005
  0.856566E+000  0.202673E+001  0.883837E-006  0.129151E-005  0.129151E-005  0.188748E-005
  0.858750E+000  0.203123E+001  0.872550E-006  0.127494E-005  0.127494E-005  0.186313E-005
  0.860932E+000  0.203572E+001  0.856930E-006  0.125203E-005  0.125203E-005  0.182955E-005
  0.863115E+000  0.204022E+001  0.844543E-006  0.123386E-005  0.123386E-005  0.180288E-005
  0.865297E+000  0.204472E+001  0.832166E-006  0.121570E-005  0.121570E-005  0.177624E-005
  0.867479E+000  0.204922E+001  0.818733E-006  0.119600E-005  0.119600E-005  0.174735E-005
  0.869661E+000  0.205372E+001  0.804302E-006  0.117485E-005  0.117485E-005  0.171635E-005
  0.871843E+000  0.205822E+001  0.788940E-006  0.115234E-005  0.115234E-005  0.168337E-005
  0.874024E+000  0.206272E+001  0.773722E-006  0.113005E-005  0.113005E-005  0.165071E-005
  0.876205E+000  0.206722E+001  0.757669E-006  0.110654E-005  0.110654E-005  0.161628E-005
  0.878385E+000  0.207172E+001  0.741815E-006  0.108332E-005  0.108332E-005  0.158229E-005
  0.880566E+000  0.207622E+001  0.724296E-006  0.105768E-005  0.105768E-005  0.154475E-005
  0.882746E+000  0.208072E+001  0.707081E-006  0.103249E-005  0.103249E-005  0.150788E-005
  0.884926E+000  0.208522E+001  0.689292E-006  0.100646E-005  0.100646E-005  0.146979E-005
  0.887105E+000  0.208972E+001  0.671860E-006  0.980952E-006  0.980952E-006  0.143247E-005
  0.889284E+000  0.209422E+001  0.653961E-006  0.954768E-006  0.954768E-006  0.139417E-005
  0.891463E+000  0.209872E+001  0.635672E-006  0.928020E-006  0.928020E-006  0.135505E-005
  0.893642E+000  0.210322E+001  0.617074E-006  0.900824E-006  0.900824E-006  0.131528E-005
  0.895820E+000  0.210772E+001  0.598982E-006  0.874370E-006  0.874370E-006  0.127660E-005
  0.897998E+000  0.211222E+001  0.580676E-006  0.847608E-006  0.847608E-006  0.123748E-005
  0.900176E+000  0.211672E+001  0.562228E-006  0.820643E-006  0.820643E-006  0.119806E-005
  0.902354E+000  0.212122E+001  0.543711E-006  0.793578E-006  0.793578E-006  0.115850E-005
  0.904531E+000  0.212572E+001  0.525816E-006  0.767425E-006  0.767425E-006  0.112028E-005
  0.906707E+000  0.213022E+001  0.508525E-006  0.742158E-006  0.742158E-006  0.108335E-005
  0.908884E+000  0.213472E+001  0.490673E-006  0.716074E-006  0.716074E-006  0.104524E-005
  0.911060E+000  0.213922E+001  0.473491E-006  0.690971E-006  0.690971E-006  0.100857E-005
  0.913236E+000  0.214373E+001  0.458929E-006  0.669693E-006  0.669693E-006  0.977473E-006
  0.915411E+000  0.214823E+001  0.442424E-006  0.645582E-006  0.645582E-006  0.942252E-006
  0.917586E+000  0.215273E+001  0.426092E-006  0.621727E-006  0.621727E-006  0.907408E-006
  0.919761E+000  0.215723E+001  0.409976E-006  0.598190E-006  0.598190E-006  0.873032E-006
  0.921936E+000  0.216173E+001  0.394116E-006  0.575029E-006  0.575029E-006  0.839208E-006
  0.924110E+000  0.216624E+001  0.380907E-006  0.555737E-006  0.555737E-006  0.811030E-006
  0.926284E+000  0.217074E+001  0.365925E-006  0.533861E-006  0.533861E-006  0.779087E-006
  0.928457E+000  0.217524E+001  0.351625E-006  0.512982E-006  0.512982E-006  0.748601E-006
  0.930630E+000  0.217975E+001  0.339295E-006  0.494978E-006  0.494978E-006  0.722311E-006
  0.932803E+000  0.218425E+001  0.325524E-006  0.474874E-006  0.474874E-006  0.692963E-006
  0.934975E+000  0.218875E+001  0.312416E-006  0.455739E-006  0.455739E-006  0.665029E-006
  0.937147E+000  0.219326E+001  0.301058E-006  0.439158E-006  0.439158E-006  0.640822E-006
  0.939319E+000  0.219776E+001  0.288541E-006  0.420889E-006  0.420889E-006  0.614157E-006
  0.941490E+000  0.220226E+001  0.276653E-006  0.403539E-006  0.403539E-006  0.588834E-006
  0.943661E+000  0.220677E+001  0.266310E-006  0.388442E-006  0.388442E-006  0.566798E-006
  0.945832E+000  0.221127E+001  0.255042E-006  0.371999E-006  0.371999E-006  0.542802E-006
  0.948002E+000  0.221578E+001  0.245437E-006  0.357982E-006  0.357982E-006  0.522345E-006
  0.950172E+000  0.222028E+001  0.235032E-006  0.342799E-006  0.342799E-006  0.500189E-006
  0.952341E+000  0.222479E+001  0.226136E-006  0.329818E-006  0.329818E-006  0.481247E-006
  0.954510E+000  0.222929E+001  0.216546E-006  0.315826E-006  0.315826E-006  0.460832E-006
  0.956679E+000  0.223380E+001  0.208142E-006  0.303565E-006  0.303565E-006  0.442941E-006
  0.958847E+000  0.223830E+001  0.199331E-006  0.290710E-006  0.290710E-006  0.424188E-006
  0.961015E+000  0.224281E+001  0.191594E-006  0.279423E-006  0.279423E-006  0.407719E-006
  0.963183E+000  0.224731E+001  0.183356E-006  0.267407E-006  0.267407E-006  0.390191E-006
  0.965350E+000  0.225182E+001  0.176253E-006  0.257044E-006  0.257044E-006  0.375073E-006
  0.967517E+000  0.225633E+001  0.169360E-006  0.246989E-006  0.246989E-006  0.360406E-006
  0.969683E+000  0.226083E+001  0.162203E-006  0.236550E-006  0.236550E-006  0.345180E-006
  0.971849E+000  0.226534E+001  0.155888E-006  0.227339E-006  0.227339E-006  0.331745E-006
  0.974015E+000  0.226985E+001  0.149773E-006  0.218422E-006  0.218422E-006  0.318738E-006
  0.976180E+000  0.227435E+001  0.143459E-006  0.209214E-006  0.209214E-006  0.305308E-006
  0.978345E+000  0.227886E+001  0.137872E-006  0.201066E-006  0.201066E-006  0.293425E-006
  0.980509E+000  0.228337E+001  0.132569E-006  0.193333E-006  0.193333E-006  0.282147E-006
  0.982673E+000  0.228787E+001  0.127014E-006  0.185232E-006  0.185232E-006  0.270334E-006
  0.984836E+000  0.229238E+001  0.122171E-006  0.178171E-006  0.178171E-006  0.260037E-006
  0.986999E+000  0.229689E+001  0.117491E-006  0.171346E-006  0.171346E-006  0.250085E-006
  0.989162E+000  0.230140E+001  0.112972E-006  0.164758E-006  0.164758E-006  0.240477E-006
  0.991324E+000  0.230591E+001  0.108686E-006  0.158508E-006  0.158508E-006  0.231364E-006
  0.993486E+000  0.231041E+001  0.104228E-006  0.152008E-006  0.152008E-006  0.221888E-006
  0.995648E+000  0.231492E+001  0.100255E-006  0.146217E-006  0.146217E-006  0.213444E-006
  0.997809E+000  0.231943E+001  0.964885E-007  0.140725E-006  0.140725E-006  0.205436E-006
  0.999969E+000  0.232394E+001  0.929141E-007  0.135514E-006  0.135514E-006  0.197839E-006
  0.100213E+001  0.232845E+001  0.894107E-007  0.130407E-006  0.130407E-006  0.190393E-006
  0.100429E+001  0.233296E+001  0.860889E-007  0.125564E-006  0.125564E-006  0.183333E-006
  0.100645E+001  0.233747E+001  0.828883E-007  0.120899E-006  0.120899E-006  0.176531E-006
  0.100861E+001  0.234198E+001  0.798063E-007  0.116406E-006  0.116406E-006  0.169982E-006
  0.101077E+001  0.234649E+001  0.768402E-007  0.112083E-006  0.112083E-006  0.163680E-006
  0.101292E+001  0.235100E+001  0.744017E-007  0.108528E-006  0.108528E-006  0.158496E-006
  0.101508E+001  0.235551E+001  0.716354E-007  0.104496E-006  0.104496E-006  0.152619E-006
  0.101724E+001  0.236002E+001  0.689775E-007  0.100622E-006  0.100622E-006  0.146973E-006
  0.101939E+001  0.236453E+001  0.667762E-007  0.974131E-007  0.974131E-007  0.142294E-006
  0.102155E+001  0.236904E+001  0.643052E-007  0.938120E-007  0.938120E-007  0.137045E-006
  0.102371E+001  0.237355E+001  0.619340E-007  0.903565E-007  0.903565E-007  0.132009E-006
  0.102586E+001  0.237807E+001  0.600950E-007  0.876755E-007  0.876755E-007  0.128100E-006
  0.102802E+001  0.238258E+001  0.578882E-007  0.844597E-007  0.844597E-007  0.123413E-006
  0.103017E+001  0.238709E+001  0.560403E-007  0.817663E-007  0.817663E-007  0.119487E-006
  0.103232E+001  0.239160E+001  0.542516E-007  0.791595E-007  0.791595E-007  0.115687E-006
  0.103448E+001  0.239612E+001  0.523907E-007  0.764475E-007  0.764475E-007  0.111734E-006
  0.103663E+001  0.240063E+001  0.507237E-007  0.740181E-007  0.740181E-007  0.108193E-006
  0.103878E+001  0.240514E+001  0.491122E-007  0.716696E-007  0.716696E-007  0.104770E-006
  0.104094E+001  0.240965E+001  0.473490E-007  0.691006E-007  0.691006E-007  0.101026E-006
  0.104309E+001  0.241417E+001  0.459450E-007  0.670543E-007  0.670543E-007  0.980431E-007
  0.104524E+001  0.241868E+001  0.444979E-007  0.649454E-007  0.649454E-007  0.949693E-007
  0.104739E+001  0.242319E+001  0.431008E-007  0.629095E-007  0.629095E-007  0.920019E-007
  0.104954E+001  0.242771E+001  0.418293E-007  0.610564E-007  0.610564E-007  0.893006E-007
  0.105169E+001  0.243222E+001  0.405243E-007  0.591548E-007  0.591548E-007  0.865291E-007
  0.105384E+001  0.243674E+001  0.393348E-007  0.574213E-007  0.574213E-007  0.840022E-007
  0.105599E+001  0.244125E+001  0.381172E-007  0.556472E-007  0.556472E-007  0.814164E-007
  0.105814E+001  0.244577E+001  0.370057E-007  0.540274E-007  0.540274E-007  0.790553E-007
  0.106028E+001  0.245028E+001  0.360007E-007  0.525626E-007  0.525626E-007  0.769198E-007
  0.106243E+001  0.245480E+001  0.349567E-007  0.510413E-007  0.510413E-007  0.747023E-007
  0.106458E+001  0.245931E+001  0.338932E-007  0.494917E-007  0.494917E-007  0.724439E-007
  0.106672E+001  0.246383E+001  0.330317E-007  0.482359E-007  0.482359E-007  0.706127E-007
  0.106887E+001  0.246835E+001  0.320848E-007  0.468560E-007  0.468560E-007  0.686015E-007
  0.107101E+001  0.247286E+001  0.312250E-007  0.456030E-007  0.456030E-007  0.667746E-007
  0.107316E+001  0.247738E+001  0.303377E-007  0.443101E-007  0.443101E-007  0.648902E-007
  0.107530E+001  0.248190E+001  0.295730E-007  0.431955E-007  0.431955E-007  0.632649E-007
  0.107745E+001  0.248641E+001  0.287000E-007  0.419235E-007  0.419235E-007  0.614113E-007
  0.107959E+001  0.249093E+001  0.279814E-007  0.408761E-007  0.408761E-007  0.598840E-007
  0.108173E+001  0.249545E+001  0.272823E-007  0.398572E-007  0.398572E-007  0.583982E-007
  0.108388E+001  0.249996E+001  0.264910E-007  0.387043E-007  0.387043E-007  0.567182E-007
  0.108602E+001  0.250448E+001  0.258348E-007  0.377479E-007  0.377479E-007  0.553235E-007
  0.108816E+001  0.250900E+001  0.251968E-007  0.368179E-007  0.368179E-007  0.539675E-007
  0.109030E+001  0.251352E+001  0.245767E-007  0.359141E-007  0.359141E-007  0.526495E-007
  0.109244E+001  0.251804E+001  0.239740E-007  0.350356E-007  0.350356E-007  0.513685E-007
  0.109458E+001  0.252256E+001  0.233884E-007  0.341820E-007  0.341820E-007  0.501239E-007
  0.109672E+001  0.252708E+001  0.228194E-007  0.333528E-007  0.333528E-007  0.489147E-007
  0.109886E+001  0.253160E+001  0.222667E-007  0.325472E-007  0.325472E-007  0.477400E-007
  0.110100E+001  0.253612E+001  0.217299E-007  0.317649E-007  0.317649E-007  0.465992E-007
  0.110314E+001  0.254063E+001  0.211858E-007  0.309720E-007  0.309720E-007  0.454432E-007
  0.110527E+001  0.254515E+001  0.207291E-007  0.303059E-007  0.303059E-007  0.444713E-007
  0.110741E+001  0.254968E+001  0.202573E-007  0.296181E-007  0.296181E-007  0.434681E-007
  0.110955E+001  0.255420E+001  0.197780E-007  0.289195E-007  0.289195E-007  0.424495E-007
  0.111168E+001  0.255872E+001  0.193552E-007  0.283030E-007  0.283030E-007  0.415499E-007
  0.111382E+001  0.256324E+001  0.189016E-007  0.276419E-007  0.276419E-007  0.405859E-007
  0.111595E+001  0.256776E+001  0.185004E-007  0.270568E-007  0.270568E-007  0.397321E-007
  0.111809E+001  0.257228E+001  0.180713E-007  0.264315E-007  0.264315E-007  0.388202E-007
  0.112022E+001  0.257680E+001  0.176906E-007  0.258763E-007  0.258763E-007  0.380101E-007
  0.112236E+001  0.258132E+001  0.172849E-007  0.252850E-007  0.252850E-007  0.371478E-007
  0.112449E+001  0.258585E+001  0.169385E-007  0.247798E-007  0.247798E-007  0.364103E-007
  0.112662E+001  0.259037E+001  0.165857E-007  0.242653E-007  0.242653E-007  0.356596E-007
  0.112875E+001  0.259489E+001  0.162416E-007  0.237635E-007  0.237635E-007  0.349273E-007
  0.113089E+001  0.259941E+001  0.158771E-007  0.232322E-007  0.232322E-007  0.341525E-007
  0.113302E+001  0.260394E+001  0.155633E-007  0.227745E-007  0.227745E-007  0.334843E-007
  0.113515E+001  0.260846E+001  0.152448E-007  0.223100E-007  0.223100E-007  0.328064E-007
  0.113728E+001  0.261298E+001  0.149342E-007  0.218570E-007  0.218570E-007  0.321454E-007
  0.113941E+001  0.261751E+001  0.146422E-007  0.214311E-007  0.214311E-007  0.315237E-007
  0.114154E+001  0.262203E+001  0.143465E-007  0.209999E-007  0.209999E-007  0.308943E-007
  0.114366E+001  0.262656E+001  0.140909E-007  0.206268E-007  0.206268E-007  0.303492E-007
  0.114579E+001  0.263108E+001  0.138085E-007  0.202150E-007  0.202150E-007  0.297482E-007
  0.114792E+001  0.263561E+001  0.135425E-007  0.198270E-007  0.198270E-007  0.291817E-007
  0.115005E+001  0.264013E+001  0.132738E-007  0.194352E-007  0.194352E-007  0.286098E-007
  0.115217E+001  0.264466E+001  0.130398E-007  0.190935E-007  0.190935E-007  0.281106E-007
  0.115430E+001  0.264918E+001  0.127834E-007  0.187196E-007  0.187196E-007  0.275648E-007
  0.115643E+001  0.265371E+001  0.125413E-007  0.183665E-007  0.183665E-007  0.270493E-007
  0.115855E+001  0.265823E+001  0.123146E-007  0.180356E-007  0.180356E-007  0.265660E-007
  0.116068E+001  0.266276E+001  0.120834E-007  0.176985E-007  0.176985E-007  0.260737E-007
  0.116280E+001  0.266729E+001  0.118736E-007  0.173922E-007  0.173922E-007  0.256260E-007
  0.116492E+001  0.267181E+001  0.116612E-007  0.170822E-007  0.170822E-007  0.251733E-007
  0.116705E+001  0.267634E+001  0.114451E-007  0.167670E-007  0.167670E-007  0.247130E-007
  0.116917E+001  0.268087E+001  0.112483E-007  0.164797E-007  0.164797E-007  0.242931E-007
  0.117129E+001  0.268539E+001  0.110495E-007  0.161895E-007  0.161895E-007  0.238692E-007
  0.117341E+001  0.268992E+001  0.108608E-007  0.159140E-007  0.159140E-007  0.234665E-007
  0.117553E+001  0.269445E+001  0.106758E-007  0.156440E-007  0.156440E-007  0.230718E-007
  0.117765E+001  0.269898E+001  0.104946E-007  0.153795E-007  0.153795E-007  0.226852E-007
  0.117977E+001  0.270351E+001  0.103171E-007  0.151203E-007  0.151203E-007  0.223064E-007
  0.118189E+001  0.270803E+001  0.101382E-007  0.148593E-007  0.148593E-007  0.219251E-007
  0.118401E+001  0.271256E+001  0.996809E-008  0.146109E-007  0.146109E-007  0.215620E-007
  0.118613E+001  0.271709E+001  0.980141E-008  0.143676E-007  0.143676E-007  0.212063E-007
  0.118825E+001  0.272162E+001  0.963816E-008  0.141292E-007  0.141292E-007  0.208579E-007
  0.119037E+001  0.272615E+001  0.947826E-008  0.138958E-007  0.138958E-007  0.205166E-007
  0.119248E+001  0.273068E+001  0.933114E-008  0.136808E-007  0.136808E-007  0.202021E-007
  0.119460E+001  0.273521E+001  0.917742E-008  0.134564E-007  0.134564E-007  0.198740E-007
  0.119672E+001  0.273974E+001  0.902689E-008  0.132366E-007  0.132366E-007  0.195527E-007
  0.119883E+001  0.274427E+001  0.888799E-008  0.130337E-007  0.130337E-007  0.192557E-007
  0.120095E+001  0.274880E+001  0.874331E-008  0.128224E-007  0.128224E-007  0.189469E-007
  0.120306E+001  0.275333E+001  0.860959E-008  0.126270E-007  0.126270E-007  0.186609E-007
  0.120518E+001  0.275786E+001  0.847056E-008  0.124241E-007  0.124241E-007  0.183641E-007
  0.120729E+001  0.276239E+001  0.834184E-008  0.122360E-007  0.122360E-007  0.180888E-007
  0.120940E+001  0.276692E+001  0.821544E-008  0.120513E-007  0.120513E-007  0.178185E-007
  0.121152E+001  0.277146E+001  0.808733E-008  0.118641E-007  0.118641E-007  0.175448E-007
  0.121363E+001  0.277599E+001  0.796558E-008  0.116862E-007  0.116862E-007  0.172844E-007
  0.121574E+001  0.278052E+001  0.784604E-008  0.115116E-007  0.115116E-007  0.170287E-007
  0.121785E+001  0.278505E+001  0.772867E-008  0.113400E-007  0.113400E-007  0.167777E-007
  0.121996E+001  0.278958E+001  0.761344E-008  0.111717E-007  0.111717E-007  0.165312E-007
  0.122208E+001  0.279412E+001  0.749693E-008  0.110015E-007  0.110015E-007  0.162822E-007
  0.122419E+001  0.279865E+001  0.738598E-008  0.108394E-007  0.108394E-007  0.160449E-007
  0.122629E+001  0.280318E+001  0.728256E-008  0.106881E-007  0.106881E-007  0.158232E-007
  0.122840E+001  0.280772E+001  0.717771E-008  0.105348E-007  0.105348E-007  0.155987E-007
  0.123051E+001  0.281225E+001  0.707249E-008  0.103810E-007  0.103810E-007  0.153736E-007
  0.123262E+001  0.281678E+001  0.696920E-008  0.102301E-007  0.102301E-007  0.151526E-007
  0.123473E+001  0.282132E+001  0.686984E-008  0.100848E-007  0.100848E-007  0.149398E-007
  0.123684E+001  0.282585E+001  0.677025E-008  0.993930E-008  0.993930E-008  0.147268E-007
  0.123894E+001  0.283039E+001  0.667894E-008  0.980566E-008  0.980566E-008  0.145308E-007
  0.124105E+001  0.283492E+001  0.658276E-008  0.966511E-008  0.966511E-008  0.143250E-007
  0.124316E+001  0.283946E+001  0.649013E-008  0.952969E-008  0.952969E-008  0.141266E-007
  0.124526E+001  0.284399E+001  0.640154E-008  0.940010E-008  0.940010E-008  0.139366E-007
  0.124737E+001  0.284853E+001  0.631205E-008  0.926926E-008  0.926926E-008  0.137450E-007
  0.124947E+001  0.285306E+001  0.622640E-008  0.914398E-008  0.914398E-008  0.135613E-007
  0.125157E+001  0.285760E+001  0.614373E-008  0.902300E-008  0.902300E-008  0.133839E-007
  0.125368E+001  0.286213E+001  0.605716E-008  0.889648E-008  0.889648E-008  0.131986E-007
  0.125578E+001  0.286667E+001  0.597720E-008  0.877946E-008  0.877946E-008  0.130269E-007
  0.125788E+001  0.287121E+001  0.589850E-008  0.866428E-008  0.866428E-008  0.128580E-007
  0.125999E+001  0.287574E+001  0.581629E-008  0.854414E-008  0.854414E-008  0.126820E-007
  0.126209E+001  0.288028E+001  0.574017E-008  0.843274E-008  0.843274E-008  0.125186E-007
  0.126419E+001  0.288482E+001  0.566526E-008  0.832310E-008  0.832310E-008  0.123578E-007
  0.126629E+001  0.288935E+001  0.559026E-008  0.821340E-008  0.821340E-008  0.121969E-007
  0.126839E+001  0.289389E+001  0.551773E-008  0.810725E-008  0.810725E-008  0.120412E-007
  0.127049E+001  0.289843E+001  0.544634E-008  0.800278E-008  0.800278E-008  0.118879E-007
  0.127259E+001  0.290297E+001  0.537609E-008  0.789996E-008  0.789996E-008  0.117371E-007
  0.127469E+001  0.290750E+001  0.530583E-008  0.779718E-008  0.779718E-008  0.115863E-007
  0.127679E+001  0.291204E+001  0.523782E-008  0.769765E-008  0.769765E-008  0.114403E-007
  0.127889E+001  0.291658E+001  0.517088E-008  0.759969E-008  0.759969E-008  0.112966E-007
  0.128099E+001  0.292112E+001  0.510501E-008  0.750328E-008  0.750328E-008  0.111551E-007
  0.128308E+001  0.292566E+001  0.504264E-008  0.741189E-008  0.741189E-008  0.110208E-007
  0.128518E+001  0.293020E+001  0.497877E-008  0.731842E-008  0.731842E-008  0.108837E-007
  0.128728E+001  0.293474E+001  0.491591E-008  0.722644E-008  0.722644E-008  0.107487E-007
  0.128938E+001  0.293928E+001  0.485406E-008  0.713592E-008  0.713592E-008  0.106158E-007
  0.129147E+001  0.294381E+001  0.479450E-008  0.704870E-008  0.704870E-008  0.104878E-007
  0.129357E+001  0.294835E+001  0.473456E-008  0.696098E-008  0.696098E-008  0.103590E-007
  0.129566E+001  0.295289E+001  0.467765E-008  0.687759E-008  0.687759E-008  0.102365E-007
  0.129776E+001  0.295743E+001  0.461954E-008  0.679255E-008  0.679255E-008  0.101117E-007
  0.129985E+001  0.296197E+001  0.456432E-008  0.671164E-008  0.671164E-008  0.999278E-008
  0.130194E+001  0.296651E+001  0.450990E-008  0.663191E-008  0.663191E-008  0.987562E-008
  0.130404E+001  0.297106E+001  0.445515E-008  0.655174E-008  0.655174E-008  0.975788E-008
  0.130613E+001  0.297560E+001  0.440233E-008  0.647436E-008  0.647436E-008  0.964415E-008
  0.130822E+001  0.298014E+001  0.435029E-008  0.639811E-008  0.639811E-008  0.953208E-008
  0.131032E+001  0.298468E+001  0.429726E-008  0.632051E-008  0.632051E-008  0.941817E-008
  0.131241E+001  0.298922E+001  0.424676E-008  0.624652E-008  0.624652E-008  0.930943E-008
  0.131450E+001  0.299376E+001  0.419700E-008  0.617362E-008  0.617362E-008  0.920226E-008
  0.131659E+001  0.299830E+001  0.414796E-008  0.610177E-008  0.610177E-008  0.909666E-008
  0.131868E+001  0.300284E+001  0.409964E-008  0.603097E-008  0.603097E-008  0.899259E-008
  0.132077E+001  0.300739E+001  0.405262E-008  0.596205E-008  0.596205E-008  0.889121E-008
  0.132286E+001  0.301193E+001  0.400568E-008  0.589328E-008  0.589328E-008  0.879012E-008
  0.132495E+001  0.301647E+001  0.395942E-008  0.582551E-008  0.582551E-008  0.869049E-008
  0.132704E+001  0.302101E+001  0.391384E-008  0.575873E-008  0.575873E-008  0.859231E-008
  0.132913E+001  0.302556E+001  0.386945E-008  0.569367E-008  0.569367E-008  0.849661E-008
  0.133122E+001  0.303010E+001  0.382517E-008  0.562879E-008  0.562879E-008  0.840124E-008
  0.133331E+001  0.303464E+001  0.378154E-008  0.556487E-008  0.556487E-008  0.830725E-008
  0.133539E+001  0.303919E+001  0.374032E-008  0.550437E-008  0.550437E-008  0.821813E-008
  0.133748E+001  0.304373E+001  0.369789E-008  0.544222E-008  0.544222E-008  0.812674E-008
  0.133957E+001  0.304827E+001  0.365608E-008  0.538097E-008  0.538097E-008  0.803669E-008
  0.134166E+001  0.305282E+001  0.361534E-008  0.532125E-008  0.532125E-008  0.794882E-008
  0.134374E+001  0.305736E+001  0.357589E-008  0.526339E-008  0.526339E-008  0.786362E-008
  0.134583E+001  0.306190E+001  0.353584E-008  0.520471E-008  0.520471E-008  0.777733E-008
  0.134791E+001  0.306645E+001  0.349790E-008  0.514903E-008  0.514903E-008  0.769530E-008
  0.135000E+001  0.307099E+001  0.345895E-008  0.509198E-008  0.509198E-008  0.761139E-008
  0.135208E+001  0.307554E+001  0.342204E-008  0.503781E-008  0.503781E-008  0.753157E-008
  0.135417E+001  0.308008E+001  0.338418E-008  0.498233E-008  0.498233E-008  0.744999E-008
  0.135625E+001  0.308463E+001  0.334826E-008  0.492962E-008  0.492962E-008  0.737231E-008
  0.135834E+001  0.308917E+001  0.331144E-008  0.487569E-008  0.487569E-008  0.729298E-008
  0.136042E+001  0.309372E+001  0.327649E-008  0.482439E-008  0.482439E-008  0.721739E-008
  0.136250E+001  0.309826E+001  0.324163E-008  0.477328E-008  0.477328E-008  0.714210E-008
  0.136458E+001  0.310281E+001  0.320760E-008  0.472334E-008  0.472334E-008  0.706850E-008
  0.136667E+001  0.310736E+001  0.317311E-008  0.467278E-008  0.467278E-008  0.699408E-008
  0.136875E+001  0.311190E+001  0.313965E-008  0.462370E-008  0.462370E-008  0.692180E-008
  0.137083E+001  0.311645E+001  0.310696E-008  0.457574E-008  0.457574E-008  0.685110E-008
  0.137291E+001  0.312099E+001  0.307439E-008  0.452797E-008  0.452797E-008  0.678073E-008
  0.137499E+001  0.312554E+001  0.304256E-008  0.448127E-008  0.448127E-008  0.671189E-008
  0.137707E+001  0.313009E+001  0.301115E-008  0.443518E-008  0.443518E-008  0.664395E-008
  0.137915E+001  0.313463E+001  0.297986E-008  0.438928E-008  0.438928E-008  0.657633E-008
  0.138123E+001  0.313918E+001  0.294927E-008  0.434439E-008  0.434439E-008  0.651016E-008
  0.138331E+001  0.314373E+001  0.291908E-008  0.430009E-008  0.430009E-008  0.644485E-008
  0.138539E+001  0.314827E+001  0.288901E-008  0.425599E-008  0.425599E-008  0.637987E-008
  0.138747E+001  0.315282E+001  0.285961E-008  0.421285E-008  0.421285E-008  0.631627E-008
  0.138955E+001  0.315737E+001  0.283059E-008  0.417027E-008  0.417027E-008  0.625349E-008
  0.139163E+001  0.316192E+001  0.280195E-008  0.412825E-008  0.412825E-008  0.619153E-008
  0.139371E+001  0.316646E+001  0.277343E-008  0.408642E-008  0.408642E-008  0.612989E-008
  0.139578E+001  0.317101E+001  0.274621E-008  0.404643E-008  0.404643E-008  0.607083E-008
  0.139786E+001  0.317556E+001  0.271866E-008  0.400600E-008  0.400600E-008  0.601123E-008
  0.139994E+001  0.318011E+001  0.269147E-008  0.396611E-008  0.396611E-008  0.595239E-008
  0.140202E+001  0.318466E+001  0.266463E-008  0.392672E-008  0.392672E-008  0.589432E-008
  0.140409E+001  0.318920E+001  0.263853E-008  0.388840E-008  0.388840E-008  0.583776E-008
  0.140617E+001  0.319375E+001  0.261237E-008  0.385002E-008  0.385002E-008  0.578115E-008
  0.140824E+001  0.319830E+001  0.258714E-008  0.381296E-008  0.381296E-008  0.572641E-008
  0.141032E+001  0.320285E+001  0.256164E-008  0.377554E-008  0.377554E-008  0.567123E-008
  0.141239E+001  0.320740E+001  0.253704E-008  0.373940E-008  0.373940E-008  0.561784E-008
  0.141447E+001  0.321195E+001  0.251218E-008  0.370292E-008  0.370292E-008  0.556403E-008
  0.141654E+001  0.321650E+001  0.248818E-008  0.366768E-008  0.366768E-008  0.551196E-008
  0.141862E+001  0.322105E+001  0.246394E-008  0.363211E-008  0.363211E-008  0.545950E-008
  0.142069E+001  0.322560E+001  0.244054E-008  0.359773E-008  0.359773E-008  0.540871E-008
  0.142277E+001  0.323015E+001  0.241690E-008  0.356305E-008  0.356305E-008  0.535755E-008
  0.142484E+001  0.323470E+001  0.239407E-008  0.352952E-008  0.352952E-008  0.530801E-008
  0.142691E+001  0.323925E+001  0.237153E-008  0.349639E-008  0.349639E-008  0.525907E-008
  0.142898E+001  0.324380E+001  0.234925E-008  0.346367E-008  0.346367E-008  0.521072E-008
  0.143106E+001  0.324835E+001  0.232676E-008  0.343068E-008  0.343068E-008  0.516204E-008
  0.143313E+001  0.325290E+001  0.230503E-008  0.339876E-008  0.339876E-008  0.511487E-008
  0.143520E+001  0.325745E+001  0.228356E-008  0.336722E-008  0.336722E-008  0.506827E-008
  0.143727E+001  0.326200E+001  0.226235E-008  0.333607E-008  0.333607E-008  0.502223E-008
  0.143934E+001  0.326655E+001  0.224140E-008  0.330529E-008  0.330529E-008  0.497674E-008
  0.144142E+001  0.327110E+001  0.222026E-008  0.327428E-008  0.327428E-008  0.493098E-008
  0.144349E+001  0.327565E+001  0.219981E-008  0.324424E-008  0.324424E-008  0.488660E-008
  0.144556E+001  0.328020E+001  0.217961E-008  0.321457E-008  0.321457E-008  0.484275E-008
  0.144763E+001  0.328475E+001  0.215966E-008  0.318526E-008  0.318526E-008  0.479942E-008
  0.144970E+001  0.328931E+001  0.214008E-008  0.315648E-008  0.315648E-008  0.475685E-008
  0.145177E+001  0.329386E+001  0.212059E-008  0.312786E-008  0.312786E-008  0.471455E-008
  0.145384E+001  0.329841E+001  0.210134E-008  0.309958E-008  0.309958E-008  0.467274E-008
  0.145590E+001  0.330296E+001  0.208270E-008  0.307216E-008  0.307216E-008  0.463214E-008
  0.145797E+001  0.330751E+001  0.206389E-008  0.304454E-008  0.304454E-008  0.459131E-008
  0.146004E+001  0.331207E+001  0.204544E-008  0.301742E-008  0.301742E-008  0.455119E-008
  0.146211E+001  0.331662E+001  0.202707E-008  0.299045E-008  0.299045E-008  0.451132E-008
  0.146418E+001  0.332117E+001  0.200893E-008  0.296380E-008  0.296380E-008  0.447191E-008
  0.146625E+001  0.332572E+001  0.199100E-008  0.293746E-008  0.293746E-008  0.443298E-008
  0.146831E+001  0.333027E+001  0.197362E-008  0.291191E-008  0.291191E-008  0.439512E-008
  0.147038E+001  0.333483E+001  0.195622E-008  0.288633E-008  0.288633E-008  0.435728E-008
  0.147245E+001  0.333938E+001  0.193890E-008  0.286091E-008  0.286091E-008  0.431968E-008
  0.147451E+001  0.334393E+001  0.192212E-008  0.283622E-008  0.283622E-008  0.428312E-008
  0.147658E+001  0.334849E+001  0.190531E-008  0.281152E-008  0.281152E-008  0.424657E-008
  0.147865E+001  0.335304E+001  0.188859E-008  0.278697E-008  0.278697E-008  0.421026E-008
  0.148071E+001  0.335759E+001  0.187238E-008  0.276312E-008  0.276312E-008  0.417493E-008
  0.148278E+001  0.336215E+001  0.185614E-008  0.273926E-008  0.273926E-008  0.413962E-008
  0.148484E+001  0.336670E+001  0.184029E-008  0.271595E-008  0.271595E-008  0.410509E-008
  0.148691E+001  0.337125E+001  0.182432E-008  0.269251E-008  0.269251E-008  0.407042E-008
  0.148897E+001  0.337581E+001  0.180892E-008  0.266985E-008  0.266985E-008  0.403681E-008
  0.149104E+001  0.338036E+001  0.179332E-008  0.264694E-008  0.264694E-008  0.400293E-008
  0.149310E+001  0.338491E+001  0.177817E-008  0.262466E-008  0.262466E-008  0.396992E-008
  0.149517E+001  0.338947E+001  0.176301E-008  0.260239E-008  0.260239E-008  0.393695E-008
  0.149723E+001  0.339402E+001  0.174820E-008  0.258061E-008  0.258061E-008  0.390467E-008
  0.149929E+001  0.339858E+001  0.173364E-008  0.255918E-008  0.255918E-008  0.387290E-008
  0.150136E+001  0.340313E+001  0.171890E-008  0.253754E-008  0.253754E-008  0.384088E-008
