  0.212317E-001  0.258809E-001  0.189396E+000  0.474110E-002  0.474110E-002  0.118678E-003
  0.212317E-001  0.258809E-001  0.189396E+000  0.474110E-002  0.474110E-002  0.118678E-003
  0.244019E-001  0.297474E-001  0.397050E+000  0.114676E-001  0.114676E-001  0.331205E-003
  0.275718E-001  0.336141E-001  0.941347E+000  0.308568E-001  0.308568E-001  0.101147E-002
  0.307412E-001  0.374813E-001  0.184284E+000  0.676906E-002  0.676906E-002  0.248643E-003
  0.339101E-001  0.413488E-001  0.988508E-001  0.402784E-002  0.402784E-002  0.164125E-003
  0.370785E-001  0.452169E-001  0.673805E-001  0.302084E-002  0.302084E-002  0.135435E-003
  0.402462E-001  0.490854E-001  0.524025E-001  0.256759E-002  0.256759E-002  0.125809E-003
  0.434133E-001  0.529545E-001  0.449100E-001  0.239152E-002  0.239152E-002  0.127354E-003
  0.465796E-001  0.568241E-001  0.419534E-001  0.241666E-002  0.241666E-002  0.139211E-003
  0.497452E-001  0.606944E-001  0.431536E-001  0.267833E-002  0.267833E-002  0.166233E-003
  0.529099E-001  0.645654E-001  0.502710E-001  0.335042E-002  0.335042E-002  0.223298E-003
  0.560737E-001  0.684371E-001  0.742990E-001  0.530218E-002  0.530218E-002  0.378379E-003
  0.592366E-001  0.723096E-001  0.274513E+000  0.209248E-001  0.209248E-001  0.159500E-002
  0.623984E-001  0.761830E-001  0.108555E+000  0.882002E-002  0.882002E-002  0.716621E-003
  0.655592E-001  0.800572E-001  0.400823E-001  0.346520E-002  0.346520E-002  0.299573E-003
  0.687189E-001  0.839323E-001  0.236459E-001  0.217191E-002  0.217191E-002  0.199491E-003
  0.718773E-001  0.878084E-001  0.169152E-001  0.164866E-002  0.164866E-002  0.160688E-003
  0.750345E-001  0.916855E-001  0.137709E-001  0.142280E-002  0.142280E-002  0.147002E-003
  0.781904E-001  0.955637E-001  0.127645E-001  0.139688E-002  0.139688E-002  0.152866E-003
  0.813449E-001  0.994431E-001  0.142347E-001  0.164893E-002  0.164893E-002  0.191009E-003
  0.844979E-001  0.103324E+000  0.246299E-001  0.301869E-002  0.301869E-002  0.369975E-003
  0.876494E-001  0.107205E+000  0.417225E-001  0.540880E-002  0.540880E-002  0.701184E-003
  0.907993E-001  0.111088E+000  0.739350E-002  0.101367E-002  0.101367E-002  0.138978E-003
  0.939476E-001  0.114973E+000  0.322026E-002  0.466939E-003  0.466939E-003  0.677071E-004
  0.970941E-001  0.118859E+000  0.173447E-002  0.266027E-003  0.266027E-003  0.408031E-004
  0.100239E+000  0.122746E+000  0.103302E-002  0.167646E-003  0.167646E-003  0.272073E-004
  0.103382E+000  0.126635E+000  0.659300E-003  0.113260E-003  0.113260E-003  0.194576E-004
  0.106522E+000  0.130525E+000  0.441208E-003  0.802777E-004  0.802777E-004  0.146073E-004
  0.109661E+000  0.134417E+000  0.303276E-003  0.584880E-004  0.584880E-004  0.112806E-004
  0.112798E+000  0.138311E+000  0.213815E-003  0.437443E-004  0.437443E-004  0.895062E-005
  0.115932E+000  0.142206E+000  0.153819E-003  0.334179E-004  0.334179E-004  0.726134E-005
  0.119064E+000  0.146104E+000  0.112628E-003  0.260143E-004  0.260143E-004  0.600996E-005
  0.122194E+000  0.150003E+000  0.831827E-004  0.204537E-004  0.204537E-004  0.503085E-005
  0.125321E+000  0.153905E+000  0.623258E-004  0.163389E-004  0.163389E-004  0.428512E-005
  0.128446E+000  0.157808E+000  0.469038E-004  0.131314E-004  0.131314E-004  0.367850E-005
  0.131568E+000  0.161714E+000  0.356294E-004  0.106724E-004  0.106724E-004  0.319948E-005
  0.134687E+000  0.165622E+000  0.272066E-004  0.873733E-005  0.873733E-005  0.280922E-005
  0.137803E+000  0.169532E+000  0.208486E-004  0.719491E-005  0.719491E-005  0.248698E-005
  0.140916E+000  0.173444E+000  0.160088E-004  0.595187E-005  0.595187E-005  0.221777E-005
  0.144026E+000  0.177359E+000  0.123142E-004  0.494618E-005  0.494618E-005  0.199284E-005
  0.147133E+000  0.181277E+000  0.947274E-005  0.412345E-005  0.412345E-005  0.180259E-005
  0.150236E+000  0.185198E+000  0.728445E-005  0.344822E-005  0.344822E-005  0.164189E-005
  0.153336E+000  0.189121E+000  0.557740E-005  0.288201E-005  0.288201E-005  0.150136E-005
  0.156432E+000  0.193047E+000  0.425343E-005  0.240929E-005  0.240929E-005  0.138013E-005
  0.159524E+000  0.196976E+000  0.322401E-005  0.201112E-005  0.201112E-005  0.127427E-005
  0.162612E+000  0.200909E+000  0.242485E-005  0.167424E-005  0.167424E-005  0.118147E-005
  0.165696E+000  0.204844E+000  0.180315E-005  0.138545E-005  0.138545E-005  0.109779E-005
  0.168775E+000  0.208784E+000  0.132516E-005  0.113953E-005  0.113953E-005  0.102386E-005
  0.171850E+000  0.212726E+000  0.957686E-006  0.926654E-006  0.926654E-006  0.955568E-006
  0.174920E+000  0.216673E+000  0.679912E-006  0.743542E-006  0.743542E-006  0.893457E-006
  0.177985E+000  0.220623E+000  0.472770E-006  0.585058E-006  0.585058E-006  0.835482E-006
  0.181045E+000  0.224577E+000  0.322007E-006  0.448112E-006  0.448112E-006  0.780995E-006
  0.184100E+000  0.228536E+000  0.215975E-006  0.330099E-006  0.330099E-006  0.729345E-006
  0.187149E+000  0.232499E+000  0.145162E-006  0.228886E-006  0.228886E-006  0.679874E-006
  0.190191E+000  0.236466E+000  0.101728E-006  0.142782E-006  0.142782E-006  0.632156E-006
  0.193228E+000  0.240439E+000  0.791302E-007  0.703067E-007  0.703067E-007  0.585712E-006
  0.196258E+000  0.244416E+000  0.719356E-007  0.103373E-007  0.103373E-007  0.540398E-006
  0.199280E+000  0.248399E+000  0.755439E-007  0.381867E-007  0.381867E-007  0.496112E-006
  0.202296E+000  0.252387E+000  0.861475E-007  0.762606E-007  0.762606E-007  0.452891E-006
  0.205303E+000  0.256382E+000  0.100570E-006  0.104821E-006  0.104821E-006  0.410755E-006
  0.208303E+000  0.260382E+000  0.116318E-006  0.124896E-006  0.124896E-006  0.370087E-006
  0.211293E+000  0.264389E+000  0.131417E-006  0.137448E-006  0.137448E-006  0.330945E-006
  0.214275E+000  0.268403E+000  0.144518E-006  0.143597E-006  0.143597E-006  0.293768E-006
  0.217246E+000  0.272424E+000  0.154691E-006  0.144354E-006  0.144354E-006  0.258706E-006
  0.220207E+000  0.276453E+000  0.161514E-006  0.140825E-006  0.140825E-006  0.226073E-006
  0.223157E+000  0.280490E+000  0.164906E-006  0.134034E-006  0.134034E-006  0.196064E-006
  0.226095E+000  0.284536E+000  0.165044E-006  0.124905E-006  0.124905E-006  0.168764E-006
  0.229021E+000  0.288591E+000  0.162361E-006  0.114324E-006  0.114324E-006  0.144279E-006
  0.231932E+000  0.292656E+000  0.157283E-006  0.102926E-006  0.102926E-006  0.122477E-006
  0.234829E+000  0.296731E+000  0.150440E-006  0.913769E-007  0.913769E-007  0.103369E-006
  0.237711E+000  0.300817E+000  0.142359E-006  0.801114E-007  0.801114E-007  0.867820E-007
  0.240575E+000  0.304915E+000  0.133475E-006  0.694043E-007  0.694043E-007  0.724767E-007
  0.243421E+000  0.309026E+000  0.124235E-006  0.595010E-007  0.595010E-007  0.602731E-007
  0.246248E+000  0.313151E+000  0.114979E-006  0.505287E-007  0.505287E-007  0.499496E-007
  0.249053E+000  0.317290E+000  0.105943E-006  0.425271E-007  0.425271E-007  0.412708E-007
  0.251835E+000  0.321444E+000  0.973171E-007  0.355012E-007  0.355012E-007  0.340272E-007
  0.254591E+000  0.325616E+000  0.891799E-007  0.293867E-007  0.293867E-007  0.279955E-007
  0.257321E+000  0.329805E+000  0.816405E-007  0.241499E-007  0.241499E-007  0.230205E-007
  0.260021E+000  0.334013E+000  0.746932E-007  0.196925E-007  0.196925E-007  0.189212E-007
  0.262689E+000  0.338242E+000  0.683331E-007  0.159307E-007  0.159307E-007  0.155549E-007
  0.265321E+000  0.342493E+000  0.625314E-007  0.127782E-007  0.127782E-007  0.127966E-007
  0.267916E+000  0.346767E+000  0.572650E-007  0.101604E-007  0.101604E-007  0.105462E-007
  0.270469E+000  0.351066E+000  0.524795E-007  0.799695E-008  0.799695E-008  0.870965E-008
  0.272978E+000  0.355391E+000  0.481378E-007  0.622305E-008  0.622305E-008  0.721506E-008
  0.275437E+000  0.359744E+000  0.441869E-007  0.477542E-008  0.477542E-008  0.599732E-008
  0.277844E+000  0.364127E+000  0.405908E-007  0.360344E-008  0.360344E-008  0.500685E-008
  0.280195E+000  0.368540E+000  0.373139E-007  0.266216E-008  0.266216E-008  0.420191E-008
  0.282485E+000  0.372985E+000  0.343193E-007  0.191167E-008  0.191167E-008  0.354697E-008
  0.284711E+000  0.377462E+000  0.315806E-007  0.131939E-008  0.131939E-008  0.301442E-008
  0.286868E+000  0.381973E+000  0.290692E-007  0.856662E-009  0.856662E-009  0.258060E-008
  0.288954E+000  0.386517E+000  0.267670E-007  0.500264E-009  0.500264E-009  0.222741E-008
  0.290965E+000  0.391094E+000  0.246539E-007  0.230130E-009  0.230130E-009  0.193946E-008
  0.292899E+000  0.395705E+000  0.227134E-007  0.295905E-010  0.295905E-010  0.170439E-008
  0.294755E+000  0.400348E+000  0.209331E-007  0.115115E-009  0.115115E-009  0.151245E-008
  0.296531E+000  0.405022E+000  0.193000E-007  0.215459E-009  0.215459E-009  0.135554E-008
  0.298228E+000  0.409725E+000  0.178040E-007  0.280900E-009  0.280900E-009  0.122726E-008
  0.299846E+000  0.414456E+000  0.164342E-007  0.319149E-009  0.319149E-009  0.112233E-008
  0.301389E+000  0.419212E+000  0.151827E-007  0.336572E-009  0.336572E-009  0.103663E-008
  0.302857E+000  0.423992E+000  0.140393E-007  0.338133E-009  0.338133E-009  0.966670E-009
  0.304255E+000  0.428792E+000  0.129967E-007  0.327967E-009  0.327967E-009  0.909779E-009
  0.305587E+000  0.433612E+000  0.120465E-007  0.309253E-009  0.309253E-009  0.863697E-009
  0.306856E+000  0.438448E+000  0.111811E-007  0.284476E-009  0.284476E-009  0.826642E-009
  0.308068E+000  0.443299E+000  0.103935E-007  0.255617E-009  0.255617E-009  0.797145E-009
  0.309227E+000  0.448163E+000  0.967661E-008  0.224136E-009  0.224136E-009  0.774013E-009
  0.310338E+000  0.453038E+000  0.902426E-008  0.191164E-009  0.191164E-009  0.756270E-009
  0.311404E+000  0.457923E+000  0.843013E-008  0.157474E-009  0.157474E-009  0.743122E-009
  0.312432E+000  0.462816E+000  0.788922E-008  0.123758E-009  0.123758E-009  0.733898E-009
  0.313425E+000  0.467716E+000  0.739622E-008  0.904047E-010  0.904047E-010  0.728055E-009
  0.314387E+000  0.472623E+000  0.694640E-008  0.576965E-010  0.576965E-010  0.725141E-009
  0.315323E+000  0.477535E+000  0.653581E-008  0.258751E-010  0.258751E-010  0.724763E-009
  0.316234E+000  0.482451E+000  0.616041E-008  0.500391E-011  0.500391E-011  0.726625E-009
  0.317126E+000  0.487371E+000  0.581696E-008  0.348141E-010  0.348141E-010  0.730433E-009
  0.318000E+000  0.492294E+000  0.550222E-008  0.635778E-010  0.635778E-010  0.735978E-009
  0.318860E+000  0.497219E+000  0.521354E-008  0.912674E-010  0.912674E-010  0.743049E-009
  0.319708E+000  0.502147E+000  0.494828E-008  0.117936E-009  0.117936E-009  0.751493E-009
  0.320547E+000  0.507076E+000  0.470436E-008  0.143593E-009  0.143593E-009  0.761149E-009
  0.321378E+000  0.512006E+000  0.447967E-008  0.168317E-009  0.168317E-009  0.771911E-009
  0.322204E+000  0.516938E+000  0.427241E-008  0.192150E-009  0.192150E-009  0.783662E-009
  0.323026E+000  0.521870E+000  0.408101E-008  0.215149E-009  0.215149E-009  0.796311E-009
  0.323845E+000  0.526802E+000  0.390402E-008  0.237388E-009  0.237388E-009  0.809787E-009
  0.324664E+000  0.531734E+000  0.374017E-008  0.258893E-009  0.258893E-009  0.823994E-009
  0.325484E+000  0.536667E+000  0.358824E-008  0.279735E-009  0.279735E-009  0.838880E-009
  0.326305E+000  0.541599E+000  0.344724E-008  0.299977E-009  0.299977E-009  0.854398E-009
  0.327129E+000  0.546530E+000  0.331622E-008  0.319653E-009  0.319653E-009  0.870482E-009
  0.327957E+000  0.551461E+000  0.319433E-008  0.338819E-009  0.338819E-009  0.887095E-009
  0.328789E+000  0.556392E+000  0.308077E-008  0.357536E-009  0.357536E-009  0.904214E-009
  0.329627E+000  0.561321E+000  0.297494E-008  0.375810E-009  0.375810E-009  0.921768E-009
  0.330471E+000  0.566249E+000  0.287617E-008  0.393703E-009  0.393703E-009  0.939745E-009
  0.331322E+000  0.571176E+000  0.278390E-008  0.411243E-009  0.411243E-009  0.958110E-009
  0.332181E+000  0.576102E+000  0.269764E-008  0.428459E-009  0.428459E-009  0.976828E-009
  0.333047E+000  0.581026E+000  0.261692E-008  0.445401E-009  0.445401E-009  0.995900E-009
  0.333922E+000  0.585949E+000  0.254132E-008  0.462080E-009  0.462080E-009  0.101528E-008
  0.334806E+000  0.590870E+000  0.247047E-008  0.478521E-009  0.478521E-009  0.103495E-008
  0.335699E+000  0.595790E+000  0.240400E-008  0.494764E-009  0.494764E-009  0.105490E-008
  0.336602E+000  0.600708E+000  0.234163E-008  0.510812E-009  0.510812E-009  0.107511E-008
  0.337514E+000  0.605624E+000  0.228304E-008  0.526711E-009  0.526711E-009  0.109558E-008
  0.338437E+000  0.610538E+000  0.222800E-008  0.542448E-009  0.542448E-009  0.111625E-008
  0.339371E+000  0.615450E+000  0.217625E-008  0.558044E-009  0.558044E-009  0.113713E-008
  0.340315E+000  0.620360E+000  0.212757E-008  0.573538E-009  0.573538E-009  0.115822E-008
  0.341270E+000  0.625268E+000  0.208176E-008  0.588930E-009  0.588930E-009  0.117951E-008
  0.342236E+000  0.630174E+000  0.203864E-008  0.604237E-009  0.604237E-009  0.120097E-008
  0.343213E+000  0.635077E+000  0.199803E-008  0.619466E-009  0.619466E-009  0.122259E-008
  0.344202E+000  0.639979E+000  0.195977E-008  0.634627E-009  0.634627E-009  0.124437E-008
  0.345202E+000  0.644878E+000  0.192373E-008  0.649736E-009  0.649736E-009  0.126630E-008
  0.346214E+000  0.649774E+000  0.188977E-008  0.664785E-009  0.664785E-009  0.128835E-008
  0.347237E+000  0.654668E+000  0.185776E-008  0.679811E-009  0.679811E-009  0.131055E-008
  0.348272E+000  0.659560E+000  0.182758E-008  0.694804E-009  0.694804E-009  0.133288E-008
  0.349319E+000  0.664449E+000  0.179914E-008  0.709763E-009  0.709763E-009  0.135530E-008
  0.350377E+000  0.669336E+000  0.177234E-008  0.724725E-009  0.724725E-009  0.137786E-008
  0.351448E+000  0.674220E+000  0.174708E-008  0.739645E-009  0.739645E-009  0.140048E-008
  0.352530E+000  0.679102E+000  0.172327E-008  0.754581E-009  0.754581E-009  0.142322E-008
  0.353624E+000  0.683980E+000  0.170085E-008  0.769498E-009  0.769498E-009  0.144604E-008
  0.354730E+000  0.688857E+000  0.167973E-008  0.784427E-009  0.784427E-009  0.146895E-008
  0.355848E+000  0.693730E+000  0.165985E-008  0.799344E-009  0.799344E-009  0.149191E-008
  0.356977E+000  0.698601E+000  0.164115E-008  0.814294E-009  0.814294E-009  0.151499E-008
  0.358118E+000  0.703469E+000  0.162356E-008  0.829247E-009  0.829247E-009  0.153812E-008
  0.359271E+000  0.708334E+000  0.160702E-008  0.844205E-009  0.844205E-009  0.156130E-008
  0.360436E+000  0.713197E+000  0.159149E-008  0.859178E-009  0.859178E-009  0.158454E-008
  0.361612E+000  0.718056E+000  0.157692E-008  0.874173E-009  0.874173E-009  0.160783E-008
  0.362800E+000  0.722913E+000  0.156326E-008  0.889185E-009  0.889185E-009  0.163118E-008
  0.363999E+000  0.727767E+000  0.155047E-008  0.904230E-009  0.904230E-009  0.165459E-008
  0.365209E+000  0.732618E+000  0.153851E-008  0.919308E-009  0.919308E-009  0.167806E-008
  0.366431E+000  0.737467E+000  0.152733E-008  0.934404E-009  0.934404E-009  0.170156E-008
  0.367665E+000  0.742312E+000  0.151690E-008  0.949495E-009  0.949495E-009  0.172505E-008
  0.368909E+000  0.747155E+000  0.150720E-008  0.964654E-009  0.964654E-009  0.174863E-008
  0.370165E+000  0.751995E+000  0.149818E-008  0.979816E-009  0.979816E-009  0.177221E-008
  0.371431E+000  0.756832E+000  0.148984E-008  0.995034E-009  0.995034E-009  0.179587E-008
  0.372709E+000  0.761666E+000  0.148211E-008  0.101025E-008  0.101025E-008  0.181950E-008
  0.373997E+000  0.766497E+000  0.147499E-008  0.102552E-008  0.102552E-008  0.184320E-008
  0.375297E+000  0.771325E+000  0.146844E-008  0.104079E-008  0.104079E-008  0.186686E-008
  0.376606E+000  0.776150E+000  0.146246E-008  0.105613E-008  0.105613E-008  0.189062E-008
  0.377927E+000  0.780973E+000  0.145700E-008  0.107147E-008  0.107147E-008  0.191434E-008
  0.379258E+000  0.785793E+000  0.145206E-008  0.108686E-008  0.108686E-008  0.193811E-008
  0.380599E+000  0.790609E+000  0.144761E-008  0.110228E-008  0.110228E-008  0.196188E-008
  0.381951E+000  0.795423E+000  0.144362E-008  0.111771E-008  0.111771E-008  0.198566E-008
  0.383312E+000  0.800234E+000  0.144011E-008  0.113322E-008  0.113322E-008  0.200950E-008
  0.384684E+000  0.805042E+000  0.143701E-008  0.114872E-008  0.114872E-008  0.203330E-008
  0.386066E+000  0.809848E+000  0.143435E-008  0.116427E-008  0.116427E-008  0.205713E-008
  0.387458E+000  0.814650E+000  0.143207E-008  0.117983E-008  0.117983E-008  0.208094E-008
  0.388859E+000  0.819450E+000  0.143021E-008  0.119546E-008  0.119546E-008  0.210482E-008
  0.390270E+000  0.824246E+000  0.142871E-008  0.121109E-008  0.121109E-008  0.212866E-008
  0.391691E+000  0.829040E+000  0.142757E-008  0.122675E-008  0.122675E-008  0.215250E-008
  0.393121E+000  0.833831E+000  0.142678E-008  0.124245E-008  0.124245E-008  0.217637E-008
  0.394560E+000  0.838620E+000  0.142634E-008  0.125821E-008  0.125821E-008  0.220028E-008
  0.396008E+000  0.843405E+000  0.142623E-008  0.127400E-008  0.127400E-008  0.222418E-008
  0.397466E+000  0.848188E+000  0.142642E-008  0.128979E-008  0.128979E-008  0.224805E-008
  0.398933E+000  0.852968E+000  0.142692E-008  0.130561E-008  0.130561E-008  0.227192E-008
  0.400408E+000  0.857746E+000  0.142773E-008  0.132151E-008  0.132151E-008  0.229587E-008
  0.401893E+000  0.862520E+000  0.142880E-008  0.133737E-008  0.133737E-008  0.231971E-008
  0.403386E+000  0.867292E+000  0.143016E-008  0.135331E-008  0.135331E-008  0.234363E-008
  0.404887E+000  0.872061E+000  0.143179E-008  0.136929E-008  0.136929E-008  0.236757E-008
  0.406397E+000  0.876828E+000  0.143369E-008  0.138529E-008  0.138529E-008  0.239151E-008
  0.407916E+000  0.881592E+000  0.143581E-008  0.140130E-008  0.140130E-008  0.241539E-008
  0.409442E+000  0.886353E+000  0.143821E-008  0.141738E-008  0.141738E-008  0.243936E-008
  0.410977E+000  0.891112E+000  0.144083E-008  0.143347E-008  0.143347E-008  0.246330E-008
  0.412520E+000  0.895868E+000  0.144368E-008  0.144959E-008  0.144959E-008  0.248723E-008
  0.414071E+000  0.900621E+000  0.144675E-008  0.146573E-008  0.146573E-008  0.251116E-008
  0.415629E+000  0.905372E+000  0.145006E-008  0.148195E-008  0.148195E-008  0.253516E-008
  0.417196E+000  0.910120E+000  0.145354E-008  0.149814E-008  0.149814E-008  0.255907E-008
  0.418770E+000  0.914866E+000  0.145725E-008  0.151440E-008  0.151440E-008  0.258306E-008
  0.420351E+000  0.919609E+000  0.146117E-008  0.153071E-008  0.153071E-008  0.260707E-008
  0.421940E+000  0.924350E+000  0.146528E-008  0.154703E-008  0.154703E-008  0.263107E-008
  0.423536E+000  0.929088E+000  0.146958E-008  0.156340E-008  0.156340E-008  0.265509E-008
  0.425140E+000  0.933824E+000  0.147405E-008  0.157977E-008  0.157977E-008  0.267908E-008
  0.426750E+000  0.938558E+000  0.147873E-008  0.159623E-008  0.159623E-008  0.270318E-008
  0.428368E+000  0.943289E+000  0.148356E-008  0.161268E-008  0.161268E-008  0.272721E-008
  0.429993E+000  0.948018E+000  0.148856E-008  0.162916E-008  0.162916E-008  0.275125E-008
  0.431624E+000  0.952744E+000  0.149375E-008  0.164571E-008  0.164571E-008  0.277536E-008
  0.433263E+000  0.957468E+000  0.149907E-008  0.166223E-008  0.166223E-008  0.279940E-008
  0.434907E+000  0.962190E+000  0.150460E-008  0.167889E-008  0.167889E-008  0.282361E-008
  0.436559E+000  0.966909E+000  0.151024E-008  0.169549E-008  0.169549E-008  0.284769E-008
  0.438217E+000  0.971626E+000  0.151605E-008  0.171216E-008  0.171216E-008  0.287184E-008
  0.439881E+000  0.976341E+000  0.152202E-008  0.172890E-008  0.172890E-008  0.289606E-008
  0.441552E+000  0.981054E+000  0.152812E-008  0.174564E-008  0.174564E-008  0.292026E-008
  0.443229E+000  0.985764E+000  0.153437E-008  0.176241E-008  0.176241E-008  0.294446E-008
  0.444912E+000  0.990472E+000  0.154076E-008  0.177924E-008  0.177924E-008  0.296872E-008
  0.446601E+000  0.995178E+000  0.154729E-008  0.179610E-008  0.179610E-008  0.299301E-008
  0.448296E+000  0.999882E+000  0.155396E-008  0.181302E-008  0.181302E-008  0.301733E-008
  0.449997E+000  0.100458E+001  0.156070E-008  0.182987E-008  0.182987E-008  0.304153E-008
  0.451703E+000  0.100928E+001  0.156766E-008  0.184690E-008  0.184690E-008  0.306599E-008
  0.453416E+000  0.101398E+001  0.157474E-008  0.186396E-008  0.186396E-008  0.309044E-008
  0.455134E+000  0.101868E+001  0.158199E-008  0.188115E-008  0.188115E-008  0.311508E-008
  0.456857E+000  0.102337E+001  0.158928E-008  0.189822E-008  0.189822E-008  0.313949E-008
  0.458586E+000  0.102806E+001  0.159669E-008  0.191535E-008  0.191535E-008  0.316397E-008
  0.460321E+000  0.103275E+001  0.160423E-008  0.193253E-008  0.193253E-008  0.318851E-008
  0.462060E+000  0.103744E+001  0.161198E-008  0.194991E-008  0.194991E-008  0.321332E-008
  0.463805E+000  0.104212E+001  0.161968E-008  0.196706E-008  0.196706E-008  0.323775E-008
  0.465555E+000  0.104681E+001  0.162771E-008  0.198460E-008  0.198460E-008  0.326276E-008
  0.467311E+000  0.105149E+001  0.163567E-008  0.200190E-008  0.200190E-008  0.328737E-008
  0.469071E+000  0.105617E+001  0.164383E-008  0.201938E-008  0.201938E-008  0.331223E-008
  0.470836E+000  0.106085E+001  0.165212E-008  0.203696E-008  0.203696E-008  0.333722E-008
  0.472606E+000  0.106552E+001  0.166038E-008  0.205434E-008  0.205434E-008  0.336187E-008
  0.474381E+000  0.107020E+001  0.166895E-008  0.207211E-008  0.207211E-008  0.338711E-008
  0.476160E+000  0.107487E+001  0.167751E-008  0.208974E-008  0.208974E-008  0.341212E-008
  0.477945E+000  0.107954E+001  0.168616E-008  0.210739E-008  0.210739E-008  0.343711E-008
  0.479733E+000  0.108421E+001  0.169501E-008  0.212526E-008  0.212526E-008  0.346244E-008
  0.481527E+000  0.108888E+001  0.170394E-008  0.214314E-008  0.214314E-008  0.348776E-008
  0.483324E+000  0.109354E+001  0.171289E-008  0.216093E-008  0.216093E-008  0.351290E-008
  0.485127E+000  0.109821E+001  0.172209E-008  0.217903E-008  0.217903E-008  0.353852E-008
  0.486933E+000  0.110287E+001  0.173129E-008  0.219703E-008  0.219703E-008  0.356395E-008
  0.488744E+000  0.110753E+001  0.174060E-008  0.221509E-008  0.221509E-008  0.358946E-008
  0.490559E+000  0.111219E+001  0.175005E-008  0.223328E-008  0.223328E-008  0.361515E-008
  0.492378E+000  0.111685E+001  0.175965E-008  0.225161E-008  0.225161E-008  0.364104E-008
  0.494201E+000  0.112150E+001  0.176918E-008  0.226972E-008  0.226972E-008  0.366657E-008
  0.496028E+000  0.112616E+001  0.177906E-008  0.228831E-008  0.228831E-008  0.369282E-008
  0.497860E+000  0.113081E+001  0.178880E-008  0.230659E-008  0.230659E-008  0.371857E-008
  0.499695E+000  0.113546E+001  0.179873E-008  0.232507E-008  0.232507E-008  0.374461E-008
  0.501534E+000  0.114011E+001  0.180878E-008  0.234366E-008  0.234366E-008  0.377082E-008
  0.503377E+000  0.114476E+001  0.181897E-008  0.236237E-008  0.236237E-008  0.379718E-008
  0.505223E+000  0.114941E+001  0.182932E-008  0.238128E-008  0.238128E-008  0.382383E-008
  0.507073E+000  0.115405E+001  0.183956E-008  0.239992E-008  0.239992E-008  0.385005E-008
  0.508927E+000  0.115869E+001  0.184992E-008  0.241865E-008  0.241865E-008  0.387641E-008
  0.510784E+000  0.116334E+001  0.186068E-008  0.243797E-008  0.243797E-008  0.390364E-008
  0.512645E+000  0.116798E+001  0.187132E-008  0.245699E-008  0.245699E-008  0.393041E-008
  0.514510E+000  0.117262E+001  0.188206E-008  0.247611E-008  0.247611E-008  0.395730E-008
  0.516378E+000  0.117725E+001  0.189270E-008  0.249500E-008  0.249500E-008  0.398384E-008
  0.518249E+000  0.118189E+001  0.190376E-008  0.251448E-008  0.251448E-008  0.401125E-008
  0.520123E+000  0.118653E+001  0.191498E-008  0.253413E-008  0.253413E-008  0.403893E-008
  0.522001E+000  0.119116E+001  0.192603E-008  0.255345E-008  0.255345E-008  0.406608E-008
  0.523882E+000  0.119579E+001  0.193723E-008  0.257294E-008  0.257294E-008  0.409348E-008
  0.525766E+000  0.120042E+001  0.194858E-008  0.259259E-008  0.259259E-008  0.412112E-008
  0.527654E+000  0.120505E+001  0.196001E-008  0.261232E-008  0.261232E-008  0.414885E-008
  0.529544E+000  0.120968E+001  0.197166E-008  0.263230E-008  0.263230E-008  0.417697E-008
  0.531438E+000  0.121431E+001  0.198338E-008  0.265235E-008  0.265235E-008  0.420518E-008
  0.533334E+000  0.121894E+001  0.199531E-008  0.267267E-008  0.267267E-008  0.423378E-008
  0.535233E+000  0.122356E+001  0.200709E-008  0.269268E-008  0.269268E-008  0.426191E-008
  0.537136E+000  0.122819E+001  0.201923E-008  0.271321E-008  0.271321E-008  0.429081E-008
  0.539041E+000  0.123281E+001  0.203128E-008  0.273353E-008  0.273353E-008  0.431939E-008
  0.540949E+000  0.123743E+001  0.204346E-008  0.275400E-008  0.275400E-008  0.434817E-008
  0.542860E+000  0.124205E+001  0.205577E-008  0.277461E-008  0.277461E-008  0.437718E-008
  0.544773E+000  0.124667E+001  0.206828E-008  0.279548E-008  0.279548E-008  0.440655E-008
  0.546690E+000  0.125129E+001  0.208084E-008  0.281638E-008  0.281638E-008  0.443598E-008
  0.548609E+000  0.125591E+001  0.209360E-008  0.283754E-008  0.283754E-008  0.446578E-008
  0.550530E+000  0.126052E+001  0.210623E-008  0.285843E-008  0.285843E-008  0.449517E-008
  0.552454E+000  0.126514E+001  0.211930E-008  0.287998E-008  0.287998E-008  0.452554E-008
  0.554381E+000  0.126975E+001  0.213217E-008  0.290114E-008  0.290114E-008  0.455532E-008
  0.556310E+000  0.127436E+001  0.214522E-008  0.292254E-008  0.292254E-008  0.458546E-008
  0.558242E+000  0.127898E+001  0.215872E-008  0.294461E-008  0.294461E-008  0.461660E-008
  0.560176E+000  0.128359E+001  0.217208E-008  0.296638E-008  0.296638E-008  0.464729E-008
  0.562113E+000  0.128820E+001  0.218554E-008  0.298828E-008  0.298828E-008  0.467815E-008
  0.564052E+000  0.129280E+001  0.219883E-008  0.300986E-008  0.300986E-008  0.470853E-008
  0.565993E+000  0.129741E+001  0.221265E-008  0.303224E-008  0.303224E-008  0.474011E-008
  0.567937E+000  0.130202E+001  0.222659E-008  0.305473E-008  0.305473E-008  0.477186E-008
  0.569882E+000  0.130662E+001  0.224042E-008  0.307702E-008  0.307702E-008  0.480328E-008
  0.571830E+000  0.131123E+001  0.225472E-008  0.309999E-008  0.309999E-008  0.483575E-008
  0.573781E+000  0.131583E+001  0.226874E-008  0.312249E-008  0.312249E-008  0.486748E-008
  0.575733E+000  0.132044E+001  0.228340E-008  0.314595E-008  0.314595E-008  0.490066E-008
  0.577688E+000  0.132504E+001  0.229778E-008  0.316891E-008  0.316891E-008  0.493308E-008
  0.579645E+000  0.132964E+001  0.231233E-008  0.319211E-008  0.319211E-008  0.496585E-008
  0.581603E+000  0.133424E+001  0.232714E-008  0.321566E-008  0.321566E-008  0.499916E-008
  0.583564E+000  0.133884E+001  0.234204E-008  0.323932E-008  0.323932E-008  0.503261E-008
  0.585527E+000  0.134344E+001  0.235711E-008  0.326320E-008  0.326320E-008  0.506640E-008
  0.587492E+000  0.134804E+001  0.237236E-008  0.328732E-008  0.328732E-008  0.510054E-008
  0.589459E+000  0.135263E+001  0.238736E-008  0.331101E-008  0.331101E-008  0.513404E-008
  0.591428E+000  0.135723E+001  0.240295E-008  0.333559E-008  0.333559E-008  0.516885E-008
  0.593398E+000  0.136182E+001  0.241838E-008  0.335987E-008  0.335987E-008  0.520322E-008
  0.595371E+000  0.136642E+001  0.243432E-008  0.338490E-008  0.338490E-008  0.523871E-008
  0.597345E+000  0.137101E+001  0.245008E-008  0.340962E-008  0.340962E-008  0.527374E-008
  0.599322E+000  0.137561E+001  0.246636E-008  0.343511E-008  0.343511E-008  0.530992E-008
  0.601300E+000  0.138020E+001  0.248246E-008  0.346028E-008  0.346028E-008  0.534561E-008
  0.603279E+000  0.138479E+001  0.249882E-008  0.348582E-008  0.348582E-008  0.538185E-008
  0.605261E+000  0.138938E+001  0.251525E-008  0.351142E-008  0.351142E-008  0.541819E-008
  0.607244E+000  0.139397E+001  0.253194E-008  0.353741E-008  0.353741E-008  0.545509E-008
  0.609229E+000  0.139856E+001  0.254880E-008  0.356361E-008  0.356361E-008  0.549232E-008
  0.611216E+000  0.140315E+001  0.256582E-008  0.359003E-008  0.359003E-008  0.552987E-008
  0.613204E+000  0.140773E+001  0.258262E-008  0.361608E-008  0.361608E-008  0.556686E-008
  0.615194E+000  0.141232E+001  0.260007E-008  0.364310E-008  0.364310E-008  0.560530E-008
  0.617186E+000  0.141691E+001  0.261769E-008  0.367034E-008  0.367034E-008  0.564407E-008
  0.619179E+000  0.142149E+001  0.263507E-008  0.369718E-008  0.369718E-008  0.568224E-008
  0.621174E+000  0.142608E+001  0.265312E-008  0.372503E-008  0.372503E-008  0.572192E-008
  0.623170E+000  0.143066E+001  0.267092E-008  0.375246E-008  0.375246E-008  0.576097E-008
  0.625168E+000  0.143525E+001  0.268942E-008  0.378092E-008  0.378092E-008  0.580155E-008
  0.627167E+000  0.143983E+001  0.270765E-008  0.380895E-008  0.380895E-008  0.584149E-008
  0.629168E+000  0.144441E+001  0.272603E-008  0.383719E-008  0.383719E-008  0.588174E-008
  0.631170E+000  0.144899E+001  0.274469E-008  0.386582E-008  0.386582E-008  0.592257E-008
  0.633174E+000  0.145357E+001  0.276351E-008  0.389465E-008  0.389465E-008  0.596370E-008
  0.635179E+000  0.145815E+001  0.278260E-008  0.392388E-008  0.392388E-008  0.600542E-008
  0.637185E+000  0.146273E+001  0.280196E-008  0.395350E-008  0.395350E-008  0.604773E-008
  0.639193E+000  0.146731E+001  0.282149E-008  0.398333E-008  0.398333E-008  0.609036E-008
  0.641202E+000  0.147189E+001  0.284129E-008  0.401357E-008  0.401357E-008  0.613359E-008
  0.643213E+000  0.147647E+001  0.286126E-008  0.404402E-008  0.404402E-008  0.617713E-008
  0.645225E+000  0.148105E+001  0.288151E-008  0.407488E-008  0.407488E-008  0.622127E-008
  0.647238E+000  0.148562E+001  0.290143E-008  0.410521E-008  0.410521E-008  0.626464E-008
  0.649252E+000  0.149020E+001  0.292225E-008  0.413688E-008  0.413688E-008  0.631000E-008
  0.651268E+000  0.149478E+001  0.294323E-008  0.416877E-008  0.416877E-008  0.635569E-008
  0.653285E+000  0.149935E+001  0.296386E-008  0.420012E-008  0.420012E-008  0.640055E-008
  0.655303E+000  0.150393E+001  0.298542E-008  0.423284E-008  0.423284E-008  0.644748E-008
  0.657322E+000  0.150850E+001  0.300663E-008  0.426501E-008  0.426501E-008  0.649357E-008
  0.659343E+000  0.151307E+001  0.302798E-008  0.429737E-008  0.429737E-008  0.653995E-008
  0.661365E+000  0.151765E+001  0.305030E-008  0.433117E-008  0.433117E-008  0.658847E-008
  0.663388E+000  0.152222E+001  0.307224E-008  0.436437E-008  0.436437E-008  0.663610E-008
  0.665412E+000  0.152679E+001  0.309447E-008  0.439799E-008  0.439799E-008  0.668436E-008
  0.667437E+000  0.153136E+001  0.311699E-008  0.443204E-008  0.443204E-008  0.673325E-008
  0.669463E+000  0.153593E+001  0.313982E-008  0.446651E-008  0.446651E-008  0.678278E-008
  0.671491E+000  0.154050E+001  0.316280E-008  0.450120E-008  0.450120E-008  0.683262E-008
  0.673519E+000  0.154507E+001  0.318623E-008  0.453654E-008  0.453654E-008  0.688344E-008
  0.675549E+000  0.154964E+001  0.320981E-008  0.457210E-008  0.457210E-008  0.693458E-008
  0.677580E+000  0.155421E+001  0.323371E-008  0.460810E-008  0.460810E-008  0.698638E-008
  0.679611E+000  0.155878E+001  0.325807E-008  0.464479E-008  0.464479E-008  0.703920E-008
  0.681644E+000  0.156335E+001  0.328259E-008  0.468170E-008  0.468170E-008  0.709234E-008
  0.683678E+000  0.156792E+001  0.330743E-008  0.471906E-008  0.471906E-008  0.714616E-008
  0.685712E+000  0.157248E+001  0.333196E-008  0.475595E-008  0.475595E-008  0.719927E-008
  0.687748E+000  0.157705E+001  0.335744E-008  0.479423E-008  0.479423E-008  0.725446E-008
  0.689785E+000  0.158162E+001  0.338324E-008  0.483299E-008  0.483299E-008  0.731035E-008
  0.691823E+000  0.158618E+001  0.340855E-008  0.487099E-008  0.487099E-008  0.736511E-008
  0.693861E+000  0.159075E+001  0.343518E-008  0.491095E-008  0.491095E-008  0.742280E-008
  0.695901E+000  0.159531E+001  0.346114E-008  0.494988E-008  0.494988E-008  0.747894E-008
  0.697941E+000  0.159988E+001  0.348844E-008  0.499082E-008  0.499082E-008  0.753808E-008
  0.699983E+000  0.160444E+001  0.351505E-008  0.503069E-008  0.503069E-008  0.759563E-008
  0.702025E+000  0.160901E+001  0.354305E-008  0.507262E-008  0.507262E-008  0.765625E-008
  0.704068E+000  0.161357E+001  0.357051E-008  0.511374E-008  0.511374E-008  0.771564E-008
  0.706112E+000  0.161813E+001  0.359830E-008  0.515535E-008  0.515535E-008  0.777576E-008
  0.708157E+000  0.162270E+001  0.362736E-008  0.519882E-008  0.519882E-008  0.783866E-008
  0.710203E+000  0.162726E+001  0.365585E-008  0.524143E-008  0.524143E-008  0.790027E-008
  0.712249E+000  0.163182E+001  0.368489E-008  0.528483E-008  0.528483E-008  0.796307E-008
  0.714297E+000  0.163638E+001  0.371408E-008  0.532846E-008  0.532846E-008  0.802620E-008
  0.716345E+000  0.164094E+001  0.374382E-008  0.537290E-008  0.537290E-008  0.809053E-008
  0.718394E+000  0.164550E+001  0.377393E-008  0.541786E-008  0.541786E-008  0.815564E-008
  0.720444E+000  0.165006E+001  0.380441E-008  0.546336E-008  0.546336E-008  0.822154E-008
  0.722495E+000  0.165462E+001  0.383525E-008  0.550939E-008  0.550939E-008  0.828823E-008
  0.724546E+000  0.165918E+001  0.386668E-008  0.555628E-008  0.555628E-008  0.835620E-008
  0.726598E+000  0.166374E+001  0.389849E-008  0.560373E-008  0.560373E-008  0.842500E-008
  0.728651E+000  0.166830E+001  0.393068E-008  0.565174E-008  0.565174E-008  0.849462E-008
  0.730705E+000  0.167286E+001  0.396327E-008  0.570031E-008  0.570031E-008  0.856509E-008
  0.732760E+000  0.167742E+001  0.399625E-008  0.574946E-008  0.574946E-008  0.863641E-008
  0.734815E+000  0.168198E+001  0.402985E-008  0.579952E-008  0.579952E-008  0.870909E-008
  0.736871E+000  0.168654E+001  0.406386E-008  0.585018E-008  0.585018E-008  0.878265E-008
  0.738927E+000  0.169109E+001  0.409739E-008  0.590010E-008  0.590010E-008  0.885512E-008
  0.740985E+000  0.169565E+001  0.413222E-008  0.595195E-008  0.595195E-008  0.893044E-008
  0.743043E+000  0.170021E+001  0.416770E-008  0.600476E-008  0.600476E-008  0.900719E-008
  0.745101E+000  0.170476E+001  0.420268E-008  0.605681E-008  0.605681E-008  0.908282E-008
  0.747161E+000  0.170932E+001  0.423902E-008  0.611087E-008  0.611087E-008  0.916142E-008
  0.749221E+000  0.171388E+001  0.427605E-008  0.616594E-008  0.616594E-008  0.924152E-008
  0.751281E+000  0.171843E+001  0.431255E-008  0.622021E-008  0.622021E-008  0.932044E-008
  0.753343E+000  0.172299E+001  0.435046E-008  0.627658E-008  0.627658E-008  0.940247E-008
  0.755405E+000  0.172754E+001  0.438783E-008  0.633213E-008  0.633213E-008  0.948327E-008
  0.757468E+000  0.173210E+001  0.442693E-008  0.639022E-008  0.639022E-008  0.956785E-008
  0.759531E+000  0.173665E+001  0.446546E-008  0.644747E-008  0.644747E-008  0.965118E-008
  0.761595E+000  0.174120E+001  0.450444E-008  0.650537E-008  0.650537E-008  0.973549E-008
  0.763659E+000  0.174576E+001  0.454549E-008  0.656634E-008  0.656634E-008  0.982434E-008
  0.765724E+000  0.175031E+001  0.458569E-008  0.662604E-008  0.662604E-008  0.991129E-008
  0.767790E+000  0.175487E+001  0.462774E-008  0.668847E-008  0.668847E-008  0.100023E-007
  0.769856E+000  0.175942E+001  0.466919E-008  0.675000E-008  0.675000E-008  0.100920E-007
  0.771923E+000  0.176397E+001  0.471113E-008  0.681225E-008  0.681225E-008  0.101827E-007
  0.773991E+000  0.176852E+001  0.475357E-008  0.687522E-008  0.687522E-008  0.102745E-007
  0.776059E+000  0.177308E+001  0.479827E-008  0.694154E-008  0.694154E-008  0.103713E-007
  0.778127E+000  0.177763E+001  0.484234E-008  0.700692E-008  0.700692E-008  0.104667E-007
  0.780197E+000  0.178218E+001  0.488662E-008  0.707261E-008  0.707261E-008  0.105625E-007
  0.782266E+000  0.178673E+001  0.493206E-008  0.713999E-008  0.713999E-008  0.106609E-007
  0.784337E+000  0.179128E+001  0.497772E-008  0.720770E-008  0.720770E-008  0.107597E-007
  0.786407E+000  0.179583E+001  0.502457E-008  0.727717E-008  0.727717E-008  0.108612E-007
  0.788479E+000  0.180038E+001  0.507166E-008  0.734697E-008  0.734697E-008  0.109631E-007
  0.790551E+000  0.180493E+001  0.511963E-008  0.741809E-008  0.741809E-008  0.110670E-007
  0.792623E+000  0.180949E+001  0.517019E-008  0.749301E-008  0.749301E-008  0.111765E-007
  0.794696E+000  0.181404E+001  0.521970E-008  0.756639E-008  0.756639E-008  0.112837E-007
  0.796769E+000  0.181859E+001  0.527016E-008  0.764116E-008  0.764116E-008  0.113930E-007
  0.798843E+000  0.182313E+001  0.531950E-008  0.771426E-008  0.771426E-008  0.114998E-007
  0.800918E+000  0.182768E+001  0.537116E-008  0.779081E-008  0.779081E-008  0.116117E-007
  0.802993E+000  0.183223E+001  0.542382E-008  0.786881E-008  0.786881E-008  0.117258E-007
  0.805068E+000  0.183678E+001  0.547750E-008  0.794832E-008  0.794832E-008  0.118421E-007
  0.807144E+000  0.184133E+001  0.553184E-008  0.802880E-008  0.802880E-008  0.119599E-007
  0.809220E+000  0.184588E+001  0.558723E-008  0.811083E-008  0.811083E-008  0.120799E-007
  0.811297E+000  0.185043E+001  0.564331E-008  0.819387E-008  0.819387E-008  0.122015E-007
  0.813374E+000  0.185498E+001  0.570048E-008  0.827852E-008  0.827852E-008  0.123254E-007
  0.815452E+000  0.185952E+001  0.575640E-008  0.836130E-008  0.836130E-008  0.124465E-007
  0.817530E+000  0.186407E+001  0.581538E-008  0.844863E-008  0.844863E-008  0.125744E-007
  0.819609E+000  0.186862E+001  0.587511E-008  0.853704E-008  0.853704E-008  0.127039E-007
  0.821688E+000  0.187317E+001  0.593602E-008  0.862719E-008  0.862719E-008  0.128360E-007
  0.823768E+000  0.187771E+001  0.599558E-008  0.871536E-008  0.871536E-008  0.129651E-007
  0.825848E+000  0.188226E+001  0.605844E-008  0.880838E-008  0.880838E-008  0.131014E-007
  0.827928E+000  0.188681E+001  0.612254E-008  0.890325E-008  0.890325E-008  0.132404E-007
  0.830009E+000  0.189135E+001  0.618526E-008  0.899606E-008  0.899606E-008  0.133765E-007
  0.832090E+000  0.189590E+001  0.625145E-008  0.909399E-008  0.909399E-008  0.135200E-007
  0.834172E+000  0.190044E+001  0.631621E-008  0.918981E-008  0.918981E-008  0.136605E-007
  0.836254E+000  0.190499E+001  0.638456E-008  0.929093E-008  0.929093E-008  0.138088E-007
  0.838337E+000  0.190954E+001  0.645380E-008  0.939338E-008  0.939338E-008  0.139591E-007
  0.840420E+000  0.191408E+001  0.652203E-008  0.949432E-008  0.949432E-008  0.141071E-007
  0.842503E+000  0.191863E+001  0.659406E-008  0.960087E-008  0.960087E-008  0.142634E-007
  0.844587E+000  0.192317E+001  0.666456E-008  0.970515E-008  0.970515E-008  0.144164E-007
  0.846671E+000  0.192772E+001  0.673898E-008  0.981524E-008  0.981524E-008  0.145780E-007
  0.848756E+000  0.193226E+001  0.681183E-008  0.992299E-008  0.992299E-008  0.147361E-007
  0.850841E+000  0.193681E+001  0.688876E-008  0.100368E-007  0.100368E-007  0.149031E-007
  0.852926E+000  0.194135E+001  0.696460E-008  0.101489E-007  0.101489E-007  0.150678E-007
  0.855012E+000  0.194590E+001  0.704413E-008  0.102665E-007  0.102665E-007  0.152405E-007
  0.857098E+000  0.195044E+001  0.712254E-008  0.103825E-007  0.103825E-007  0.154108E-007
  0.859184E+000  0.195498E+001  0.720255E-008  0.105008E-007  0.105008E-007  0.155846E-007
  0.861271E+000  0.195953E+001  0.728647E-008  0.106249E-007  0.106249E-007  0.157668E-007
  0.863358E+000  0.196407E+001  0.736923E-008  0.107473E-007  0.107473E-007  0.159466E-007
  0.865446E+000  0.196861E+001  0.745308E-008  0.108713E-007  0.108713E-007  0.161288E-007
  0.867534E+000  0.197316E+001  0.754168E-008  0.110023E-007  0.110023E-007  0.163213E-007
  0.869622E+000  0.197770E+001  0.762908E-008  0.111315E-007  0.111315E-007  0.165112E-007
  0.871711E+000  0.198224E+001  0.771765E-008  0.112625E-007  0.112625E-007  0.167037E-007
  0.873800E+000  0.198679E+001  0.781126E-008  0.114009E-007  0.114009E-007  0.169072E-007
  0.875889E+000  0.199133E+001  0.790362E-008  0.115375E-007  0.115375E-007  0.171079E-007
  0.877979E+000  0.199587E+001  0.799725E-008  0.116759E-007  0.116759E-007  0.173115E-007
  0.880069E+000  0.200041E+001  0.809286E-008  0.118172E-007  0.118172E-007  0.175193E-007
  0.882160E+000  0.200495E+001  0.818978E-008  0.119605E-007  0.119605E-007  0.177301E-007
  0.884250E+000  0.200950E+001  0.829298E-008  0.121131E-007  0.121131E-007  0.179545E-007
  0.886342E+000  0.201404E+001  0.839341E-008  0.122616E-007  0.122616E-007  0.181729E-007
  0.888433E+000  0.201858E+001  0.849673E-008  0.124143E-007  0.124143E-007  0.183976E-007
  0.890525E+000  0.202312E+001  0.860153E-008  0.125693E-007  0.125693E-007  0.186255E-007
  0.892617E+000  0.202766E+001  0.870858E-008  0.127275E-007  0.127275E-007  0.188584E-007
  0.894709E+000  0.203220E+001  0.881796E-008  0.128892E-007  0.128892E-007  0.190964E-007
  0.896802E+000  0.203674E+001  0.892893E-008  0.130533E-007  0.130533E-007  0.193378E-007
  0.898895E+000  0.204128E+001  0.904232E-008  0.132209E-007  0.132209E-007  0.195846E-007
  0.900989E+000  0.204583E+001  0.916148E-008  0.133971E-007  0.133971E-007  0.198439E-007
  0.903082E+000  0.205037E+001  0.928001E-008  0.135723E-007  0.135723E-007  0.201019E-007
  0.905176E+000  0.205491E+001  0.940032E-008  0.137501E-007  0.137501E-007  0.203638E-007
  0.907271E+000  0.205945E+001  0.952242E-008  0.139306E-007  0.139306E-007  0.206296E-007
  0.909366E+000  0.206399E+001  0.964725E-008  0.141152E-007  0.141152E-007  0.209014E-007
  0.911461E+000  0.206853E+001  0.977490E-008  0.143039E-007  0.143039E-007  0.211793E-007
  0.913556E+000  0.207307E+001  0.990543E-008  0.144969E-007  0.144969E-007  0.214635E-007
  0.915651E+000  0.207761E+001  0.100389E-007  0.146942E-007  0.146942E-007  0.217543E-007
  0.917747E+000  0.208215E+001  0.101745E-007  0.148947E-007  0.148947E-007  0.220496E-007
  0.919844E+000  0.208668E+001  0.103073E-007  0.150910E-007  0.150910E-007  0.223389E-007
  0.921940E+000  0.209122E+001  0.104491E-007  0.153006E-007  0.153006E-007  0.226478E-007
  0.924037E+000  0.209576E+001  0.105932E-007  0.155136E-007  0.155136E-007  0.229616E-007
  0.926134E+000  0.210030E+001  0.107406E-007  0.157315E-007  0.157315E-007  0.232828E-007
  0.928232E+000  0.210484E+001  0.108904E-007  0.159530E-007  0.159530E-007  0.236092E-007
  0.930329E+000  0.210938E+001  0.110448E-007  0.161813E-007  0.161813E-007  0.239458E-007
  0.932427E+000  0.211392E+001  0.112018E-007  0.164134E-007  0.164134E-007  0.242879E-007
  0.934526E+000  0.211846E+001  0.113614E-007  0.166493E-007  0.166493E-007  0.246357E-007
  0.936624E+000  0.212299E+001  0.115201E-007  0.168839E-007  0.168839E-007  0.249817E-007
  0.938723E+000  0.212753E+001  0.116873E-007  0.171311E-007  0.171311E-007  0.253463E-007
  0.940822E+000  0.213207E+001  0.118585E-007  0.173843E-007  0.173843E-007  0.257197E-007
  0.942922E+000  0.213661E+001  0.120327E-007  0.176419E-007  0.176419E-007  0.260995E-007
  0.945022E+000  0.214115E+001  0.122112E-007  0.179057E-007  0.179057E-007  0.264886E-007
  0.947122E+000  0.214568E+001  0.123874E-007  0.181664E-007  0.181664E-007  0.268731E-007
  0.949222E+000  0.215022E+001  0.125747E-007  0.184432E-007  0.184432E-007  0.272815E-007
  0.951323E+000  0.215476E+001  0.127652E-007  0.187249E-007  0.187249E-007  0.276972E-007
  0.953424E+000  0.215930E+001  0.129605E-007  0.190137E-007  0.190137E-007  0.281233E-007
  0.955525E+000  0.216383E+001  0.131536E-007  0.192992E-007  0.192992E-007  0.285445E-007
  0.957626E+000  0.216837E+001  0.133588E-007  0.196026E-007  0.196026E-007  0.289922E-007
  0.959728E+000  0.217291E+001  0.135677E-007  0.199115E-007  0.199115E-007  0.294482E-007
  0.961830E+000  0.217744E+001  0.137743E-007  0.202170E-007  0.202170E-007  0.298990E-007
  0.963932E+000  0.218198E+001  0.139939E-007  0.205419E-007  0.205419E-007  0.303785E-007
  0.966035E+000  0.218652E+001  0.142177E-007  0.208728E-007  0.208728E-007  0.308670E-007
  0.968138E+000  0.219105E+001  0.144390E-007  0.212001E-007  0.212001E-007  0.313502E-007
  0.970241E+000  0.219559E+001  0.146745E-007  0.215484E-007  0.215484E-007  0.318643E-007
  0.972344E+000  0.220013E+001  0.149163E-007  0.219059E-007  0.219059E-007  0.323922E-007
  0.974448E+000  0.220466E+001  0.151538E-007  0.222572E-007  0.222572E-007  0.329109E-007
  0.976552E+000  0.220920E+001  0.154066E-007  0.226311E-007  0.226311E-007  0.334631E-007
  0.978656E+000  0.221373E+001  0.156569E-007  0.230013E-007  0.230013E-007  0.340099E-007
  0.980760E+000  0.221827E+001  0.159235E-007  0.233956E-007  0.233956E-007  0.345921E-007
  0.982865E+000  0.222280E+001  0.161855E-007  0.237832E-007  0.237832E-007  0.351646E-007
  0.984970E+000  0.222734E+001  0.164647E-007  0.241961E-007  0.241961E-007  0.357746E-007
  0.987075E+000  0.223187E+001  0.167413E-007  0.246052E-007  0.246052E-007  0.363789E-007
  0.989180E+000  0.223641E+001  0.170361E-007  0.250413E-007  0.250413E-007  0.370230E-007
  0.991286E+000  0.224094E+001  0.173260E-007  0.254702E-007  0.254702E-007  0.376568E-007
  0.993392E+000  0.224548E+001  0.176352E-007  0.259276E-007  0.259276E-007  0.383325E-007
  0.995498E+000  0.225001E+001  0.179417E-007  0.263810E-007  0.263810E-007  0.390026E-007
  0.997605E+000  0.225455E+001  0.182663E-007  0.268612E-007  0.268612E-007  0.397121E-007
  0.999712E+000  0.225908E+001  0.185881E-007  0.273373E-007  0.273373E-007  0.404156E-007
  0.100182E+001  0.226362E+001  0.189290E-007  0.278417E-007  0.278417E-007  0.411610E-007
  0.100393E+001  0.226815E+001  0.192618E-007  0.283341E-007  0.283341E-007  0.418889E-007
  0.100603E+001  0.227269E+001  0.196442E-007  0.288997E-007  0.288997E-007  0.427249E-007
  0.100814E+001  0.227722E+001  0.199973E-007  0.294222E-007  0.294222E-007  0.434971E-007
  0.101025E+001  0.228175E+001  0.203605E-007  0.299597E-007  0.299597E-007  0.442918E-007
  0.101236E+001  0.228629E+001  0.207487E-007  0.305342E-007  0.305342E-007  0.451411E-007
  0.101447E+001  0.229082E+001  0.211339E-007  0.311042E-007  0.311042E-007  0.459838E-007
  0.101657E+001  0.229535E+001  0.215615E-007  0.317369E-007  0.317369E-007  0.469192E-007
  0.101868E+001  0.229989E+001  0.219867E-007  0.323660E-007  0.323660E-007  0.478494E-007
  0.102079E+001  0.230442E+001  0.224089E-007  0.329909E-007  0.329909E-007  0.487734E-007
  0.102290E+001  0.230895E+001  0.228440E-007  0.336348E-007  0.336348E-007  0.497258E-007
  0.102501E+001  0.231349E+001  0.233098E-007  0.343242E-007  0.343242E-007  0.507452E-007
  0.102712E+001  0.231802E+001  0.237728E-007  0.350095E-007  0.350095E-007  0.517588E-007
  0.102923E+001  0.232255E+001  0.242504E-007  0.357164E-007  0.357164E-007  0.528044E-007
  0.103134E+001  0.232709E+001  0.247622E-007  0.364739E-007  0.364739E-007  0.539247E-007
  0.103345E+001  0.233162E+001  0.252714E-007  0.372277E-007  0.372277E-007  0.550398E-007
  0.103556E+001  0.233615E+001  0.257972E-007  0.380060E-007  0.380060E-007  0.561912E-007
  0.103768E+001  0.234068E+001  0.262982E-007  0.387478E-007  0.387478E-007  0.572887E-007
  0.103979E+001  0.234522E+001  0.268794E-007  0.396081E-007  0.396081E-007  0.585615E-007
  0.104190E+001  0.234975E+001  0.274586E-007  0.404656E-007  0.404656E-007  0.598302E-007
  0.104401E+001  0.235428E+001  0.280575E-007  0.413522E-007  0.413522E-007  0.611420E-007
  0.104612E+001  0.235881E+001  0.286769E-007  0.422692E-007  0.422692E-007  0.624990E-007
  0.104824E+001  0.236334E+001  0.292682E-007  0.431449E-007  0.431449E-007  0.637950E-007
  0.105035E+001  0.236788E+001  0.299552E-007  0.441620E-007  0.441620E-007  0.653001E-007
  0.105246E+001  0.237241E+001  0.306413E-007  0.451777E-007  0.451777E-007  0.668033E-007
  0.105457E+001  0.237694E+001  0.313519E-007  0.462299E-007  0.462299E-007  0.683606E-007
  0.105669E+001  0.238147E+001  0.320315E-007  0.472364E-007  0.472364E-007  0.698506E-007
  0.105880E+001  0.238600E+001  0.327929E-007  0.483639E-007  0.483639E-007  0.715195E-007
  0.106091E+001  0.239053E+001  0.335827E-007  0.495334E-007  0.495334E-007  0.732506E-007
  0.106303E+001  0.239506E+001  0.343389E-007  0.506535E-007  0.506535E-007  0.749090E-007
  0.106514E+001  0.239960E+001  0.352197E-007  0.519577E-007  0.519577E-007  0.768396E-007
  0.106726E+001  0.240413E+001  0.360338E-007  0.531638E-007  0.531638E-007  0.786254E-007
  0.106937E+001  0.240866E+001  0.369479E-007  0.545175E-007  0.545175E-007  0.806296E-007
  0.107149E+001  0.241319E+001  0.378248E-007  0.558165E-007  0.558165E-007  0.825532E-007
  0.107360E+001  0.241772E+001  0.388100E-007  0.572758E-007  0.572758E-007  0.847139E-007
  0.107572E+001  0.242225E+001  0.397562E-007  0.586775E-007  0.586775E-007  0.867899E-007
  0.107783E+001  0.242678E+001  0.408203E-007  0.602536E-007  0.602536E-007  0.891238E-007
  0.107995E+001  0.243131E+001  0.418432E-007  0.617691E-007  0.617691E-007  0.913684E-007
  0.108206E+001  0.243584E+001  0.429946E-007  0.634748E-007  0.634748E-007  0.938944E-007
  0.108418E+001  0.244037E+001  0.441027E-007  0.651166E-007  0.651166E-007  0.963263E-007
  0.108630E+001  0.244490E+001  0.452551E-007  0.668241E-007  0.668241E-007  0.988557E-007
  0.108841E+001  0.244943E+001  0.465543E-007  0.687488E-007  0.687488E-007  0.101706E-006
  0.109053E+001  0.245396E+001  0.478067E-007  0.706046E-007  0.706046E-007  0.104456E-006
  0.109265E+001  0.245849E+001  0.491112E-007  0.725377E-007  0.725377E-007  0.107320E-006
  0.109476E+001  0.246302E+001  0.505844E-007  0.747205E-007  0.747205E-007  0.110553E-006
  0.109688E+001  0.246755E+001  0.520071E-007  0.768288E-007  0.768288E-007  0.113677E-006
  0.109900E+001  0.247208E+001  0.534915E-007  0.790288E-007  0.790288E-007  0.116937E-006
  0.110112E+001  0.247661E+001  0.550415E-007  0.813259E-007  0.813259E-007  0.120341E-006
  0.110324E+001  0.248114E+001  0.566607E-007  0.837258E-007  0.837258E-007  0.123897E-006
  0.110535E+001  0.248567E+001  0.584951E-007  0.864443E-007  0.864443E-007  0.127925E-006
  0.110747E+001  0.249019E+001  0.601990E-007  0.889699E-007  0.889699E-007  0.131668E-006
  0.110959E+001  0.249472E+001  0.620560E-007  0.917226E-007  0.917226E-007  0.135748E-006
  0.111171E+001  0.249925E+001  0.640014E-007  0.946062E-007  0.946062E-007  0.140022E-006
  0.111383E+001  0.250378E+001  0.660406E-007  0.976292E-007  0.976292E-007  0.144502E-006
  0.111595E+001  0.250831E+001  0.681799E-007  0.100800E-006  0.100800E-006  0.149203E-006
  0.111807E+001  0.251284E+001  0.704258E-007  0.104130E-006  0.104130E-006  0.154138E-006
  0.112019E+001  0.251737E+001  0.727855E-007  0.107628E-006  0.107628E-006  0.159324E-006
  0.112231E+001  0.252190E+001  0.752668E-007  0.111307E-006  0.111307E-006  0.164777E-006
  0.112443E+001  0.252642E+001  0.777697E-007  0.115018E-006  0.115018E-006  0.170280E-006
  0.112655E+001  0.253095E+001  0.805144E-007  0.119088E-006  0.119088E-006  0.176313E-006
  0.112867E+001  0.253548E+001  0.834079E-007  0.123378E-006  0.123378E-006  0.182674E-006
  0.113079E+001  0.254001E+001  0.864612E-007  0.127906E-006  0.127906E-006  0.189387E-006
  0.113291E+001  0.254454E+001  0.896861E-007  0.132688E-006  0.132688E-006  0.196477E-006
  0.113503E+001  0.254906E+001  0.929536E-007  0.137534E-006  0.137534E-006  0.203663E-006
  0.113715E+001  0.255359E+001  0.965538E-007  0.142873E-006  0.142873E-006  0.211580E-006
  0.113927E+001  0.255812E+001  0.100368E-006  0.148529E-006  0.148529E-006  0.219969E-006
  0.114139E+001  0.256265E+001  0.104414E-006  0.154529E-006  0.154529E-006  0.228866E-006
  0.114351E+001  0.256717E+001  0.108530E-006  0.160634E-006  0.160634E-006  0.237921E-006
  0.114564E+001  0.257170E+001  0.112700E-006  0.166821E-006  0.166821E-006  0.247097E-006
  0.114776E+001  0.257623E+001  0.117523E-006  0.173975E-006  0.173975E-006  0.257709E-006
  0.114988E+001  0.258076E+001  0.122664E-006  0.181600E-006  0.181600E-006  0.269018E-006
  0.115200E+001  0.258528E+001  0.127919E-006  0.189395E-006  0.189395E-006  0.280581E-006
  0.115412E+001  0.258981E+001  0.133764E-006  0.198066E-006  0.198066E-006  0.293444E-006
  0.115625E+001  0.259434E+001  0.139488E-006  0.206558E-006  0.206558E-006  0.306043E-006
  0.115837E+001  0.259887E+001  0.146153E-006  0.216447E-006  0.216447E-006  0.320713E-006
  0.116049E+001  0.260339E+001  0.153006E-006  0.226614E-006  0.226614E-006  0.335796E-006
  0.116262E+001  0.260792E+001  0.160020E-006  0.237022E-006  0.237022E-006  0.351239E-006
  0.116474E+001  0.261245E+001  0.168228E-006  0.249200E-006  0.249200E-006  0.369308E-006
  0.116686E+001  0.261697E+001  0.176707E-006  0.261781E-006  0.261781E-006  0.387976E-006
  0.116899E+001  0.262150E+001  0.185427E-006  0.274723E-006  0.274723E-006  0.407181E-006
  0.117111E+001  0.262603E+001  0.195690E-006  0.289951E-006  0.289951E-006  0.429777E-006
  0.117323E+001  0.263055E+001  0.206350E-006  0.305771E-006  0.305771E-006  0.453253E-006
  0.117536E+001  0.263508E+001  0.217376E-006  0.322135E-006  0.322135E-006  0.477540E-006
  0.117748E+001  0.263961E+001  0.230434E-006  0.341514E-006  0.341514E-006  0.506299E-006
  0.117960E+001  0.264413E+001  0.244087E-006  0.361778E-006  0.361778E-006  0.536374E-006
  0.118173E+001  0.264866E+001  0.258302E-006  0.382877E-006  0.382877E-006  0.567692E-006
  0.118385E+001  0.265319E+001  0.275265E-006  0.408054E-006  0.408054E-006  0.605059E-006
  0.118598E+001  0.265771E+001  0.291513E-006  0.432174E-006  0.432174E-006  0.640866E-006
  0.118810E+001  0.266224E+001  0.311892E-006  0.462424E-006  0.462424E-006  0.685766E-006
  0.119023E+001  0.266676E+001  0.331516E-006  0.491559E-006  0.491559E-006  0.729020E-006
  0.119235E+001  0.267129E+001  0.356289E-006  0.528333E-006  0.528333E-006  0.783608E-006
  0.119448E+001  0.267582E+001  0.381487E-006  0.565743E-006  0.565743E-006  0.839149E-006
  0.119660E+001  0.268034E+001  0.410805E-006  0.609270E-006  0.609270E-006  0.903770E-006
  0.119873E+001  0.268487E+001  0.442073E-006  0.655695E-006  0.655695E-006  0.972701E-006
  0.120085E+001  0.268939E+001  0.478749E-006  0.710150E-006  0.710150E-006  0.105355E-005
  0.120298E+001  0.269392E+001  0.518193E-006  0.768720E-006  0.768720E-006  0.114052E-005
  0.120510E+001  0.269845E+001  0.567076E-006  0.841301E-006  0.841301E-006  0.124829E-005
  0.120723E+001  0.270297E+001  0.615620E-006  0.913391E-006  0.913391E-006  0.135535E-005
  0.120935E+001  0.270750E+001  0.679206E-006  0.100781E-005  0.100781E-005  0.149555E-005
  0.121148E+001  0.271202E+001  0.743071E-006  0.110266E-005  0.110266E-005  0.163642E-005
  0.121360E+001  0.271655E+001  0.827868E-006  0.122859E-005  0.122859E-005  0.182342E-005
  0.121573E+001  0.272107E+001  0.914216E-006  0.135684E-005  0.135684E-005  0.201391E-005
  0.121786E+001  0.272560E+001  0.101995E-005  0.151388E-005  0.151388E-005  0.224715E-005
  0.121998E+001  0.273013E+001  0.115786E-005  0.171870E-005  0.171870E-005  0.255136E-005
  0.122211E+001  0.273465E+001  0.130210E-005  0.193295E-005  0.193295E-005  0.286961E-005
  0.122423E+001  0.273918E+001  0.150314E-005  0.223157E-005  0.223157E-005  0.331315E-005
  0.122636E+001  0.274370E+001  0.171857E-005  0.255160E-005  0.255160E-005  0.378857E-005
  0.122849E+001  0.274823E+001  0.199793E-005  0.296660E-005  0.296660E-005  0.440506E-005
  0.123061E+001  0.275275E+001  0.237007E-005  0.351943E-005  0.351943E-005  0.522631E-005
  0.123274E+001  0.275728E+001  0.283058E-005  0.420358E-005  0.420358E-005  0.624270E-005
  0.123486E+001  0.276180E+001  0.347276E-005  0.515764E-005  0.515764E-005  0.766011E-005
  0.123699E+001  0.276633E+001  0.431169E-005  0.640407E-005  0.640407E-005  0.951198E-005
  0.123912E+001  0.277085E+001  0.542757E-005  0.806206E-005  0.806206E-005  0.119755E-004
  0.124124E+001  0.277538E+001  0.734055E-005  0.109044E-004  0.109044E-004  0.161986E-004
  0.124337E+001  0.277990E+001  0.995886E-005  0.147950E-004  0.147950E-004  0.219798E-004
  0.124550E+001  0.278443E+001  0.145559E-004  0.216260E-004  0.216260E-004  0.321303E-004
  0.124762E+001  0.278896E+001  0.245049E-004  0.364101E-004  0.364101E-004  0.540994E-004
  0.124975E+001  0.279348E+001  0.446203E-004  0.663030E-004  0.663030E-004  0.985225E-004
  0.125188E+001  0.279801E+001  0.112687E-003  0.167459E-003  0.167459E-003  0.248852E-003
  0.125400E+001  0.280253E+001  0.100219E-002  0.148942E-002  0.148942E-002  0.221351E-002
  0.125613E+001  0.280706E+001  0.195068E-002  0.289923E-002  0.289923E-002  0.430902E-002
  0.125826E+001  0.281158E+001  0.290524E-003  0.431827E-003  0.431827E-003  0.641856E-003
  0.126038E+001  0.281611E+001  0.689466E-004  0.102488E-003  0.102488E-003  0.152346E-003
  0.126251E+001  0.282063E+001  0.337182E-004  0.501251E-004  0.501251E-004  0.745154E-004
  0.126463E+001  0.282516E+001  0.186652E-004  0.277494E-004  0.277494E-004  0.412549E-004
  0.126676E+001  0.282968E+001  0.125402E-004  0.186447E-004  0.186447E-004  0.277210E-004
  0.126889E+001  0.283421E+001  0.887291E-005  0.131932E-004  0.131932E-004  0.196171E-004
  0.127101E+001  0.283873E+001  0.652278E-005  0.969942E-005  0.969942E-005  0.144233E-004
  0.127314E+001  0.284326E+001  0.506193E-005  0.752767E-005  0.752767E-005  0.111946E-004
  0.127527E+001  0.284778E+001  0.408840E-005  0.608035E-005  0.608035E-005  0.904294E-005
  0.127739E+001  0.285231E+001  0.327616E-005  0.487271E-005  0.487271E-005  0.724742E-005
  0.127952E+001  0.285683E+001  0.275752E-005  0.410160E-005  0.410160E-005  0.610096E-005
  0.128165E+001  0.286136E+001  0.233536E-005  0.347391E-005  0.347391E-005  0.516768E-005
  0.128377E+001  0.286588E+001  0.198885E-005  0.295867E-005  0.295867E-005  0.440155E-005
  0.128590E+001  0.287041E+001  0.172736E-005  0.256986E-005  0.256986E-005  0.382339E-005
  0.128803E+001  0.287494E+001  0.151501E-005  0.225408E-005  0.225408E-005  0.335384E-005
  0.129015E+001  0.287946E+001  0.133168E-005  0.198146E-005  0.198146E-005  0.294841E-005
  0.129228E+001  0.288399E+001  0.118736E-005  0.176683E-005  0.176683E-005  0.262925E-005
  0.129440E+001  0.288851E+001  0.105972E-005  0.157701E-005  0.157701E-005  0.234693E-005
  0.129653E+001  0.289304E+001  0.957181E-006  0.142451E-005  0.142451E-005  0.212014E-005
  0.129866E+001  0.289756E+001  0.873562E-006  0.130015E-005  0.130015E-005  0.193519E-005
  0.130078E+001  0.290209E+001  0.789273E-006  0.117478E-005  0.117478E-005  0.174871E-005
  0.130291E+001  0.290661E+001  0.726890E-006  0.108200E-005  0.108200E-005  0.161071E-005
  0.130503E+001  0.291114E+001  0.663019E-006  0.986986E-006  0.986986E-006  0.146938E-005
  0.130716E+001  0.291567E+001  0.612670E-006  0.912094E-006  0.912094E-006  0.135799E-005
  0.130928E+001  0.292019E+001  0.565690E-006  0.842208E-006  0.842208E-006  0.125402E-005
  0.131141E+001  0.292472E+001  0.526256E-006  0.783549E-006  0.783549E-006  0.116677E-005
  0.131353E+001  0.292924E+001  0.489078E-006  0.728240E-006  0.728240E-006  0.108448E-005
  0.131566E+001  0.293377E+001  0.457625E-006  0.681448E-006  0.681448E-006  0.101488E-005
  0.131779E+001  0.293829E+001  0.430813E-006  0.641564E-006  0.641564E-006  0.955543E-006
  0.131991E+001  0.294282E+001  0.402218E-006  0.599016E-006  0.599016E-006  0.892236E-006
  0.132203E+001  0.294735E+001  0.376521E-006  0.560782E-006  0.560782E-006  0.835344E-006
  0.132416E+001  0.295187E+001  0.356854E-006  0.531522E-006  0.531522E-006  0.791814E-006
  0.132628E+001  0.295640E+001  0.335580E-006  0.499865E-006  0.499865E-006  0.744706E-006
  0.132841E+001  0.296092E+001  0.319257E-006  0.475581E-006  0.475581E-006  0.708576E-006
  0.133053E+001  0.296545E+001  0.301449E-006  0.449079E-006  0.449079E-006  0.669136E-006
  0.133266E+001  0.296998E+001  0.286921E-006  0.427462E-006  0.427462E-006  0.636970E-006
  0.133478E+001  0.297450E+001  0.272713E-006  0.406317E-006  0.406317E-006  0.605503E-006
  0.133691E+001  0.297903E+001  0.260409E-006  0.388008E-006  0.388008E-006  0.578257E-006
  0.133903E+001  0.298356E+001  0.247628E-006  0.368985E-006  0.368985E-006  0.549944E-006
  0.134115E+001  0.298808E+001  0.236497E-006  0.352418E-006  0.352418E-006  0.525287E-006
  0.134328E+001  0.299261E+001  0.226826E-006  0.338027E-006  0.338027E-006  0.503870E-006
  0.134540E+001  0.299714E+001  0.216681E-006  0.322925E-006  0.322925E-006  0.481391E-006
  0.134752E+001  0.300166E+001  0.207817E-006  0.309732E-006  0.309732E-006  0.461753E-006
  0.134965E+001  0.300619E+001  0.200102E-006  0.298250E-006  0.298250E-006  0.444664E-006
  0.135177E+001  0.301072E+001  0.191930E-006  0.286085E-006  0.286085E-006  0.426554E-006
  0.135389E+001  0.301524E+001  0.184777E-006  0.275438E-006  0.275438E-006  0.410704E-006
  0.135601E+001  0.301977E+001  0.177680E-006  0.264871E-006  0.264871E-006  0.394973E-006
  0.135814E+001  0.302430E+001  0.171889E-006  0.256252E-006  0.256252E-006  0.382145E-006
  0.136026E+001  0.302883E+001  0.165674E-006  0.246999E-006  0.246999E-006  0.368368E-006
  0.136238E+001  0.303335E+001  0.160232E-006  0.238897E-006  0.238897E-006  0.356306E-006
  0.136450E+001  0.303788E+001  0.154787E-006  0.230790E-006  0.230790E-006  0.344235E-006
  0.136662E+001  0.304241E+001  0.149692E-006  0.223204E-006  0.223204E-006  0.332939E-006
  0.136875E+001  0.304694E+001  0.145577E-006  0.217078E-006  0.217078E-006  0.323819E-006
  0.137087E+001  0.305146E+001  0.141384E-006  0.210835E-006  0.210835E-006  0.314524E-006
  0.137299E+001  0.305599E+001  0.137155E-006  0.204538E-006  0.204538E-006  0.305146E-006
  0.137511E+001  0.306052E+001  0.133189E-006  0.198632E-006  0.198632E-006  0.296352E-006
  0.137723E+001  0.306505E+001  0.129469E-006  0.193092E-006  0.193092E-006  0.288102E-006
  0.137935E+001  0.306958E+001  0.125979E-006  0.187894E-006  0.187894E-006  0.280361E-006
  0.138147E+001  0.307410E+001  0.122956E-006  0.183393E-006  0.183393E-006  0.273658E-006
  0.138359E+001  0.307863E+001  0.119876E-006  0.178806E-006  0.178806E-006  0.266826E-006
  0.138571E+001  0.308316E+001  0.116987E-006  0.174504E-006  0.174504E-006  0.260419E-006
  0.138783E+001  0.308769E+001  0.114280E-006  0.170473E-006  0.170473E-006  0.254414E-006
  0.138995E+001  0.309222E+001  0.111745E-006  0.166697E-006  0.166697E-006  0.248790E-006
  0.139207E+001  0.309675E+001  0.109373E-006  0.163164E-006  0.163164E-006  0.243528E-006
  0.139418E+001  0.310128E+001  0.106718E-006  0.159208E-006  0.159208E-006  0.237633E-006
  0.139630E+001  0.310581E+001  0.104661E-006  0.156144E-006  0.156144E-006  0.233069E-006
  0.139842E+001  0.311034E+001  0.102747E-006  0.153292E-006  0.153292E-006  0.228821E-006
  0.140054E+001  0.311486E+001  0.101166E-006  0.150938E-006  0.150938E-006  0.225314E-006
  0.140266E+001  0.311939E+001  0.995175E-007  0.148482E-006  0.148482E-006  0.221656E-006
  0.140477E+001  0.312392E+001  0.976013E-007  0.145627E-006  0.145627E-006  0.217400E-006
  0.140689E+001  0.312845E+001  0.962144E-007  0.143560E-006  0.143560E-006  0.214321E-006
  0.140901E+001  0.313298E+001  0.949507E-007  0.141678E-006  0.141678E-006  0.211516E-006
  0.141112E+001  0.313751E+001  0.934276E-007  0.139408E-006  0.139408E-006  0.208132E-006
  0.141324E+001  0.314204E+001  0.924092E-007  0.137890E-006  0.137890E-006  0.205871E-006
  0.141535E+001  0.314657E+001  0.911369E-007  0.135994E-006  0.135994E-006  0.203044E-006
  0.141747E+001  0.315110E+001  0.903596E-007  0.134835E-006  0.134835E-006  0.201318E-006
  0.141959E+001  0.315563E+001  0.897028E-007  0.133857E-006  0.133857E-006  0.199859E-006
  0.142170E+001  0.316017E+001  0.886256E-007  0.132250E-006  0.132250E-006  0.197462E-006
  0.142381E+001  0.316470E+001  0.878478E-007  0.131090E-006  0.131090E-006  0.195732E-006
  0.142593E+001  0.316923E+001  0.875639E-007  0.130667E-006  0.130667E-006  0.195100E-006
  0.142804E+001  0.317376E+001  0.870417E-007  0.129887E-006  0.129887E-006  0.193937E-006
  0.143016E+001  0.317829E+001  0.870247E-007  0.129862E-006  0.129862E-006  0.193897E-006
  0.143227E+001  0.318282E+001  0.867749E-007  0.129488E-006  0.129488E-006  0.193339E-006
  0.143438E+001  0.318735E+001  0.866689E-007  0.129329E-006  0.129329E-006  0.193099E-006
  0.143650E+001  0.319188E+001  0.871017E-007  0.129973E-006  0.129973E-006  0.194057E-006
  0.143861E+001  0.319642E+001  0.871298E-007  0.130013E-006  0.130013E-006  0.194113E-006
  0.144072E+001  0.320095E+001  0.875103E-007  0.130578E-006  0.130578E-006  0.194952E-006
  0.144283E+001  0.320548E+001  0.880757E-007  0.131418E-006  0.131418E-006  0.196202E-006
  0.144494E+001  0.321001E+001  0.888421E-007  0.132559E-006  0.132559E-006  0.197898E-006
  0.144705E+001  0.321455E+001  0.896271E-007  0.133726E-006  0.133726E-006  0.199633E-006
  0.144916E+001  0.321908E+001  0.908507E-007  0.135547E-006  0.135547E-006  0.202343E-006
  0.145127E+001  0.322361E+001  0.923452E-007  0.137771E-006  0.137771E-006  0.205653E-006
  0.145338E+001  0.322814E+001  0.941450E-007  0.140450E-006  0.140450E-006  0.209641E-006
  0.145549E+001  0.323268E+001  0.960532E-007  0.143290E-006  0.143290E-006  0.213868E-006
  0.145760E+001  0.323721E+001  0.985843E-007  0.147058E-006  0.147058E-006  0.219477E-006
  0.145971E+001  0.324174E+001  0.101574E-006  0.151510E-006  0.151510E-006  0.226104E-006
  0.146182E+001  0.324628E+001  0.104814E-006  0.156333E-006  0.156333E-006  0.233284E-006
  0.146393E+001  0.325081E+001  0.108952E-006  0.162495E-006  0.162495E-006  0.242458E-006
  0.146603E+001  0.325535E+001  0.112767E-006  0.168173E-006  0.168173E-006  0.250909E-006
  0.146814E+001  0.325988E+001  0.118465E-006  0.176656E-006  0.176656E-006  0.263539E-006
  0.147025E+001  0.326442E+001  0.124852E-006  0.186166E-006  0.186166E-006  0.277699E-006
  0.147235E+001  0.326895E+001  0.131946E-006  0.196726E-006  0.196726E-006  0.293419E-006
  0.147446E+001  0.327348E+001  0.141611E-006  0.211116E-006  0.211116E-006  0.314845E-006
  0.147657E+001  0.327802E+001  0.152836E-006  0.227829E-006  0.227829E-006  0.339727E-006
  0.147867E+001  0.328256E+001  0.165137E-006  0.246141E-006  0.246141E-006  0.366989E-006
  0.148078E+001  0.328709E+001  0.182933E-006  0.272638E-006  0.272638E-006  0.406439E-006
  0.148288E+001  0.329163E+001  0.202489E-006  0.301751E-006  0.301751E-006  0.449778E-006
  0.148498E+001  0.329616E+001  0.228651E-006  0.340699E-006  0.340699E-006  0.507761E-006
  0.148709E+001  0.330070E+001  0.264994E-006  0.394804E-006  0.394804E-006  0.588310E-006
  0.148919E+001  0.330523E+001  0.312202E-006  0.465081E-006  0.465081E-006  0.692929E-006
  0.149129E+001  0.330977E+001  0.375884E-006  0.559878E-006  0.559878E-006  0.834043E-006
  0.149340E+001  0.331431E+001  0.477669E-006  0.711397E-006  0.711397E-006  0.105960E-005
  0.149550E+001  0.331884E+001  0.632151E-006  0.941349E-006  0.941349E-006  0.140189E-005
  0.149760E+001  0.332338E+001  0.886836E-006  0.132044E-005  0.132044E-005  0.196615E-005
  0.149970E+001  0.332792E+001  0.137466E-005  0.204652E-005  0.204652E-005  0.304686E-005
  0.150180E+001  0.333246E+001  0.251744E-005  0.374737E-005  0.374737E-005  0.557832E-005
