  0.156600E+000  0.323587E-001  0.692016E-001  0.367430E-002  0.367430E-002  0.195091E-003
  0.156600E+000  0.323587E-001  0.692016E-001  0.367430E-002  0.367430E-002  0.195091E-003
  0.157391E+000  0.372957E-001  0.601070E-001  0.365719E-002  0.365719E-002  0.222522E-003
  0.158286E+000  0.422149E-001  0.531475E-001  0.363743E-002  0.363743E-002  0.248948E-003
  0.159281E+000  0.471150E-001  0.476763E-001  0.361693E-002  0.361693E-002  0.274396E-003
  0.160371E+000  0.519947E-001  0.432611E-001  0.359490E-002  0.359490E-002  0.298730E-003
  0.161553E+000  0.568529E-001  0.396326E-001  0.357253E-002  0.357253E-002  0.322033E-003
  0.162824E+000  0.616889E-001  0.365929E-001  0.354930E-002  0.354930E-002  0.344263E-003
  0.164178E+000  0.665019E-001  0.339996E-001  0.352387E-002  0.352387E-002  0.365230E-003
  0.165613E+000  0.712917E-001  0.317811E-001  0.349914E-002  0.349914E-002  0.385261E-003
  0.167124E+000  0.760579E-001  0.298503E-001  0.347343E-002  0.347343E-002  0.404174E-003
  0.168707E+000  0.808005E-001  0.281587E-001  0.344744E-002  0.344744E-002  0.422066E-003
  0.170360E+000  0.855195E-001  0.266624E-001  0.342117E-002  0.342117E-002  0.438987E-003
  0.172078E+000  0.902150E-001  0.253336E-001  0.339520E-002  0.339520E-002  0.455024E-003
  0.173858E+000  0.948874E-001  0.241443E-001  0.336942E-002  0.336942E-002  0.470215E-003
  0.175697E+000  0.995370E-001  0.230736E-001  0.334394E-002  0.334394E-002  0.484620E-003
  0.177592E+000  0.104164E+000  0.221055E-001  0.331900E-002  0.331900E-002  0.498327E-003
  0.179539E+000  0.108769E+000  0.212248E-001  0.329444E-002  0.329444E-002  0.511352E-003
  0.181537E+000  0.113353E+000  0.204198E-001  0.327041E-002  0.327041E-002  0.523786E-003
  0.183582E+000  0.117915E+000  0.196836E-001  0.324734E-002  0.324734E-002  0.535737E-003
  0.185672E+000  0.122458E+000  0.190044E-001  0.322474E-002  0.322474E-002  0.547186E-003
  0.187804E+000  0.126980E+000  0.183792E-001  0.320327E-002  0.320327E-002  0.558292E-003
  0.189977E+000  0.131483E+000  0.177985E-001  0.318243E-002  0.318243E-002  0.569032E-003
  0.192189E+000  0.135968E+000  0.172603E-001  0.316281E-002  0.316281E-002  0.579561E-003
  0.194436E+000  0.140434E+000  0.167573E-001  0.314383E-002  0.314383E-002  0.589816E-003
  0.196718E+000  0.144883E+000  0.162881E-001  0.312606E-002  0.312606E-002  0.599963E-003
  0.199033E+000  0.149315E+000  0.158489E-001  0.310942E-002  0.310942E-002  0.610040E-003
  0.201379E+000  0.153731E+000  0.154361E-001  0.309378E-002  0.309378E-002  0.620070E-003
  0.203754E+000  0.158130E+000  0.150479E-001  0.307932E-002  0.307932E-002  0.630135E-003
  0.206157E+000  0.162515E+000  0.146816E-001  0.306600E-002  0.306600E-002  0.640282E-003
  0.208587E+000  0.166885E+000  0.143358E-001  0.305397E-002  0.305397E-002  0.650591E-003
  0.211043E+000  0.171240E+000  0.140061E-001  0.304272E-002  0.304272E-002  0.661006E-003
  0.213522E+000  0.175582E+000  0.136940E-001  0.303286E-002  0.303286E-002  0.671700E-003
  0.216025E+000  0.179911E+000  0.133965E-001  0.302414E-002  0.302414E-002  0.682676E-003
  0.218549E+000  0.184227E+000  0.131135E-001  0.301683E-002  0.301683E-002  0.694037E-003
  0.221094E+000  0.188530E+000  0.128422E-001  0.301056E-002  0.301056E-002  0.705761E-003
  0.223659E+000  0.192822E+000  0.125827E-001  0.300567E-002  0.300567E-002  0.717974E-003
  0.226243E+000  0.197103E+000  0.123338E-001  0.300209E-002  0.300209E-002  0.730721E-003
  0.228844E+000  0.201373E+000  0.120939E-001  0.299968E-002  0.299968E-002  0.744018E-003
  0.231463E+000  0.205633E+000  0.118625E-001  0.299857E-002  0.299857E-002  0.757968E-003
  0.234097E+000  0.209882E+000  0.116397E-001  0.299896E-002  0.299896E-002  0.772676E-003
  0.236747E+000  0.214122E+000  0.114233E-001  0.300053E-002  0.300053E-002  0.788141E-003
  0.239412E+000  0.218353E+000  0.112129E-001  0.300337E-002  0.300337E-002  0.804454E-003
  0.242090E+000  0.222575E+000  0.110086E-001  0.300772E-002  0.300772E-002  0.821753E-003
  0.244781E+000  0.226789E+000  0.108096E-001  0.301353E-002  0.301353E-002  0.840121E-003
  0.247485E+000  0.230995E+000  0.106148E-001  0.302075E-002  0.302075E-002  0.859639E-003
  0.250200E+000  0.235194E+000  0.104237E-001  0.302936E-002  0.302936E-002  0.880402E-003
  0.252926E+000  0.239386E+000  0.102360E-001  0.303955E-002  0.303955E-002  0.902585E-003
  0.255661E+000  0.243571E+000  0.100515E-001  0.305138E-002  0.305138E-002  0.926323E-003
  0.258406E+000  0.247750E+000  0.986891E-002  0.306475E-002  0.306475E-002  0.951745E-003
  0.261160E+000  0.251923E+000  0.968696E-002  0.307945E-002  0.307945E-002  0.978946E-003
  0.263922E+000  0.256091E+000  0.950746E-002  0.309628E-002  0.309628E-002  0.100836E-002
  0.266690E+000  0.260255E+000  0.932724E-002  0.311441E-002  0.311441E-002  0.103991E-002
  0.269465E+000  0.264414E+000  0.914704E-002  0.313437E-002  0.313437E-002  0.107404E-002
  0.272245E+000  0.268570E+000  0.896667E-002  0.315633E-002  0.315633E-002  0.111105E-002
  0.275030E+000  0.272723E+000  0.878444E-002  0.318001E-002  0.318001E-002  0.115118E-002
  0.277819E+000  0.276873E+000  0.859961E-002  0.320541E-002  0.320541E-002  0.119478E-002
  0.280610E+000  0.281021E+000  0.841263E-002  0.323297E-002  0.323297E-002  0.124242E-002
  0.283402E+000  0.285169E+000  0.822078E-002  0.326196E-002  0.326196E-002  0.129433E-002
  0.286195E+000  0.289316E+000  0.802450E-002  0.329292E-002  0.329292E-002  0.135128E-002
  0.288987E+000  0.293464E+000  0.782255E-002  0.332566E-002  0.332566E-002  0.141386E-002
  0.291776E+000  0.297614E+000  0.761427E-002  0.336023E-002  0.336023E-002  0.148289E-002
  0.294562E+000  0.301766E+000  0.739645E-002  0.339559E-002  0.339559E-002  0.155886E-002
  0.297342E+000  0.305922E+000  0.717013E-002  0.343244E-002  0.343244E-002  0.164315E-002
  0.300113E+000  0.310084E+000  0.693252E-002  0.346965E-002  0.346965E-002  0.173651E-002
  0.302875E+000  0.314252E+000  0.668122E-002  0.350623E-002  0.350623E-002  0.184002E-002
  0.305624E+000  0.318428E+000  0.641566E-002  0.354170E-002  0.354170E-002  0.195516E-002
  0.308358E+000  0.322614E+000  0.613314E-002  0.357431E-002  0.357431E-002  0.208305E-002
  0.311073E+000  0.326813E+000  0.583278E-002  0.360272E-002  0.360272E-002  0.222526E-002
  0.313767E+000  0.331025E+000  0.551127E-002  0.362366E-002  0.362366E-002  0.238254E-002
  0.316434E+000  0.335254E+000  0.516753E-002  0.363396E-002  0.363396E-002  0.255549E-002
  0.319072E+000  0.339502E+000  0.480140E-002  0.363028E-002  0.363028E-002  0.274479E-002
  0.321677E+000  0.343770E+000  0.441122E-002  0.360645E-002  0.360645E-002  0.294847E-002
  0.324245E+000  0.348060E+000  0.399974E-002  0.355768E-002  0.355768E-002  0.316443E-002
  0.326772E+000  0.352374E+000  0.357027E-002  0.347766E-002  0.347766E-002  0.338740E-002
  0.329258E+000  0.356713E+000  0.312874E-002  0.336086E-002  0.336086E-002  0.361013E-002
  0.331700E+000  0.361076E+000  0.268464E-002  0.320350E-002  0.320350E-002  0.382257E-002
  0.334102E+000  0.365461E+000  0.224796E-002  0.300300E-002  0.300300E-002  0.401154E-002
  0.336465E+000  0.369867E+000  0.183233E-002  0.276243E-002  0.276243E-002  0.416453E-002
  0.338796E+000  0.374291E+000  0.144987E-002  0.248817E-002  0.248817E-002  0.426984E-002
  0.341101E+000  0.378728E+000  0.111107E-002  0.219066E-002  0.219066E-002  0.431902E-002
  0.343390E+000  0.383173E+000  0.822228E-003  0.188211E-002  0.188211E-002  0.430790E-002
  0.345672E+000  0.387622E+000  0.585970E-003  0.157621E-002  0.157621E-002  0.423942E-002
  0.347954E+000  0.392071E+000  0.400450E-003  0.128439E-002  0.128439E-002  0.411887E-002
  0.350247E+000  0.396514E+000  0.260648E-003  0.101570E-002  0.101570E-002  0.395706E-002
  0.352556E+000  0.400949E+000  0.159843E-003  0.775881E-003  0.775881E-003  0.376474E-002
  0.354887E+000  0.405372E+000  0.905798E-004  0.567481E-003  0.567481E-003  0.355301E-002
  0.357245E+000  0.409781E+000  0.457152E-004  0.390531E-003  0.390531E-003  0.333215E-002
  0.359633E+000  0.414174E+000  0.189703E-004  0.243249E-003  0.243249E-003  0.311028E-002
  0.362052E+000  0.418550E+000  0.515805E-005  0.122760E-003  0.122760E-003  0.289253E-002
  0.364503E+000  0.422908E+000  0.197642E-006  0.257911E-004  0.257911E-004  0.268361E-002
  0.366986E+000  0.427248E+000  0.999905E-006  0.510577E-004  0.510577E-004  0.248628E-002
  0.369501E+000  0.431570E+000  0.530807E-005  0.111033E-003  0.111033E-003  0.230217E-002
  0.372046E+000  0.435874E+000  0.115203E-004  0.157019E-003  0.157019E-003  0.213170E-002
  0.374620E+000  0.440160E+000  0.185388E-004  0.191577E-003  0.191577E-003  0.197501E-002
  0.377221E+000  0.444430E+000  0.256308E-004  0.216835E-003  0.216835E-003  0.183134E-002
  0.379848E+000  0.448685E+000  0.323389E-004  0.234637E-003  0.234637E-003  0.170023E-002
  0.382499E+000  0.452924E+000  0.383908E-004  0.246485E-003  0.246485E-003  0.158087E-002
  0.385172E+000  0.457150E+000  0.436384E-004  0.253576E-003  0.253576E-003  0.147216E-002
  0.387865E+000  0.461362E+000  0.480301E-004  0.256936E-003  0.256936E-003  0.137337E-002
  0.390577E+000  0.465562E+000  0.515687E-004  0.257370E-003  0.257370E-003  0.128355E-002
  0.393307E+000  0.469752E+000  0.542934E-004  0.255535E-003  0.255535E-003  0.120188E-002
  0.396053E+000  0.473930E+000  0.562602E-004  0.251944E-003  0.251944E-003  0.112753E-002
  0.398813E+000  0.478099E+000  0.575368E-004  0.247009E-003  0.247009E-003  0.105978E-002
  0.401587E+000  0.482259E+000  0.582084E-004  0.241109E-003  0.241109E-003  0.998123E-003
  0.404372E+000  0.486411E+000  0.583300E-004  0.234435E-003  0.234435E-003  0.941682E-003
  0.407169E+000  0.490556E+000  0.579932E-004  0.227279E-003  0.227279E-003  0.890218E-003
  0.409977E+000  0.494694E+000  0.572501E-004  0.219751E-003  0.219751E-003  0.843025E-003
  0.412793E+000  0.498825E+000  0.561723E-004  0.212025E-003  0.212025E-003  0.799849E-003
  0.415618E+000  0.502950E+000  0.548128E-004  0.204191E-003  0.204191E-003  0.760236E-003
  0.418450E+000  0.507071E+000  0.532255E-004  0.196346E-003  0.196346E-003  0.723900E-003
  0.421290E+000  0.511186E+000  0.514408E-004  0.188498E-003  0.188498E-003  0.690329E-003
  0.424136E+000  0.515297E+000  0.495164E-004  0.180762E-003  0.180762E-003  0.659497E-003
  0.426987E+000  0.519404E+000  0.474780E-004  0.173141E-003  0.173141E-003  0.631030E-003
  0.429844E+000  0.523508E+000  0.453597E-004  0.165675E-003  0.165675E-003  0.604753E-003
  0.432705E+000  0.527608E+000  0.431878E-004  0.158382E-003  0.158382E-003  0.580464E-003
  0.435571E+000  0.531706E+000  0.409845E-004  0.151272E-003  0.151272E-003  0.557975E-003
  0.438440E+000  0.535801E+000  0.387714E-004  0.144361E-003  0.144361E-003  0.537147E-003
  0.441313E+000  0.539893E+000  0.365663E-004  0.137656E-003  0.137656E-003  0.517850E-003
  0.444188E+000  0.543984E+000  0.343781E-004  0.131138E-003  0.131138E-003  0.499872E-003
  0.447066E+000  0.548072E+000  0.322260E-004  0.124833E-003  0.124833E-003  0.483197E-003
  0.449946E+000  0.552159E+000  0.301176E-004  0.118729E-003  0.118729E-003  0.467678E-003
  0.452828E+000  0.556245E+000  0.280627E-004  0.112826E-003  0.112826E-003  0.453240E-003
  0.455712E+000  0.560330E+000  0.260675E-004  0.107118E-003  0.107118E-003  0.439788E-003
  0.458597E+000  0.564413E+000  0.241377E-004  0.101598E-003  0.101598E-003  0.427234E-003
  0.461483E+000  0.568496E+000  0.222796E-004  0.962667E-004  0.962667E-004  0.415543E-003
  0.464371E+000  0.572578E+000  0.204966E-004  0.911196E-004  0.911196E-004  0.404657E-003
  0.467258E+000  0.576660E+000  0.187870E-004  0.861284E-004  0.861284E-004  0.394411E-003
  0.470146E+000  0.580742E+000  0.171591E-004  0.813163E-004  0.813163E-004  0.384894E-003
  0.473034E+000  0.584823E+000  0.156108E-004  0.766618E-004  0.766618E-004  0.375987E-003
  0.475923E+000  0.588905E+000  0.141431E-004  0.721598E-004  0.721598E-004  0.367659E-003
  0.478811E+000  0.592986E+000  0.127580E-004  0.678128E-004  0.678128E-004  0.359905E-003
  0.481698E+000  0.597068E+000  0.114524E-004  0.635989E-004  0.635989E-004  0.352608E-003
  0.484585E+000  0.601151E+000  0.102282E-004  0.595273E-004  0.595273E-004  0.345825E-003
  0.487471E+000  0.605233E+000  0.908267E-005  0.555811E-004  0.555811E-004  0.339458E-003
  0.490357E+000  0.609317E+000  0.801570E-005  0.517620E-004  0.517620E-004  0.333530E-003
  0.493241E+000  0.613401E+000  0.702568E-005  0.480619E-004  0.480619E-004  0.327989E-003
  0.496124E+000  0.617487E+000  0.611044E-005  0.444728E-004  0.444728E-004  0.322801E-003
  0.499005E+000  0.621573E+000  0.526917E-005  0.409961E-004  0.409961E-004  0.317983E-003
  0.501885E+000  0.625660E+000  0.449890E-005  0.376199E-004  0.376199E-004  0.313473E-003
  0.504763E+000  0.629749E+000  0.379858E-005  0.343471E-004  0.343471E-004  0.309309E-003
  0.507640E+000  0.633838E+000  0.316500E-005  0.311646E-004  0.311646E-004  0.305408E-003
  0.510514E+000  0.637930E+000  0.259665E-005  0.280721E-004  0.280721E-004  0.301772E-003
  0.513386E+000  0.642022E+000  0.209133E-005  0.250673E-004  0.250673E-004  0.298415E-003
  0.516256E+000  0.646117E+000  0.164663E-005  0.221453E-004  0.221453E-004  0.295315E-003
  0.519123E+000  0.650213E+000  0.126041E-005  0.193038E-004  0.193038E-004  0.292475E-003
  0.521988E+000  0.654311E+000  0.930010E-006  0.165352E-004  0.165352E-004  0.289837E-003
  0.524851E+000  0.658410E+000  0.653288E-006  0.138386E-004  0.138386E-004  0.287429E-003
  0.527710E+000  0.662512E+000  0.427993E-006  0.112103E-004  0.112103E-004  0.285192E-003
  0.530566E+000  0.666616E+000  0.251834E-006  0.864911E-005  0.864911E-005  0.283181E-003
  0.533419E+000  0.670722E+000  0.122457E-006  0.615118E-005  0.615118E-005  0.281369E-003
  0.536269E+000  0.674830E+000  0.375836E-007  0.371329E-005  0.371329E-005  0.279731E-003
  0.539116E+000  0.678941E+000  0.501897E-008  0.133318E-005  0.133318E-005  0.278281E-003
  0.541959E+000  0.683054E+000  0.756482E-008  0.990991E-006  0.990991E-006  0.277005E-003
  0.544798E+000  0.687170E+000  0.277353E-007  0.326138E-005  0.326138E-005  0.275875E-003
  0.547633E+000  0.691288E+000  0.987105E-007  0.548036E-005  0.548036E-005  0.274919E-003
  0.550465E+000  0.695409E+000  0.203282E-006  0.765105E-005  0.765105E-005  0.274130E-003
  0.553292E+000  0.699533E+000  0.339254E-006  0.977272E-005  0.977272E-005  0.273464E-003
  0.556115E+000  0.703660E+000  0.504634E-006  0.118490E-004  0.118490E-004  0.272956E-003
  0.558933E+000  0.707790E+000  0.697361E-006  0.138811E-004  0.138811E-004  0.272603E-003
  0.561747E+000  0.711923E+000  0.915454E-006  0.158700E-004  0.158700E-004  0.272374E-003
  0.564556E+000  0.716059E+000  0.115694E-005  0.178174E-004  0.178174E-004  0.272284E-003
  0.567361E+000  0.720199E+000  0.141993E-005  0.197243E-004  0.197243E-004  0.272316E-003
  0.570160E+000  0.724342E+000  0.170247E-005  0.215921E-004  0.215921E-004  0.272489E-003
  0.572954E+000  0.728488E+000  0.200273E-005  0.234217E-004  0.234217E-004  0.272787E-003
  0.575743E+000  0.732638E+000  0.231916E-005  0.252166E-004  0.252166E-004  0.273235E-003
  0.578526E+000  0.736792E+000  0.264939E-005  0.269717E-004  0.269717E-004  0.273772E-003
  0.581303E+000  0.740950E+000  0.299180E-005  0.286897E-004  0.286897E-004  0.274419E-003
  0.584074E+000  0.745112E+000  0.334521E-005  0.303762E-004  0.303762E-004  0.275222E-003
  0.586840E+000  0.749277E+000  0.370761E-005  0.320278E-004  0.320278E-004  0.276132E-003
  0.589599E+000  0.753447E+000  0.407697E-005  0.336428E-004  0.336428E-004  0.277141E-003
  0.592351E+000  0.757621E+000  0.445175E-005  0.352226E-004  0.352226E-004  0.278258E-003
  0.595097E+000  0.761800E+000  0.483098E-005  0.367717E-004  0.367717E-004  0.279509E-003
  0.597836E+000  0.765983E+000  0.521268E-005  0.382874E-004  0.382874E-004  0.280874E-003
  0.600568E+000  0.770170E+000  0.559507E-005  0.397677E-004  0.397677E-004  0.282337E-003
  0.603293E+000  0.774363E+000  0.597730E-005  0.412174E-004  0.412174E-004  0.283931E-003
  0.606011E+000  0.778560E+000  0.635722E-005  0.426315E-004  0.426315E-004  0.285620E-003
  0.608720E+000  0.782762E+000  0.673388E-005  0.440139E-004  0.440139E-004  0.287436E-003
  0.611422E+000  0.786969E+000  0.710530E-005  0.453597E-004  0.453597E-004  0.289344E-003
  0.614116E+000  0.791181E+000  0.747036E-005  0.466706E-004  0.466706E-004  0.291358E-003
  0.616802E+000  0.795399E+000  0.782805E-005  0.479482E-004  0.479482E-004  0.293492E-003
  0.619479E+000  0.799622E+000  0.817674E-005  0.491902E-004  0.491902E-004  0.295735E-003
  0.622147E+000  0.803850E+000  0.851519E-005  0.503962E-004  0.503962E-004  0.298088E-003
  0.624807E+000  0.808084E+000  0.884276E-005  0.515686E-004  0.515686E-004  0.300568E-003
  0.627457E+000  0.812324E+000  0.915655E-005  0.526972E-004  0.526972E-004  0.303122E-003
  0.630098E+000  0.816570E+000  0.945706E-005  0.537906E-004  0.537906E-004  0.305805E-003
  0.632729E+000  0.820821E+000  0.974328E-005  0.548485E-004  0.548485E-004  0.308620E-003
  0.635350E+000  0.825079E+000  0.100119E-004  0.558573E-004  0.558573E-004  0.311497E-003
  0.637961E+000  0.829343E+000  0.102642E-004  0.568287E-004  0.568287E-004  0.314508E-003
  0.640561E+000  0.833614E+000  0.104987E-004  0.577595E-004  0.577595E-004  0.317643E-003
  0.643151E+000  0.837891E+000  0.107136E-004  0.586430E-004  0.586430E-004  0.320872E-003
  0.645730E+000  0.842174E+000  0.109079E-004  0.594770E-004  0.594770E-004  0.324191E-003
  0.648298E+000  0.846465E+000  0.110827E-004  0.602715E-004  0.602715E-004  0.327663E-003
  0.650855E+000  0.850762E+000  0.112344E-004  0.610088E-004  0.610088E-004  0.331200E-003
  0.653399E+000  0.855066E+000  0.113654E-004  0.617047E-004  0.617047E-004  0.334899E-003
  0.655932E+000  0.859377E+000  0.114717E-004  0.623394E-004  0.623394E-004  0.338660E-003
  0.658452E+000  0.863695E+000  0.115558E-004  0.629278E-004  0.629278E-004  0.342575E-003
  0.660960E+000  0.868021E+000  0.116160E-004  0.634612E-004  0.634612E-004  0.346606E-003
  0.663456E+000  0.872353E+000  0.116512E-004  0.639349E-004  0.639349E-004  0.350741E-003
  0.665938E+000  0.876694E+000  0.116594E-004  0.643379E-004  0.643379E-004  0.354926E-003
  0.668406E+000  0.881042E+000  0.116442E-004  0.646884E-004  0.646884E-004  0.359276E-003
  0.670862E+000  0.885398E+000  0.116030E-004  0.649721E-004  0.649721E-004  0.363723E-003
  0.673303E+000  0.889761E+000  0.115366E-004  0.651912E-004  0.651912E-004  0.368291E-003
  0.675730E+000  0.894133E+000  0.114444E-004  0.653405E-004  0.653405E-004  0.372962E-003
  0.678143E+000  0.898512E+000  0.113270E-004  0.654211E-004  0.654211E-004  0.377758E-003
  0.680541E+000  0.902899E+000  0.111847E-004  0.654300E-004  0.654300E-004  0.382673E-003
  0.682924E+000  0.907295E+000  0.110161E-004  0.653565E-004  0.653565E-004  0.387656E-003
  0.685292E+000  0.911699E+000  0.108237E-004  0.652093E-004  0.652093E-004  0.392773E-003
  0.687644E+000  0.916111E+000  0.106083E-004  0.649880E-004  0.649880E-004  0.398035E-003
  0.689981E+000  0.920531E+000  0.103674E-004  0.646721E-004  0.646721E-004  0.403334E-003
  0.692302E+000  0.924960E+000  0.101048E-004  0.642770E-004  0.642770E-004  0.408774E-003
  0.694607E+000  0.929397E+000  0.982027E-005  0.637937E-004  0.637937E-004  0.414315E-003
  0.696895E+000  0.933842E+000  0.951503E-005  0.632207E-004  0.632207E-004  0.419959E-003
  0.699167E+000  0.938296E+000  0.919083E-005  0.625608E-004  0.625608E-004  0.425743E-003
  0.701422E+000  0.942759E+000  0.884715E-005  0.617993E-004  0.617993E-004  0.431578E-003
  0.703660E+000  0.947230E+000  0.848750E-005  0.609488E-004  0.609488E-004  0.437567E-003
  0.705880E+000  0.951710E+000  0.810996E-005  0.599819E-004  0.599819E-004  0.443521E-003
  0.708083E+000  0.956199E+000  0.772132E-005  0.589354E-004  0.589354E-004  0.449728E-003
  0.710269E+000  0.960696E+000  0.731800E-005  0.577675E-004  0.577675E-004  0.455892E-003
  0.712437E+000  0.965201E+000  0.690485E-005  0.564982E-004  0.564982E-004  0.462166E-003
  0.714587E+000  0.969715E+000  0.648385E-005  0.551263E-004  0.551263E-004  0.468557E-003
  0.716719E+000  0.974238E+000  0.605719E-005  0.536517E-004  0.536517E-004  0.475083E-003
  0.718834E+000  0.978769E+000  0.562473E-005  0.520536E-004  0.520536E-004  0.481577E-003
  0.720929E+000  0.983308E+000  0.519111E-005  0.503481E-004  0.503481E-004  0.488162E-003
  0.723007E+000  0.987856E+000  0.475784E-005  0.485297E-004  0.485297E-004  0.494829E-003
  0.725066E+000  0.992413E+000  0.432808E-005  0.466025E-004  0.466025E-004  0.501605E-003
  0.727107E+000  0.996977E+000  0.390294E-005  0.445518E-004  0.445518E-004  0.508351E-003
  0.729129E+000  0.100155E+001  0.348691E-005  0.423972E-004  0.423972E-004  0.515279E-003
  0.731133E+000  0.100613E+001  0.308035E-005  0.401125E-004  0.401125E-004  0.522092E-003
  0.733119E+000  0.101072E+001  0.268760E-005  0.377172E-004  0.377172E-004  0.529027E-003
  0.735086E+000  0.101532E+001  0.231434E-005  0.352565E-004  0.352565E-004  0.536762E-003
  0.737035E+000  0.101992E+001  0.195362E-005  0.325852E-004  0.325852E-004  0.543113E-003
  0.738965E+000  0.102453E+001  0.161847E-005  0.298619E-004  0.298619E-004  0.550509E-003
  0.740877E+000  0.102915E+001  0.130602E-005  0.269964E-004  0.269964E-004  0.557464E-003
  0.742771E+000  0.103378E+001  0.102006E-005  0.240031E-004  0.240031E-004  0.564096E-003
  0.744647E+000  0.103842E+001  0.766223E-006  0.209572E-004  0.209572E-004  0.572252E-003
  0.746505E+000  0.104306E+001  0.541980E-006  0.177265E-004  0.177265E-004  0.578447E-003
  0.748345E+000  0.104771E+001  0.354017E-006  0.144260E-004  0.144260E-004  0.585827E-003
  0.750167E+000  0.105236E+001  0.203048E-006  0.110001E-004  0.110001E-004  0.592435E-003
  0.751972E+000  0.105703E+001  0.923373E-007  0.749584E-005  0.749584E-005  0.600883E-003
  0.753760E+000  0.106169E+001  0.233776E-007  0.386107E-005  0.386107E-005  0.607885E-003
  0.755530E+000  0.106637E+001  0.109615E-008  0.126965E-006  0.126965E-006  0.613149E-003
  0.757284E+000  0.107105E+001  0.209519E-007  0.369938E-005  0.369938E-005  0.620623E-003
  0.759021E+000  0.107574E+001  0.913840E-007  0.761419E-005  0.761419E-005  0.627033E-003
  0.760742E+000  0.108044E+001  0.212199E-006  0.116286E-004  0.116286E-004  0.634099E-003
  0.762446E+000  0.108514E+001  0.385004E-006  0.157317E-004  0.157317E-004  0.641096E-003
  0.764135E+000  0.108984E+001  0.611597E-006  0.199251E-004  0.199251E-004  0.648062E-003
  0.765808E+000  0.109456E+001  0.892747E-006  0.241873E-004  0.241873E-004  0.654581E-003
  0.767465E+000  0.109927E+001  0.122818E-005  0.284859E-004  0.284859E-004  0.660169E-003
  0.769108E+000  0.110399E+001  0.162599E-005  0.329713E-004  0.329713E-004  0.668188E-003
  0.770736E+000  0.110872E+001  0.207524E-005  0.373901E-004  0.373901E-004  0.673366E-003
  0.772349E+000  0.111345E+001  0.258798E-005  0.419637E-004  0.419637E-004  0.680196E-003
  0.773949E+000  0.111819E+001  0.315636E-005  0.465352E-004  0.465352E-004  0.685888E-003
  0.775534E+000  0.112293E+001  0.378600E-005  0.511916E-004  0.511916E-004  0.692016E-003
  0.777106E+000  0.112768E+001  0.446721E-005  0.557945E-004  0.557945E-004  0.696727E-003
  0.778665E+000  0.113243E+001  0.521444E-005  0.605292E-004  0.605292E-004  0.702509E-003
  0.780211E+000  0.113719E+001  0.603223E-005  0.654256E-004  0.654256E-004  0.709507E-003
  0.781745E+000  0.114195E+001  0.689973E-005  0.702458E-004  0.702458E-004  0.715084E-003
  0.783267E+000  0.114671E+001  0.780717E-005  0.749161E-004  0.749161E-004  0.718806E-003
  0.784776E+000  0.115147E+001  0.879580E-005  0.798448E-004  0.798448E-004  0.724734E-003
  0.786275E+000  0.115624E+001  0.985213E-005  0.848751E-004  0.848751E-004  0.731132E-003
  0.787762E+000  0.116102E+001  0.109183E-004  0.895296E-004  0.895296E-004  0.734090E-003
  0.789239E+000  0.116580E+001  0.120747E-004  0.944910E-004  0.944910E-004  0.739399E-003
  0.790705E+000  0.117058E+001  0.132769E-004  0.993961E-004  0.993961E-004  0.744077E-003
  0.792161E+000  0.117536E+001  0.145114E-004  0.104159E-003  0.104159E-003  0.747581E-003
  0.793607E+000  0.118015E+001  0.158540E-004  0.109324E-003  0.109324E-003  0.753831E-003
  0.795044E+000  0.118493E+001  0.171936E-004  0.114114E-003  0.114114E-003  0.757348E-003
  0.796472E+000  0.118973E+001  0.185784E-004  0.118884E-003  0.118884E-003  0.760714E-003
  0.797891E+000  0.119452E+001  0.200021E-004  0.123603E-003  0.123603E-003  0.763772E-003
  0.799302E+000  0.119932E+001  0.214873E-004  0.128413E-003  0.128413E-003  0.767399E-003
  0.800704E+000  0.120412E+001  0.230369E-004  0.133332E-003  0.133332E-003  0.771671E-003
  0.802099E+000  0.120892E+001  0.245792E-004  0.137948E-003  0.137948E-003  0.774195E-003
  0.803486E+000  0.121372E+001  0.261940E-004  0.142730E-003  0.142730E-003  0.777710E-003
  0.804866E+000  0.121853E+001  0.278316E-004  0.147404E-003  0.147404E-003  0.780670E-003
  0.806239E+000  0.122334E+001  0.295595E-004  0.152331E-003  0.152331E-003  0.784997E-003
  0.807606E+000  0.122815E+001  0.312350E-004  0.156777E-003  0.156777E-003  0.786894E-003
  0.808966E+000  0.123296E+001  0.329572E-004  0.161272E-003  0.161272E-003  0.789154E-003
  0.810320E+000  0.123777E+001  0.346897E-004  0.165641E-003  0.165641E-003  0.790908E-003
  0.811669E+000  0.124258E+001  0.366083E-004  0.170712E-003  0.170712E-003  0.796054E-003
  0.813012E+000  0.124740E+001  0.383039E-004  0.174582E-003  0.174582E-003  0.795698E-003
  0.814349E+000  0.125222E+001  0.401438E-004  0.178971E-003  0.178971E-003  0.797881E-003
  0.815682E+000  0.125704E+001  0.420036E-004  0.183301E-003  0.183301E-003  0.799900E-003
  0.817010E+000  0.126186E+001  0.438768E-004  0.187555E-003  0.187555E-003  0.801706E-003
  0.818334E+000  0.126668E+001  0.457116E-004  0.191521E-003  0.191521E-003  0.802416E-003
  0.819654E+000  0.127150E+001  0.476750E-004  0.195905E-003  0.195905E-003  0.805001E-003
  0.820969E+000  0.127633E+001  0.496048E-004  0.200037E-003  0.200037E-003  0.806664E-003
  0.822281E+000  0.128115E+001  0.514353E-004  0.203668E-003  0.203668E-003  0.806452E-003
  0.823589E+000  0.128598E+001  0.534448E-004  0.207912E-003  0.207912E-003  0.808812E-003
  0.824894E+000  0.129080E+001  0.553176E-004  0.211530E-003  0.211530E-003  0.808869E-003
  0.826196E+000  0.129563E+001  0.572208E-004  0.215187E-003  0.215187E-003  0.809232E-003
  0.827495E+000  0.130046E+001  0.591801E-004  0.218976E-003  0.218976E-003  0.810242E-003
  0.828792E+000  0.130529E+001  0.611056E-004  0.222565E-003  0.222565E-003  0.810641E-003
  0.830086E+000  0.131012E+001  0.630493E-004  0.226154E-003  0.226154E-003  0.811191E-003
  0.831377E+000  0.131495E+001  0.650450E-004  0.229864E-003  0.229864E-003  0.812317E-003
  0.832667E+000  0.131978E+001  0.669285E-004  0.233116E-003  0.233116E-003  0.811952E-003
  0.833955E+000  0.132461E+001  0.688890E-004  0.236583E-003  0.236583E-003  0.812485E-003
  0.835241E+000  0.132944E+001  0.709076E-004  0.240195E-003  0.240195E-003  0.813640E-003
  0.836525E+000  0.133427E+001  0.728885E-004  0.243627E-003  0.243627E-003  0.814306E-003
  0.837808E+000  0.133911E+001  0.746855E-004  0.246402E-003  0.246402E-003  0.812926E-003
  0.839090E+000  0.134394E+001  0.765662E-004  0.249421E-003  0.249421E-003  0.812505E-003
  0.840370E+000  0.134877E+001  0.784895E-004  0.252544E-003  0.252544E-003  0.812570E-003
  0.841650E+000  0.135361E+001  0.804369E-004  0.255707E-003  0.255707E-003  0.812879E-003
  0.842929E+000  0.135844E+001  0.822336E-004  0.258361E-003  0.258361E-003  0.811713E-003
  0.844207E+000  0.136327E+001  0.841950E-004  0.261506E-003  0.261506E-003  0.812224E-003
  0.845485E+000  0.136811E+001  0.859959E-004  0.264125E-003  0.264125E-003  0.811224E-003
  0.846762E+000  0.137294E+001  0.878160E-004  0.266786E-003  0.266786E-003  0.810492E-003
  0.848040E+000  0.137778E+001  0.896888E-004  0.269582E-003  0.269582E-003  0.810292E-003
  0.849317E+000  0.138261E+001  0.915065E-004  0.272196E-003  0.272196E-003  0.809671E-003
  0.850594E+000  0.138744E+001  0.936124E-004  0.275642E-003  0.275642E-003  0.811622E-003
  0.851871E+000  0.139228E+001  0.950777E-004  0.277188E-003  0.277188E-003  0.808105E-003
  0.853148E+000  0.139711E+001  0.968987E-004  0.279768E-003  0.279768E-003  0.807746E-003
  0.854426E+000  0.140195E+001  0.986978E-004  0.282269E-003  0.282269E-003  0.807269E-003
  0.855704E+000  0.140678E+001  0.100371E-003  0.284404E-003  0.284404E-003  0.805864E-003
  0.856983E+000  0.141161E+001  0.102391E-003  0.287507E-003  0.287507E-003  0.807297E-003
  0.858262E+000  0.141645E+001  0.103883E-003  0.289121E-003  0.289121E-003  0.804661E-003
  0.859542E+000  0.142128E+001  0.105526E-003  0.291157E-003  0.291157E-003  0.803327E-003
  0.860823E+000  0.142611E+001  0.107387E-003  0.293786E-003  0.293786E-003  0.803729E-003
  0.862105E+000  0.143095E+001  0.108939E-003  0.295566E-003  0.295566E-003  0.801909E-003
  0.863388E+000  0.143578E+001  0.110540E-003  0.297481E-003  0.297481E-003  0.800566E-003
  0.864672E+000  0.144061E+001  0.112309E-003  0.299847E-003  0.299847E-003  0.800539E-003
  0.865957E+000  0.144544E+001  0.114106E-003  0.302280E-003  0.302280E-003  0.800770E-003
  0.867243E+000  0.145028E+001  0.115595E-003  0.303898E-003  0.303898E-003  0.798939E-003
  0.868531E+000  0.145511E+001  0.117003E-003  0.305309E-003  0.305309E-003  0.796671E-003
  0.869820E+000  0.145994E+001  0.118551E-003  0.307092E-003  0.307092E-003  0.795480E-003
  0.871110E+000  0.146477E+001  0.120139E-003  0.308982E-003  0.308982E-003  0.794659E-003
  0.872402E+000  0.146960E+001  0.121669E-003  0.310725E-003  0.310725E-003  0.793546E-003
  0.873696E+000  0.147443E+001  0.123159E-003  0.312372E-003  0.312372E-003  0.792276E-003
  0.874991E+000  0.147926E+001  0.124706E-003  0.314166E-003  0.314166E-003  0.791466E-003
  0.876288E+000  0.148409E+001  0.126248E-003  0.315953E-003  0.315953E-003  0.790716E-003
  0.877587E+000  0.148892E+001  0.127760E-003  0.317670E-003  0.317670E-003  0.789869E-003
  0.878887E+000  0.149374E+001  0.129174E-003  0.319148E-003  0.319148E-003  0.788515E-003
  0.880190E+000  0.149857E+001  0.130594E-003  0.320648E-003  0.320648E-003  0.787290E-003
  0.881494E+000  0.150340E+001  0.131993E-003  0.322107E-003  0.322107E-003  0.786046E-003
  0.882800E+000  0.150822E+001  0.133511E-003  0.323860E-003  0.323860E-003  0.785590E-003
  0.884108E+000  0.151305E+001  0.134797E-003  0.325058E-003  0.325058E-003  0.783864E-003
  0.885419E+000  0.151788E+001  0.136376E-003  0.326970E-003  0.326970E-003  0.783926E-003
  0.886731E+000  0.152270E+001  0.137516E-003  0.327837E-003  0.327837E-003  0.781559E-003
  0.888046E+000  0.152752E+001  0.139100E-003  0.329769E-003  0.329769E-003  0.781795E-003
  0.889363E+000  0.153235E+001  0.140211E-003  0.330590E-003  0.330590E-003  0.779465E-003
  0.890682E+000  0.153717E+001  0.141531E-003  0.331915E-003  0.331915E-003  0.778396E-003
  0.892003E+000  0.154199E+001  0.142914E-003  0.333396E-003  0.333396E-003  0.777758E-003
  0.893327E+000  0.154681E+001  0.144613E-003  0.335616E-003  0.335616E-003  0.778891E-003
  0.894652E+000  0.155164E+001  0.145966E-003  0.337038E-003  0.337038E-003  0.778223E-003
  0.895981E+000  0.155646E+001  0.146806E-003  0.337286E-003  0.337286E-003  0.774913E-003
  0.897311E+000  0.156128E+001  0.148410E-003  0.339302E-003  0.339302E-003  0.775728E-003
  0.898644E+000  0.156609E+001  0.149289E-003  0.339669E-003  0.339669E-003  0.772828E-003
  0.899980E+000  0.157091E+001  0.150537E-003  0.340887E-003  0.340887E-003  0.771929E-003
  0.901318E+000  0.157573E+001  0.151615E-003  0.341731E-003  0.341731E-003  0.770243E-003
  0.902658E+000  0.158055E+001  0.153015E-003  0.343311E-003  0.343311E-003  0.770269E-003
  0.904001E+000  0.158536E+001  0.154106E-003  0.344207E-003  0.344207E-003  0.768810E-003
  0.905347E+000  0.159018E+001  0.155183E-003  0.345080E-003  0.345080E-003  0.767354E-003
  0.906695E+000  0.159499E+001  0.156659E-003  0.346850E-003  0.346850E-003  0.767941E-003
  0.908046E+000  0.159981E+001  0.157517E-003  0.347259E-003  0.347259E-003  0.765561E-003
  0.909399E+000  0.160462E+001  0.158734E-003  0.348473E-003  0.348473E-003  0.765010E-003
  0.910755E+000  0.160943E+001  0.160218E-003  0.350278E-003  0.350278E-003  0.765796E-003
  0.912113E+000  0.161425E+001  0.161327E-003  0.351270E-003  0.351270E-003  0.764843E-003
  0.913474E+000  0.161906E+001  0.162380E-003  0.352147E-003  0.352147E-003  0.763689E-003
  0.914838E+000  0.162387E+001  0.163378E-003  0.352919E-003  0.352919E-003  0.762350E-003
  0.916205E+000  0.162868E+001  0.164362E-003  0.353669E-003  0.353669E-003  0.761011E-003
  0.917574E+000  0.163349E+001  0.165686E-003  0.355159E-003  0.355159E-003  0.761307E-003
  0.918946E+000  0.163829E+001  0.166674E-003  0.355939E-003  0.355939E-003  0.760118E-003
  0.920321E+000  0.164310E+001  0.167591E-003  0.356575E-003  0.356575E-003  0.758665E-003
  0.921698E+000  0.164791E+001  0.168715E-003  0.357664E-003  0.357664E-003  0.758218E-003
  0.923078E+000  0.165271E+001  0.169727E-003  0.358522E-003  0.358522E-003  0.757319E-003
  0.924461E+000  0.165752E+001  0.170795E-003  0.359508E-003  0.359508E-003  0.756728E-003
  0.925847E+000  0.166232E+001  0.171854E-003  0.360481E-003  0.360481E-003  0.756145E-003
  0.927235E+000  0.166713E+001  0.173305E-003  0.362284E-003  0.362284E-003  0.757334E-003
  0.928627E+000  0.167193E+001  0.173795E-003  0.362087E-003  0.362087E-003  0.754376E-003
  0.930021E+000  0.167673E+001  0.174835E-003  0.363047E-003  0.363047E-003  0.753870E-003
  0.931418E+000  0.168153E+001  0.175948E-003  0.364166E-003  0.364166E-003  0.753728E-003
  0.932817E+000  0.168633E+001  0.176838E-003  0.364833E-003  0.364833E-003  0.752683E-003
  0.934220E+000  0.169113E+001  0.177890E-003  0.365841E-003  0.365841E-003  0.752372E-003
  0.935625E+000  0.169593E+001  0.178834E-003  0.366636E-003  0.366636E-003  0.751656E-003
  0.937033E+000  0.170073E+001  0.179997E-003  0.367885E-003  0.367885E-003  0.751899E-003
  0.938444E+000  0.170552E+001  0.181099E-003  0.369018E-003  0.369018E-003  0.751929E-003
  0.939858E+000  0.171032E+001  0.181799E-003  0.369337E-003  0.369337E-003  0.750333E-003
  0.941274E+000  0.171511E+001  0.183115E-003  0.370918E-003  0.370918E-003  0.751329E-003
  0.942693E+000  0.171991E+001  0.183820E-003  0.371267E-003  0.371267E-003  0.749856E-003
  0.944116E+000  0.172470E+001  0.184962E-003  0.372505E-003  0.372505E-003  0.750206E-003
  0.945541E+000  0.172950E+001  0.185857E-003  0.373252E-003  0.373252E-003  0.749594E-003
  0.946968E+000  0.173429E+001  0.186951E-003  0.374408E-003  0.374408E-003  0.749829E-003
  0.948399E+000  0.173908E+001  0.187635E-003  0.374748E-003  0.374748E-003  0.748455E-003
  0.949833E+000  0.174387E+001  0.188487E-003  0.375434E-003  0.375434E-003  0.747798E-003
  0.951269E+000  0.174866E+001  0.189511E-003  0.376469E-003  0.376469E-003  0.747866E-003
  0.952708E+000  0.175345E+001  0.190689E-003  0.377814E-003  0.377814E-003  0.748566E-003
  0.954150E+000  0.175823E+001  0.191543E-003  0.378524E-003  0.378524E-003  0.748032E-003
  0.955595E+000  0.176302E+001  0.192248E-003  0.378947E-003  0.378947E-003  0.746954E-003
  0.957042E+000  0.176781E+001  0.193638E-003  0.380725E-003  0.380725E-003  0.748571E-003
  0.958493E+000  0.177259E+001  0.194152E-003  0.380787E-003  0.380787E-003  0.746831E-003
  0.959946E+000  0.177738E+001  0.195411E-003  0.382317E-003  0.382317E-003  0.747995E-003
  0.961402E+000  0.178216E+001  0.195954E-003  0.382453E-003  0.382453E-003  0.746451E-003
  0.962861E+000  0.178694E+001  0.196882E-003  0.383347E-003  0.383347E-003  0.746412E-003
  0.964322E+000  0.179172E+001  0.197769E-003  0.384168E-003  0.384168E-003  0.746250E-003
  0.965787E+000  0.179650E+001  0.198923E-003  0.385513E-003  0.385513E-003  0.747122E-003
  0.967254E+000  0.180128E+001  0.199720E-003  0.386170E-003  0.386170E-003  0.746680E-003
  0.968724E+000  0.180606E+001  0.200533E-003  0.386864E-003  0.386864E-003  0.746331E-003
  0.970197E+000  0.181084E+001  0.201384E-003  0.387639E-003  0.387639E-003  0.746157E-003
  0.971672E+000  0.181562E+001  0.202623E-003  0.389165E-003  0.389165E-003  0.747443E-003
  0.973151E+000  0.182039E+001  0.203581E-003  0.390153E-003  0.390153E-003  0.747711E-003
  0.974632E+000  0.182517E+001  0.204091E-003  0.390292E-003  0.390292E-003  0.746371E-003
  0.976116E+000  0.182994E+001  0.205426E-003  0.392012E-003  0.392012E-003  0.748070E-003
  0.977603E+000  0.183472E+001  0.205890E-003  0.392075E-003  0.392075E-003  0.746626E-003
  0.979092E+000  0.183949E+001  0.206820E-003  0.393033E-003  0.393033E-003  0.746904E-003
  0.980584E+000  0.184426E+001  0.207867E-003  0.394216E-003  0.394216E-003  0.747624E-003
  0.982079E+000  0.184903E+001  0.209027E-003  0.395618E-003  0.395618E-003  0.748772E-003
  0.983577E+000  0.185380E+001  0.210303E-003  0.397242E-003  0.397242E-003  0.750349E-003
  0.985077E+000  0.185857E+001  0.210848E-003  0.397489E-003  0.397489E-003  0.749342E-003
  0.986580E+000  0.186334E+001  0.211495E-003  0.397935E-003  0.397935E-003  0.748728E-003
  0.988086E+000  0.186811E+001  0.212238E-003  0.398567E-003  0.398567E-003  0.748480E-003
  0.989594E+000  0.187288E+001  0.213209E-003  0.399634E-003  0.399634E-003  0.749063E-003
  0.991105E+000  0.187764E+001  0.214147E-003  0.400641E-003  0.400641E-003  0.749547E-003
  0.992619E+000  0.188241E+001  0.214889E-003  0.401287E-003  0.401287E-003  0.749369E-003
  0.994136E+000  0.188717E+001  0.216211E-003  0.403020E-003  0.403020E-003  0.751233E-003
  0.995655E+000  0.189194E+001  0.216779E-003  0.403350E-003  0.403350E-003  0.750493E-003
  0.997177E+000  0.189670E+001  0.217557E-003  0.404076E-003  0.404076E-003  0.750506E-003
  0.998701E+000  0.190146E+001  0.218463E-003  0.405047E-003  0.405047E-003  0.750987E-003
  0.100023E+001  0.190622E+001  0.220629E-003  0.408351E-003  0.408351E-003  0.755796E-003
  0.100176E+001  0.191098E+001  0.221804E-003  0.409819E-003  0.409819E-003  0.757210E-003
  0.100329E+001  0.191574E+001  0.221149E-003  0.407917E-003  0.407917E-003  0.752418E-003
  0.100483E+001  0.192050E+001  0.226418E-003  0.416933E-003  0.416933E-003  0.767755E-003
  0.100636E+001  0.192526E+001  0.226347E-003  0.416117E-003  0.416117E-003  0.764987E-003
  0.100790E+001  0.193002E+001  0.229974E-003  0.422092E-003  0.422092E-003  0.774702E-003
  0.100945E+001  0.193477E+001  0.227837E-003  0.417489E-003  0.417489E-003  0.765008E-003
  0.101099E+001  0.193953E+001  0.228013E-003  0.417145E-003  0.417145E-003  0.763159E-003
  0.101254E+001  0.194428E+001  0.226593E-003  0.413890E-003  0.413890E-003  0.756004E-003
  0.101409E+001  0.194904E+001  0.229075E-003  0.417771E-003  0.417771E-003  0.761901E-003
  0.101564E+001  0.195379E+001  0.233954E-003  0.426010E-003  0.426010E-003  0.775727E-003
  0.101720E+001  0.195854E+001  0.229345E-003  0.416978E-003  0.416978E-003  0.758117E-003
  0.101876E+001  0.196329E+001  0.230998E-003  0.419348E-003  0.419348E-003  0.761274E-003
  0.102032E+001  0.196804E+001  0.231435E-003  0.419514E-003  0.419514E-003  0.760437E-003
  0.102188E+001  0.197279E+001  0.233416E-003  0.422482E-003  0.422482E-003  0.764689E-003
  0.102345E+001  0.197754E+001  0.233329E-003  0.421705E-003  0.421705E-003  0.762166E-003
  0.102502E+001  0.198229E+001  0.234863E-003  0.423866E-003  0.423866E-003  0.764963E-003
  0.102659E+001  0.198703E+001  0.237487E-003  0.427988E-003  0.427988E-003  0.771300E-003
  0.102816E+001  0.199178E+001  0.236132E-003  0.424948E-003  0.424948E-003  0.764743E-003
  0.102974E+001  0.199652E+001  0.241641E-003  0.434252E-003  0.434252E-003  0.780392E-003
  0.103131E+001  0.200127E+001  0.244189E-003  0.438228E-003  0.438228E-003  0.786456E-003
  0.103290E+001  0.200601E+001  0.244198E-003  0.437643E-003  0.437643E-003  0.784327E-003
  0.103448E+001  0.201075E+001  0.241249E-003  0.431774E-003  0.431774E-003  0.772766E-003
  0.103606E+001  0.201550E+001  0.247345E-003  0.442096E-003  0.442096E-003  0.790186E-003
  0.103765E+001  0.202024E+001  0.243747E-003  0.435089E-003  0.435089E-003  0.776632E-003
  0.103924E+001  0.202498E+001  0.245240E-003  0.437181E-003  0.437181E-003  0.779347E-003
  0.104084E+001  0.202972E+001  0.245909E-003  0.437803E-003  0.437803E-003  0.779442E-003
  0.104243E+001  0.203446E+001  0.245548E-003  0.436604E-003  0.436604E-003  0.776315E-003
  0.104403E+001  0.203919E+001  0.246911E-003  0.438471E-003  0.438471E-003  0.778647E-003
  0.104563E+001  0.204393E+001  0.246924E-003  0.437945E-003  0.437945E-003  0.776738E-003
  0.104723E+001  0.204867E+001  0.248149E-003  0.439573E-003  0.439573E-003  0.778661E-003
  0.104884E+001  0.205340E+001  0.254060E-003  0.449490E-003  0.449490E-003  0.795249E-003
  0.105044E+001  0.205814E+001  0.252401E-003  0.446015E-003  0.446015E-003  0.788148E-003
  0.105205E+001  0.206287E+001  0.251037E-003  0.443072E-003  0.443072E-003  0.782007E-003
  0.105366E+001  0.206760E+001  0.252735E-003  0.445540E-003  0.445540E-003  0.785430E-003
  0.105528E+001  0.207234E+001  0.252331E-003  0.444303E-003  0.444303E-003  0.782325E-003
  0.105689E+001  0.207707E+001  0.259270E-003  0.455992E-003  0.455992E-003  0.801978E-003
  0.105851E+001  0.208180E+001  0.257183E-003  0.451800E-003  0.451800E-003  0.793689E-003
  0.106013E+001  0.208653E+001  0.260065E-003  0.456343E-003  0.456343E-003  0.800757E-003
  0.106176E+001  0.209126E+001  0.256955E-003  0.450376E-003  0.450376E-003  0.789391E-003
  0.106338E+001  0.209599E+001  0.261384E-003  0.457628E-003  0.457628E-003  0.801211E-003
  0.106501E+001  0.210071E+001  0.258364E-003  0.451840E-003  0.451840E-003  0.790202E-003
  0.106664E+001  0.210544E+001  0.259418E-003  0.453188E-003  0.453188E-003  0.791692E-003
  0.106827E+001  0.211017E+001  0.264389E-003  0.461372E-003  0.461372E-003  0.805119E-003
  0.106991E+001  0.211489E+001  0.263457E-003  0.459253E-003  0.459253E-003  0.800559E-003
  0.107154E+001  0.211962E+001  0.269427E-003  0.469162E-003  0.469162E-003  0.816969E-003
  0.107318E+001  0.212434E+001  0.265787E-003  0.462338E-003  0.462338E-003  0.804239E-003
  0.107482E+001  0.212906E+001  0.266996E-003  0.463959E-003  0.463959E-003  0.806221E-003
  0.107647E+001  0.213379E+001  0.265702E-003  0.461233E-003  0.461233E-003  0.800656E-003
  0.107811E+001  0.213851E+001  0.270943E-003  0.469854E-003  0.469854E-003  0.814794E-003
  0.107976E+001  0.214323E+001  0.268477E-003  0.465107E-003  0.465107E-003  0.805746E-003
  0.108141E+001  0.214795E+001  0.269452E-003  0.466329E-003  0.466329E-003  0.807057E-003
  0.108306E+001  0.215267E+001  0.273421E-003  0.472731E-003  0.472731E-003  0.817327E-003
  0.108472E+001  0.215739E+001  0.271390E-003  0.468758E-003  0.468758E-003  0.809663E-003
  0.108637E+001  0.216210E+001  0.273195E-003  0.471421E-003  0.471421E-003  0.813476E-003
  0.108803E+001  0.216682E+001  0.273834E-003  0.472069E-003  0.472069E-003  0.813811E-003
  0.108969E+001  0.217154E+001  0.277125E-003  0.477288E-003  0.477288E-003  0.822026E-003
  0.109136E+001  0.217625E+001  0.282904E-003  0.486781E-003  0.486781E-003  0.837583E-003
  0.109302E+001  0.218097E+001  0.276675E-003  0.475621E-003  0.475621E-003  0.817618E-003
  0.109469E+001  0.218568E+001  0.280847E-003  0.482345E-003  0.482345E-003  0.828411E-003
  0.109636E+001  0.219039E+001  0.287161E-003  0.492738E-003  0.492738E-003  0.845486E-003
  0.109803E+001  0.219511E+001  0.281266E-003  0.482185E-003  0.482185E-003  0.826630E-003
  0.109970E+001  0.219982E+001  0.281057E-003  0.481396E-003  0.481396E-003  0.824538E-003
  0.110137E+001  0.220453E+001  0.286947E-003  0.491050E-003  0.491050E-003  0.840327E-003
  0.110305E+001  0.220924E+001  0.283891E-003  0.485391E-003  0.485391E-003  0.829912E-003
  0.110473E+001  0.221395E+001  0.284664E-003  0.486289E-003  0.486289E-003  0.830721E-003
  0.110641E+001  0.221866E+001  0.286909E-003  0.489701E-003  0.489701E-003  0.835827E-003
  0.110809E+001  0.222337E+001  0.295538E-003  0.503997E-003  0.503997E-003  0.859494E-003
  0.110978E+001  0.222807E+001  0.288490E-003  0.491559E-003  0.491559E-003  0.837571E-003
  0.111147E+001  0.223278E+001  0.291403E-003  0.496107E-003  0.496107E-003  0.844609E-003
  0.111316E+001  0.223749E+001  0.291901E-003  0.496540E-003  0.496540E-003  0.844643E-003
  0.111485E+001  0.224219E+001  0.294203E-003  0.500044E-003  0.500044E-003  0.849903E-003
  0.111654E+001  0.224690E+001  0.293474E-003  0.498399E-003  0.498399E-003  0.846417E-003
  0.111824E+001  0.225160E+001  0.299246E-003  0.507789E-003  0.507789E-003  0.861665E-003
  0.111993E+001  0.225630E+001  0.295563E-003  0.501139E-003  0.501139E-003  0.849702E-003
  0.112163E+001  0.226101E+001  0.298183E-003  0.505179E-003  0.505179E-003  0.855872E-003
  0.112333E+001  0.226571E+001  0.299660E-003  0.507283E-003  0.507283E-003  0.858761E-003
  0.112504E+001  0.227041E+001  0.304322E-003  0.514773E-003  0.514773E-003  0.870757E-003
  0.112674E+001  0.227511E+001  0.300303E-003  0.507583E-003  0.507583E-003  0.857935E-003
  0.112845E+001  0.227981E+001  0.304528E-003  0.514330E-003  0.514330E-003  0.868673E-003
  0.113015E+001  0.228451E+001  0.309202E-003  0.521831E-003  0.521831E-003  0.880675E-003
  0.113187E+001  0.228921E+001  0.307494E-003  0.518554E-003  0.518554E-003  0.874485E-003
  0.113358E+001  0.229390E+001  0.309880E-003  0.522191E-003  0.522191E-003  0.879963E-003
  0.113529E+001  0.229860E+001  0.306843E-003  0.516693E-003  0.516693E-003  0.870057E-003
  0.113701E+001  0.230330E+001  0.308818E-003  0.519637E-003  0.519637E-003  0.874374E-003
  0.113873E+001  0.230799E+001  0.318242E-003  0.535106E-003  0.535106E-003  0.899749E-003
  0.114044E+001  0.231269E+001  0.317449E-003  0.533392E-003  0.533392E-003  0.896227E-003
  0.114217E+001  0.231738E+001  0.317196E-003  0.532584E-003  0.532584E-003  0.894231E-003
  0.114389E+001  0.232208E+001  0.313515E-003  0.526034E-003  0.526034E-003  0.882611E-003
  0.114561E+001  0.232677E+001  0.320582E-003  0.537516E-003  0.537516E-003  0.901248E-003
  0.114734E+001  0.233146E+001  0.316295E-003  0.529961E-003  0.529961E-003  0.887963E-003
  0.114907E+001  0.233615E+001  0.317503E-003  0.531619E-003  0.531619E-003  0.890130E-003
  0.115080E+001  0.234084E+001  0.318821E-003  0.533463E-003  0.533463E-003  0.892608E-003
  0.115253E+001  0.234553E+001  0.320778E-003  0.536376E-003  0.536376E-003  0.896878E-003
  0.115427E+001  0.235022E+001  0.325535E-003  0.543964E-003  0.543964E-003  0.908957E-003
  0.115600E+001  0.235491E+001  0.324009E-003  0.541057E-003  0.541057E-003  0.903501E-003
  0.115774E+001  0.235960E+001  0.324374E-003  0.541311E-003  0.541311E-003  0.903331E-003
  0.115948E+001  0.236429E+001  0.325856E-003  0.543429E-003  0.543429E-003  0.906275E-003
  0.116122E+001  0.236898E+001  0.329160E-003  0.548585E-003  0.548585E-003  0.914284E-003
  0.116296E+001  0.237366E+001  0.331347E-003  0.551877E-003  0.551877E-003  0.919182E-003
  0.116471E+001  0.237835E+001  0.330124E-003  0.549490E-003  0.549490E-003  0.914625E-003
  0.116646E+001  0.238303E+001  0.340412E-003  0.566257E-003  0.566257E-003  0.941939E-003
  0.116820E+001  0.238772E+001  0.337029E-003  0.560283E-003  0.560283E-003  0.931423E-003
  0.116995E+001  0.239240E+001  0.335860E-003  0.557994E-003  0.557994E-003  0.927045E-003
  0.117170E+001  0.239709E+001  0.346049E-003  0.574569E-003  0.574569E-003  0.953998E-003
  0.117346E+001  0.240177E+001  0.337965E-003  0.560805E-003  0.560805E-003  0.930577E-003
  0.117521E+001  0.240645E+001  0.340692E-003  0.564990E-003  0.564990E-003  0.936958E-003
  0.117697E+001  0.241113E+001  0.340923E-003  0.565035E-003  0.565035E-003  0.936472E-003
  0.117873E+001  0.241581E+001  0.344877E-003  0.571251E-003  0.571251E-003  0.946213E-003
  0.118049E+001  0.242049E+001  0.346757E-003  0.574028E-003  0.574028E-003  0.950254E-003
  0.118225E+001  0.242517E+001  0.346007E-003  0.572452E-003  0.572452E-003  0.947094E-003
  0.118401E+001  0.242985E+001  0.347347E-003  0.574339E-003  0.574339E-003  0.949670E-003
  0.118578E+001  0.243453E+001  0.350292E-003  0.578875E-003  0.578875E-003  0.956621E-003
  0.118754E+001  0.243921E+001  0.354709E-003  0.585843E-003  0.585843E-003  0.967589E-003
  0.118931E+001  0.244388E+001  0.351424E-003  0.580091E-003  0.580091E-003  0.957549E-003
  0.119108E+001  0.244856E+001  0.353202E-003  0.582701E-003  0.582701E-003  0.961320E-003
  0.119285E+001  0.245324E+001  0.358102E-003  0.590458E-003  0.590458E-003  0.973580E-003
  0.119462E+001  0.245791E+001  0.361681E-003  0.596034E-003  0.596034E-003  0.982235E-003
  0.119640E+001  0.246258E+001  0.359602E-003  0.592284E-003  0.592284E-003  0.975523E-003
  0.119818E+001  0.246726E+001  0.364112E-003  0.599388E-003  0.599388E-003  0.986691E-003
  0.119995E+001  0.247193E+001  0.362322E-003  0.596124E-003  0.596124E-003  0.980795E-003
  0.120173E+001  0.247660E+001  0.362896E-003  0.596752E-003  0.596752E-003  0.981307E-003
  0.120351E+001  0.248128E+001  0.368758E-003  0.606072E-003  0.606072E-003  0.996109E-003
  0.120530E+001  0.248595E+001  0.370680E-003  0.608911E-003  0.608911E-003  0.100025E-002
  0.120708E+001  0.249062E+001  0.368060E-003  0.604297E-003  0.604297E-003  0.992159E-003
  0.120886E+001  0.249529E+001  0.375332E-003  0.615921E-003  0.615921E-003  0.101073E-002
  0.121065E+001  0.249996E+001  0.372217E-003  0.610498E-003  0.610498E-003  0.100132E-002
  0.121244E+001  0.250463E+001  0.373255E-003  0.611891E-003  0.611891E-003  0.100310E-002
  0.121423E+001  0.250930E+001  0.375302E-003  0.614938E-003  0.614938E-003  0.100759E-002
  0.121602E+001  0.251397E+001  0.380014E-003  0.622351E-003  0.622351E-003  0.101923E-002
  0.121781E+001  0.251863E+001  0.382299E-003  0.625785E-003  0.625785E-003  0.102435E-002
  0.121961E+001  0.252330E+001  0.380270E-003  0.622160E-003  0.622160E-003  0.101792E-002
  0.122141E+001  0.252797E+001  0.384008E-003  0.627970E-003  0.627970E-003  0.102692E-002
  0.122320E+001  0.253263E+001  0.385736E-003  0.630495E-003  0.630495E-003  0.103056E-002
  0.122500E+001  0.253730E+001  0.389248E-003  0.635932E-003  0.635932E-003  0.103895E-002
  0.122680E+001  0.254196E+001  0.389216E-003  0.635580E-003  0.635580E-003  0.103789E-002
  0.122861E+001  0.254662E+001  0.402274E-003  0.656593E-003  0.656593E-003  0.107170E-002
  0.123041E+001  0.255129E+001  0.391436E-003  0.638608E-003  0.638608E-003  0.104186E-002
  0.123221E+001  0.255595E+001  0.395718E-003  0.645296E-003  0.645296E-003  0.105228E-002
  0.123402E+001  0.256061E+001  0.395466E-003  0.644590E-003  0.644590E-003  0.105065E-002
  0.123583E+001  0.256528E+001  0.396957E-003  0.646727E-003  0.646727E-003  0.105366E-002
  0.123764E+001  0.256994E+001  0.399228E-003  0.650134E-003  0.650134E-003  0.105873E-002
  0.123945E+001  0.257460E+001  0.400889E-003  0.652548E-003  0.652548E-003  0.106219E-002
  0.124126E+001  0.257926E+001  0.403566E-003  0.656615E-003  0.656615E-003  0.106833E-002
  0.124307E+001  0.258392E+001  0.413455E-003  0.672411E-003  0.672411E-003  0.109356E-002
  0.124489E+001  0.258858E+001  0.407107E-003  0.661798E-003  0.661798E-003  0.107583E-002
  0.124671E+001  0.259323E+001  0.416889E-003  0.677407E-003  0.677407E-003  0.110072E-002
  0.124852E+001  0.259789E+001  0.413773E-003  0.672057E-003  0.672057E-003  0.109156E-002
  0.125034E+001  0.260255E+001  0.416720E-003  0.676555E-003  0.676555E-003  0.109840E-002
  0.125216E+001  0.260721E+001  0.424457E-003  0.688826E-003  0.688826E-003  0.111786E-002
  0.125399E+001  0.261186E+001  0.421894E-003  0.684380E-003  0.684380E-003  0.111017E-002
  0.125581E+001  0.261652E+001  0.419148E-003  0.679643E-003  0.679643E-003  0.110203E-002
  0.125763E+001  0.262117E+001  0.425374E-003  0.689455E-003  0.689455E-003  0.111748E-002
  0.125946E+001  0.262583E+001  0.424783E-003  0.688216E-003  0.688216E-003  0.111502E-002
  0.126129E+001  0.263048E+001  0.425622E-003  0.689296E-003  0.689296E-003  0.111632E-002
  0.126312E+001  0.263513E+001  0.430781E-003  0.697371E-003  0.697371E-003  0.112894E-002
  0.126495E+001  0.263979E+001  0.429434E-003  0.694913E-003  0.694913E-003  0.112451E-002
  0.126678E+001  0.264444E+001  0.431678E-003  0.698269E-003  0.698269E-003  0.112950E-002
  0.126861E+001  0.264909E+001  0.436464E-003  0.705734E-003  0.705734E-003  0.114112E-002
  0.127045E+001  0.265374E+001  0.438186E-003  0.708241E-003  0.708241E-003  0.114473E-002
  0.127228E+001  0.265839E+001  0.440270E-003  0.711337E-003  0.711337E-003  0.114929E-002
  0.127412E+001  0.266304E+001  0.440336E-003  0.711170E-003  0.711170E-003  0.114858E-002
  0.127596E+001  0.266769E+001  0.443110E-003  0.715378E-003  0.715378E-003  0.115494E-002
  0.127780E+001  0.267234E+001  0.445186E-003  0.718458E-003  0.718458E-003  0.115948E-002
  0.127964E+001  0.267699E+001  0.447193E-003  0.721428E-003  0.721428E-003  0.116383E-002
  0.128148E+001  0.268164E+001  0.453856E-003  0.731906E-003  0.731906E-003  0.118030E-002
  0.128333E+001  0.268629E+001  0.452078E-003  0.728770E-003  0.728770E-003  0.117481E-002
  0.128517E+001  0.269093E+001  0.454366E-003  0.732191E-003  0.732191E-003  0.117989E-002
  0.128702E+001  0.269558E+001  0.456553E-003  0.735449E-003  0.735449E-003  0.118471E-002
  0.128887E+001  0.270023E+001  0.459341E-003  0.739673E-003  0.739673E-003  0.119109E-002
  0.129072E+001  0.270487E+001  0.467321E-003  0.752255E-003  0.752255E-003  0.121092E-002
  0.129257E+001  0.270952E+001  0.464836E-003  0.747990E-003  0.747990E-003  0.120363E-002
  0.129442E+001  0.271416E+001  0.467348E-003  0.751768E-003  0.751768E-003  0.120928E-002
  0.129627E+001  0.271880E+001  0.468431E-003  0.753250E-003  0.753250E-003  0.121125E-002
  0.129813E+001  0.272345E+001  0.475439E-003  0.764254E-003  0.764254E-003  0.122851E-002
  0.129998E+001  0.272809E+001  0.473107E-003  0.760246E-003  0.760246E-003  0.122165E-002
  0.130184E+001  0.273273E+001  0.479851E-003  0.770820E-003  0.770820E-003  0.123822E-002
  0.130370E+001  0.273738E+001  0.479843E-003  0.770547E-003  0.770547E-003  0.123737E-002
  0.130556E+001  0.274202E+001  0.484591E-003  0.777911E-003  0.777911E-003  0.124878E-002
  0.130742E+001  0.274666E+001  0.486565E-003  0.780820E-003  0.780820E-003  0.125303E-002
  0.130928E+001  0.275130E+001  0.486442E-003  0.780366E-003  0.780366E-003  0.125189E-002
  0.131114E+001  0.275594E+001  0.488788E-003  0.783873E-003  0.783873E-003  0.125711E-002
  0.131301E+001  0.276058E+001  0.495353E-003  0.794144E-003  0.794144E-003  0.127316E-002
  0.131487E+001  0.276522E+001  0.494737E-003  0.792902E-003  0.792902E-003  0.127076E-002
  0.131674E+001  0.276986E+001  0.495926E-003  0.794555E-003  0.794555E-003  0.127301E-002
  0.131861E+001  0.277449E+001  0.507560E-003  0.812936E-003  0.812936E-003  0.130204E-002
  0.132048E+001  0.277913E+001  0.508950E-003  0.814906E-003  0.814906E-003  0.130479E-002
  0.132235E+001  0.278377E+001  0.506947E-003  0.811447E-003  0.811447E-003  0.129884E-002
  0.132422E+001  0.278840E+001  0.511404E-003  0.818327E-003  0.818327E-003  0.130945E-002
  0.132609E+001  0.279304E+001  0.509376E-003  0.814833E-003  0.814833E-003  0.130346E-002
  0.132796E+001  0.279768E+001  0.526905E-003  0.842618E-003  0.842618E-003  0.134750E-002
  0.132984E+001  0.280231E+001  0.514697E-003  0.822845E-003  0.822845E-003  0.131548E-002
  0.133172E+001  0.280694E+001  0.524936E-003  0.838962E-003  0.838962E-003  0.134085E-002
  0.133359E+001  0.281158E+001  0.529914E-003  0.846668E-003  0.846668E-003  0.135276E-002
  0.133547E+001  0.281621E+001  0.526211E-003  0.840504E-003  0.840504E-003  0.134252E-002
  0.133735E+001  0.282084E+001  0.527432E-003  0.842208E-003  0.842208E-003  0.134484E-002
  0.133924E+001  0.282548E+001  0.531992E-003  0.849241E-003  0.849241E-003  0.135568E-002
  0.134112E+001  0.283011E+001  0.532097E-003  0.849165E-003  0.849165E-003  0.135517E-002
  0.134300E+001  0.283474E+001  0.535559E-003  0.854446E-003  0.854446E-003  0.136321E-002
  0.134489E+001  0.283937E+001  0.541176E-003  0.863163E-003  0.863163E-003  0.137672E-002
  0.134677E+001  0.284400E+001  0.542342E-003  0.864780E-003  0.864780E-003  0.137892E-002
  0.134866E+001  0.284863E+001  0.543128E-003  0.865792E-003  0.865792E-003  0.138015E-002
  0.135055E+001  0.285326E+001  0.546607E-003  0.871097E-003  0.871097E-003  0.138822E-002
  0.135244E+001  0.285789E+001  0.549471E-003  0.875420E-003  0.875420E-003  0.139472E-002
  0.135433E+001  0.286252E+001  0.552106E-003  0.879379E-003  0.879379E-003  0.140065E-002
  0.135622E+001  0.286715E+001  0.558652E-003  0.889566E-003  0.889566E-003  0.141649E-002
  0.135812E+001  0.287178E+001  0.560172E-003  0.891746E-003  0.891746E-003  0.141958E-002
  0.136001E+001  0.287640E+001  0.561481E-003  0.893593E-003  0.893593E-003  0.142215E-002
  0.136191E+001  0.288103E+001  0.569725E-003  0.906474E-003  0.906474E-003  0.144226E-002
  0.136380E+001  0.288566E+001  0.573614E-003  0.912423E-003  0.912423E-003  0.145135E-002
  0.136570E+001  0.289028E+001  0.570465E-003  0.907178E-003  0.907178E-003  0.144263E-002
  0.136760E+001  0.289491E+001  0.573847E-003  0.912322E-003  0.912322E-003  0.145044E-002
  0.136950E+001  0.289953E+001  0.577037E-003  0.917159E-003  0.917159E-003  0.145776E-002
  0.137140E+001  0.290416E+001  0.582621E-003  0.925800E-003  0.925800E-003  0.147112E-002
  0.137330E+001  0.290878E+001  0.587911E-003  0.933971E-003  0.933971E-003  0.148373E-002
  0.137521E+001  0.291340E+001  0.592074E-003  0.940349E-003  0.940349E-003  0.149349E-002
  0.137711E+001  0.291803E+001  0.594295E-003  0.943643E-003  0.943643E-003  0.149835E-002
  0.137902E+001  0.292265E+001  0.593599E-003  0.942308E-003  0.942308E-003  0.149586E-002
  0.138093E+001  0.292727E+001  0.605785E-003  0.961417E-003  0.961417E-003  0.152583E-002
  0.138283E+001  0.293189E+001  0.601434E-003  0.954283E-003  0.954283E-003  0.151414E-002
  0.138474E+001  0.293651E+001  0.603344E-003  0.957084E-003  0.957084E-003  0.151822E-002
  0.138665E+001  0.294113E+001  0.606881E-003  0.962466E-003  0.962466E-003  0.152640E-002
  0.138856E+001  0.294575E+001  0.612611E-003  0.971324E-003  0.971324E-003  0.154008E-002
  0.139048E+001  0.295037E+001  0.619447E-003  0.981933E-003  0.981933E-003  0.155654E-002
  0.139239E+001  0.295499E+001  0.616357E-003  0.976809E-003  0.976809E-003  0.154806E-002
  0.139431E+001  0.295961E+001  0.627776E-003  0.994677E-003  0.994677E-003  0.157601E-002
  0.139622E+001  0.296423E+001  0.624809E-003  0.989750E-003  0.989750E-003  0.156785E-002
  0.139814E+001  0.296885E+001  0.626747E-003  0.992596E-003  0.992596E-003  0.157200E-002
  0.140006E+001  0.297347E+001  0.630353E-003  0.998083E-003  0.998083E-003  0.158034E-002
  0.140198E+001  0.297808E+001  0.639810E-003  0.101283E-002  0.101283E-002  0.160333E-002
  0.140390E+001  0.298270E+001  0.638944E-003  0.101124E-002  0.101124E-002  0.160045E-002
  0.140582E+001  0.298732E+001  0.641388E-003  0.101488E-002  0.101488E-002  0.160587E-002
  0.140774E+001  0.299193E+001  0.645344E-003  0.102092E-002  0.102092E-002  0.161508E-002
  0.140967E+001  0.299655E+001  0.650765E-003  0.102927E-002  0.102927E-002  0.162794E-002
  0.141159E+001  0.300116E+001  0.651776E-003  0.103066E-002  0.103066E-002  0.162978E-002
  0.141352E+001  0.300577E+001  0.666973E-003  0.105446E-002  0.105446E-002  0.166707E-002
  0.141544E+001  0.301039E+001  0.665763E-003  0.105233E-002  0.105233E-002  0.166335E-002
  0.141737E+001  0.301500E+001  0.663150E-003  0.104798E-002  0.104798E-002  0.165613E-002
  0.141930E+001  0.301961E+001  0.666881E-003  0.105366E-002  0.105366E-002  0.166476E-002
  0.142123E+001  0.302423E+001  0.672773E-003  0.106275E-002  0.106275E-002  0.167878E-002
  0.142316E+001  0.302884E+001  0.677910E-003  0.107065E-002  0.107065E-002  0.169091E-002
  0.142510E+001  0.303345E+001  0.687444E-003  0.108549E-002  0.108549E-002  0.171400E-002
  0.142703E+001  0.303806E+001  0.682916E-003  0.107812E-002  0.107812E-002  0.170203E-002
  0.142896E+001  0.304267E+001  0.688176E-003  0.108621E-002  0.108621E-002  0.171446E-002
  0.143090E+001  0.304728E+001  0.690477E-003  0.108963E-002  0.108963E-002  0.171952E-002
  0.143284E+001  0.305189E+001  0.702168E-003  0.110786E-002  0.110786E-002  0.174795E-002
  0.143477E+001  0.305650E+001  0.701942E-003  0.110729E-002  0.110729E-002  0.174672E-002
  0.143671E+001  0.306111E+001  0.704546E-003  0.111119E-002  0.111119E-002  0.175253E-002
  0.143865E+001  0.306572E+001  0.710487E-003  0.112034E-002  0.112034E-002  0.176663E-002
  0.144059E+001  0.307033E+001  0.722161E-003  0.113854E-002  0.113854E-002  0.179499E-002
  0.144254E+001  0.307493E+001  0.724317E-003  0.114172E-002  0.114172E-002  0.179967E-002
  0.144448E+001  0.307954E+001  0.717241E-003  0.113036E-002  0.113036E-002  0.178143E-002
  0.144642E+001  0.308415E+001  0.731275E-003  0.115227E-002  0.115227E-002  0.181563E-002
  0.144837E+001  0.308875E+001  0.727102E-003  0.114548E-002  0.114548E-002  0.180461E-002
  0.145032E+001  0.309336E+001  0.735622E-003  0.115870E-002  0.115870E-002  0.182509E-002
  0.145226E+001  0.309796E+001  0.734005E-003  0.115594E-002  0.115594E-002  0.182043E-002
  0.145421E+001  0.310257E+001  0.739206E-003  0.116393E-002  0.116393E-002  0.183268E-002
  0.145616E+001  0.310717E+001  0.741563E-003  0.116744E-002  0.116744E-002  0.183788E-002
  0.145811E+001  0.311178E+001  0.749749E-003  0.118012E-002  0.118012E-002  0.185752E-002
  0.146006E+001  0.311638E+001  0.754639E-003  0.118761E-002  0.118761E-002  0.186900E-002
  0.146202E+001  0.312098E+001  0.765410E-003  0.120435E-002  0.120435E-002  0.189502E-002
  0.146397E+001  0.312558E+001  0.760836E-003  0.119695E-002  0.119695E-002  0.188306E-002
  0.146592E+001  0.313019E+001  0.777006E-003  0.122219E-002  0.122219E-002  0.192244E-002
  0.146788E+001  0.313479E+001  0.767292E-003  0.120671E-002  0.120671E-002  0.189777E-002
  0.146984E+001  0.313939E+001  0.774037E-003  0.121711E-002  0.121711E-002  0.191382E-002
  0.147180E+001  0.314399E+001  0.786006E-003  0.123573E-002  0.123573E-002  0.194278E-002
  0.147375E+001  0.314859E+001  0.786655E-003  0.123655E-002  0.123655E-002  0.194376E-002
  0.147571E+001  0.315319E+001  0.791472E-003  0.124393E-002  0.124393E-002  0.195503E-002
  0.147768E+001  0.315779E+001  0.797676E-003  0.125348E-002  0.125348E-002  0.196973E-002
  0.147964E+001  0.316239E+001  0.794674E-003  0.124856E-002  0.124856E-002  0.196170E-002
  0.148160E+001  0.316699E+001  0.798824E-003  0.125489E-002  0.125489E-002  0.197133E-002
  0.148356E+001  0.317158E+001  0.804717E-003  0.126395E-002  0.126395E-002  0.198526E-002
  0.148553E+001  0.317618E+001  0.806882E-003  0.126716E-002  0.126716E-002  0.198999E-002
  0.148750E+001  0.318078E+001  0.816906E-003  0.128270E-002  0.128270E-002  0.201410E-002
  0.148946E+001  0.318538E+001  0.826385E-003  0.129739E-002  0.129739E-002  0.203686E-002
  0.149143E+001  0.318997E+001  0.819907E-003  0.128703E-002  0.128703E-002  0.202029E-002
  0.149340E+001  0.319457E+001  0.825613E-003  0.129579E-002  0.129579E-002  0.203374E-002
  0.149537E+001  0.319916E+001  0.828858E-003  0.130070E-002  0.130070E-002  0.204114E-002
  0.149734E+001  0.320376E+001  0.838429E-003  0.131553E-002  0.131553E-002  0.206411E-002
  0.149932E+001  0.320835E+001  0.855872E-003  0.134270E-002  0.134270E-002  0.210645E-002
  0.150129E+001  0.321295E+001  0.842631E-003  0.132174E-002  0.132174E-002  0.207327E-002
