  0.345948E+000  0.507745E-001  0.212860E-002  0.220828E-001  0.220828E-001  0.229095E+000
  0.345948E+000  0.507745E-001  0.212860E-002  0.220828E-001  0.220828E-001  0.229095E+000
  0.345841E+000  0.557734E-001  0.237063E-002  0.223762E-001  0.223762E-001  0.211209E+000
  0.345725E+000  0.607720E-001  0.264374E-002  0.228794E-001  0.228794E-001  0.198003E+000
  0.345601E+000  0.657705E-001  0.296673E-002  0.237030E-001  0.237030E-001  0.189377E+000
  0.345470E+000  0.707688E-001  0.314051E-002  0.233073E-001  0.233073E-001  0.172975E+000
  0.345331E+000  0.757669E-001  0.341649E-002  0.236595E-001  0.236595E-001  0.163844E+000
  0.345185E+000  0.807647E-001  0.373050E-002  0.242080E-001  0.242080E-001  0.157091E+000
  0.345033E+000  0.857624E-001  0.402394E-002  0.245643E-001  0.245643E-001  0.149954E+000
  0.344875E+000  0.907599E-001  0.435229E-002  0.250748E-001  0.250748E-001  0.144463E+000
  0.344712E+000  0.957572E-001  0.473413E-002  0.258189E-001  0.258189E-001  0.140811E+000
  0.344544E+000  0.100754E+000  0.512930E-002  0.265478E-001  0.265478E-001  0.137405E+000
  0.344371E+000  0.105751E+000  0.553339E-002  0.272362E-001  0.272362E-001  0.134061E+000
  0.344196E+000  0.110748E+000  0.599959E-002  0.281555E-001  0.281555E-001  0.132131E+000
  0.344017E+000  0.115745E+000  0.638758E-002  0.286258E-001  0.286258E-001  0.128286E+000
  0.343836E+000  0.120742E+000  0.691367E-002  0.296404E-001  0.296404E-001  0.127075E+000
  0.343653E+000  0.125739E+000  0.739642E-002  0.303796E-001  0.303796E-001  0.124779E+000
  0.343469E+000  0.130735E+000  0.804705E-002  0.317093E-001  0.317093E-001  0.124950E+000
  0.343285E+000  0.135732E+000  0.875446E-002  0.331392E-001  0.331392E-001  0.125445E+000
  0.343102E+000  0.140728E+000  0.935457E-002  0.340597E-001  0.340597E-001  0.124011E+000
  0.342920E+000  0.145725E+000  0.101506E-001  0.355829E-001  0.355829E-001  0.124736E+000
  0.342740E+000  0.150722E+000  0.110691E-001  0.373935E-001  0.373935E-001  0.126323E+000
  0.342563E+000  0.155719E+000  0.122838E-001  0.400256E-001  0.400256E-001  0.130419E+000
  0.342389E+000  0.160716E+000  0.132091E-001  0.415399E-001  0.415399E-001  0.130635E+000
  0.342220E+000  0.165713E+000  0.146373E-001  0.444610E-001  0.444610E-001  0.135051E+000
  0.342056E+000  0.170710E+000  0.160439E-001  0.470957E-001  0.470957E-001  0.138246E+000
  0.341898E+000  0.175708E+000  0.179199E-001  0.508581E-001  0.508581E-001  0.144339E+000
  0.341748E+000  0.180705E+000  0.199369E-001  0.547398E-001  0.547398E-001  0.150296E+000
  0.341606E+000  0.185703E+000  0.227781E-001  0.605246E-001  0.605246E-001  0.160822E+000
  0.341473E+000  0.190702E+000  0.262149E-001  0.674292E-001  0.674292E-001  0.173440E+000
  0.341350E+000  0.195700E+000  0.298813E-001  0.744151E-001  0.744151E-001  0.185320E+000
  0.341238E+000  0.200699E+000  0.363013E-001  0.875323E-001  0.875323E-001  0.211064E+000
  0.341139E+000  0.205698E+000  0.447725E-001  0.104554E+000  0.104554E+000  0.244158E+000
  0.341054E+000  0.210697E+000  0.539606E-001  0.122052E+000  0.122052E+000  0.276068E+000
  0.340984E+000  0.215697E+000  0.707924E-001  0.155092E+000  0.155092E+000  0.339775E+000
  0.340930E+000  0.220696E+000  0.103735E+000  0.220051E+000  0.220051E+000  0.466793E+000
  0.340894E+000  0.225696E+000  0.186437E+000  0.382895E+000  0.382895E+000  0.786373E+000
  0.340877E+000  0.230696E+000  0.940401E-001  0.186565E+000  0.186565E+000  0.370122E+000
  0.340882E+000  0.235696E+000  0.598578E+000  0.115081E+001  0.115081E+001  0.221253E+001
  0.340909E+000  0.240696E+000  0.149022E+000  0.277208E+000  0.277208E+000  0.515657E+000
  0.340961E+000  0.245696E+000  0.952264E-001  0.171213E+000  0.171213E+000  0.307835E+000
  0.341040E+000  0.250695E+000  0.702297E-001  0.121961E+000  0.121961E+000  0.211796E+000
  0.341148E+000  0.255694E+000  0.561570E-001  0.941264E-001  0.941264E-001  0.157768E+000
  0.341288E+000  0.260692E+000  0.470201E-001  0.759920E-001  0.759920E-001  0.122815E+000
  0.341462E+000  0.265689E+000  0.404863E-001  0.630320E-001  0.630320E-001  0.981327E-001
  0.341674E+000  0.270685E+000  0.358532E-001  0.537009E-001  0.537009E-001  0.804333E-001
  0.341926E+000  0.275678E+000  0.320687E-001  0.461530E-001  0.461530E-001  0.664231E-001
  0.342223E+000  0.280669E+000  0.291469E-001  0.402407E-001  0.402407E-001  0.555571E-001
  0.342569E+000  0.285657E+000  0.268878E-001  0.355467E-001  0.355467E-001  0.469942E-001
  0.342967E+000  0.290642E+000  0.248555E-001  0.314075E-001  0.314075E-001  0.396866E-001
  0.343424E+000  0.295621E+000  0.231907E-001  0.279433E-001  0.279433E-001  0.336700E-001
  0.343945E+000  0.300593E+000  0.217936E-001  0.249775E-001  0.249775E-001  0.286267E-001
  0.344536E+000  0.305558E+000  0.206060E-001  0.224001E-001  0.224001E-001  0.243505E-001
  0.345203E+000  0.310514E+000  0.195284E-001  0.200736E-001  0.200736E-001  0.206340E-001
  0.345955E+000  0.315457E+000  0.186004E-001  0.180153E-001  0.180153E-001  0.174485E-001
  0.346800E+000  0.320385E+000  0.177880E-001  0.161698E-001  0.161698E-001  0.146988E-001
  0.347745E+000  0.325295E+000  0.170455E-001  0.144823E-001  0.144823E-001  0.123046E-001
  0.348799E+000  0.330182E+000  0.163851E-001  0.129523E-001  0.129523E-001  0.102387E-001
  0.349972E+000  0.335043E+000  0.157810E-001  0.115489E-001  0.115489E-001  0.845166E-002
  0.351271E+000  0.339871E+000  0.152343E-001  0.102678E-001  0.102678E-001  0.692037E-002
  0.352701E+000  0.344662E+000  0.147237E-001  0.909138E-002  0.909138E-002  0.561359E-002
  0.354269E+000  0.349410E+000  0.142482E-001  0.801569E-002  0.801569E-002  0.450941E-002
  0.355976E+000  0.354110E+000  0.138044E-001  0.703758E-002  0.703758E-002  0.358778E-002
  0.357820E+000  0.358757E+000  0.133885E-001  0.615326E-002  0.615326E-002  0.282798E-002
  0.359797E+000  0.363350E+000  0.129967E-001  0.535803E-002  0.535803E-002  0.220889E-002
  0.361900E+000  0.367886E+000  0.126280E-001  0.464770E-002  0.464770E-002  0.171056E-002
  0.364120E+000  0.372366E+000  0.122807E-001  0.401663E-002  0.401663E-002  0.131371E-002
  0.366445E+000  0.376793E+000  0.119548E-001  0.345923E-002  0.345923E-002  0.100095E-002
  0.368864E+000  0.381168E+000  0.116496E-001  0.296853E-002  0.296853E-002  0.756427E-003
  0.371367E+000  0.385497E+000  0.113634E-001  0.253713E-002  0.253713E-002  0.566461E-003
  0.373942E+000  0.389783E+000  0.110964E-001  0.215856E-002  0.215856E-002  0.419893E-003
  0.376580E+000  0.394031E+000  0.108467E-001  0.182599E-002  0.182599E-002  0.307391E-003
  0.379272E+000  0.398244E+000  0.106135E-001  0.153351E-002  0.153351E-002  0.221565E-003
  0.382011E+000  0.402427E+000  0.103948E-001  0.127555E-002  0.127555E-002  0.156517E-003
  0.384790E+000  0.406583E+000  0.101894E-001  0.104744E-002  0.104744E-002  0.107669E-003
  0.387605E+000  0.410716E+000  0.999694E-002  0.845082E-003  0.845082E-003  0.714333E-004
  0.390450E+000  0.414827E+000  0.981582E-002  0.664964E-003  0.664964E-003  0.450427E-004
  0.393322E+000  0.418920E+000  0.964499E-002  0.504011E-003  0.504011E-003  0.263333E-004
  0.396218E+000  0.422997E+000  0.948329E-002  0.359634E-003  0.359634E-003  0.136343E-004
  0.399133E+000  0.427058E+000  0.933024E-002  0.229760E-003  0.229760E-003  0.565408E-005
  0.402067E+000  0.431107E+000  0.918482E-002  0.112407E-003  0.112407E-003  0.137209E-005
  0.405017E+000  0.435144E+000  0.904621E-002  0.603225E-005  0.603225E-005  0.669707E-009
  0.407982E+000  0.439171E+000  0.891398E-002  0.907382E-004  0.907382E-004  0.920500E-006
  0.410959E+000  0.443188E+000  0.878755E-002  0.179015E-003  0.179015E-003  0.364381E-005
  0.413947E+000  0.447196E+000  0.866628E-002  0.259800E-003  0.259800E-003  0.778557E-005
  0.416946E+000  0.451197E+000  0.854989E-002  0.333983E-003  0.333983E-003  0.130437E-004
  0.419954E+000  0.455191E+000  0.843772E-002  0.402260E-003  0.402260E-003  0.191749E-004
  0.422971E+000  0.459179E+000  0.832973E-002  0.465303E-003  0.465303E-003  0.259897E-004
  0.425995E+000  0.463160E+000  0.822549E-002  0.523631E-003  0.523631E-003  0.333319E-004
  0.429026E+000  0.467136E+000  0.812472E-002  0.577745E-003  0.577745E-003  0.410810E-004
  0.432064E+000  0.471108E+000  0.802736E-002  0.628091E-003  0.628091E-003  0.491421E-004
  0.435108E+000  0.475075E+000  0.793252E-002  0.674976E-003  0.674976E-003  0.574315E-004
  0.438157E+000  0.479037E+000  0.784050E-002  0.718753E-003  0.718753E-003  0.658875E-004
  0.441211E+000  0.482996E+000  0.775118E-002  0.759725E-003  0.759725E-003  0.744619E-004
  0.444270E+000  0.486951E+000  0.766443E-002  0.798156E-003  0.798156E-003  0.831165E-004
  0.447333E+000  0.490903E+000  0.757984E-002  0.834237E-003  0.834237E-003  0.918145E-004
  0.450400E+000  0.494852E+000  0.749747E-002  0.868194E-003  0.868194E-003  0.100534E-003
  0.453470E+000  0.498799E+000  0.741657E-002  0.900121E-003  0.900121E-003  0.109243E-003
  0.456544E+000  0.502742E+000  0.733764E-002  0.930265E-003  0.930265E-003  0.117937E-003
  0.459621E+000  0.506683E+000  0.726082E-002  0.958792E-003  0.958792E-003  0.126607E-003
  0.462701E+000  0.510622E+000  0.718567E-002  0.985794E-003  0.985794E-003  0.135239E-003
  0.465783E+000  0.514559E+000  0.711158E-002  0.101130E-002  0.101130E-002  0.143810E-003
  0.468868E+000  0.518494E+000  0.703934E-002  0.103555E-002  0.103555E-002  0.152338E-003
  0.471955E+000  0.522427E+000  0.696854E-002  0.105859E-002  0.105859E-002  0.160809E-003
  0.475044E+000  0.526359E+000  0.689986E-002  0.108062E-002  0.108062E-002  0.169239E-003
  0.478136E+000  0.530288E+000  0.683131E-002  0.110142E-002  0.110142E-002  0.177583E-003
  0.481229E+000  0.534217E+000  0.676397E-002  0.112124E-002  0.112124E-002  0.185862E-003
  0.484323E+000  0.538144E+000  0.669838E-002  0.114022E-002  0.114022E-002  0.194091E-003
  0.487420E+000  0.542070E+000  0.663364E-002  0.115832E-002  0.115832E-002  0.202256E-003
  0.490517E+000  0.545995E+000  0.657020E-002  0.117564E-002  0.117564E-002  0.210362E-003
  0.493616E+000  0.549919E+000  0.650774E-002  0.119221E-002  0.119221E-002  0.218409E-003
  0.496716E+000  0.553842E+000  0.644643E-002  0.120810E-002  0.120810E-002  0.226403E-003
  0.499818E+000  0.557764E+000  0.638534E-002  0.122319E-002  0.122319E-002  0.234317E-003
  0.502920E+000  0.561685E+000  0.632571E-002  0.123776E-002  0.123776E-002  0.242192E-003
  0.506023E+000  0.565606E+000  0.626687E-002  0.125171E-002  0.125171E-002  0.250010E-003
  0.509127E+000  0.569526E+000  0.620894E-002  0.126513E-002  0.126513E-002  0.257780E-003
  0.512231E+000  0.573445E+000  0.615182E-002  0.127801E-002  0.127801E-002  0.265499E-003
  0.515336E+000  0.577364E+000  0.609553E-002  0.129040E-002  0.129040E-002  0.273173E-003
  0.518442E+000  0.581283E+000  0.603996E-002  0.130232E-002  0.130232E-002  0.280801E-003
  0.521548E+000  0.585201E+000  0.598513E-002  0.131378E-002  0.131378E-002  0.288385E-003
  0.524654E+000  0.589119E+000  0.593131E-002  0.132489E-002  0.132489E-002  0.295942E-003
  0.527761E+000  0.593036E+000  0.587768E-002  0.133548E-002  0.133548E-002  0.303437E-003
  0.530868E+000  0.596954E+000  0.582489E-002  0.134573E-002  0.134573E-002  0.310903E-003
  0.533975E+000  0.600871E+000  0.577280E-002  0.135562E-002  0.135562E-002  0.318336E-003
  0.537082E+000  0.604789E+000  0.572179E-002  0.136526E-002  0.136526E-002  0.325762E-003
  0.540190E+000  0.608706E+000  0.567055E-002  0.137438E-002  0.137438E-002  0.333112E-003
  0.543297E+000  0.612623E+000  0.562032E-002  0.138328E-002  0.138328E-002  0.340453E-003
  0.546404E+000  0.616541E+000  0.557066E-002  0.139187E-002  0.139187E-002  0.347768E-003
  0.549511E+000  0.620458E+000  0.552146E-002  0.140015E-002  0.140015E-002  0.355051E-003
  0.552618E+000  0.624376E+000  0.547289E-002  0.140816E-002  0.140816E-002  0.362317E-003
  0.555724E+000  0.628294E+000  0.542511E-002  0.141598E-002  0.141598E-002  0.369576E-003
  0.558830E+000  0.632212E+000  0.537768E-002  0.142350E-002  0.142350E-002  0.376805E-003
  0.561936E+000  0.636130E+000  0.533032E-002  0.143066E-002  0.143066E-002  0.383987E-003
  0.565042E+000  0.640049E+000  0.528383E-002  0.143768E-002  0.143768E-002  0.391180E-003
  0.568147E+000  0.643968E+000  0.523788E-002  0.144450E-002  0.144450E-002  0.398360E-003
  0.571251E+000  0.647887E+000  0.519230E-002  0.145106E-002  0.145106E-002  0.405519E-003
  0.574355E+000  0.651807E+000  0.514729E-002  0.145745E-002  0.145745E-002  0.412676E-003
  0.577458E+000  0.655728E+000  0.510228E-002  0.146351E-002  0.146351E-002  0.419785E-003
  0.580561E+000  0.659649E+000  0.505814E-002  0.146950E-002  0.146950E-002  0.426922E-003
  0.583662E+000  0.663570E+000  0.501415E-002  0.147522E-002  0.147522E-002  0.434025E-003
  0.586763E+000  0.667493E+000  0.497118E-002  0.148093E-002  0.148093E-002  0.441175E-003
  0.589864E+000  0.671415E+000  0.492789E-002  0.148626E-002  0.148626E-002  0.448259E-003
  0.592963E+000  0.675339E+000  0.488510E-002  0.149144E-002  0.149144E-002  0.455344E-003
  0.596062E+000  0.679263E+000  0.484274E-002  0.149648E-002  0.149648E-002  0.462432E-003
  0.599159E+000  0.683188E+000  0.480108E-002  0.150144E-002  0.150144E-002  0.469547E-003
  0.602256E+000  0.687113E+000  0.475930E-002  0.150611E-002  0.150611E-002  0.476615E-003
  0.605352E+000  0.691040E+000  0.471807E-002  0.151068E-002  0.151068E-002  0.483703E-003
  0.608446E+000  0.694967E+000  0.467734E-002  0.151514E-002  0.151514E-002  0.490803E-003
  0.611540E+000  0.698895E+000  0.463674E-002  0.151940E-002  0.151940E-002  0.497888E-003
  0.614632E+000  0.702824E+000  0.459661E-002  0.152356E-002  0.152356E-002  0.504987E-003
  0.617724E+000  0.706754E+000  0.455678E-002  0.152758E-002  0.152758E-002  0.512092E-003
  0.620814E+000  0.710685E+000  0.451717E-002  0.153142E-002  0.153142E-002  0.519186E-003
  0.623903E+000  0.714617E+000  0.447795E-002  0.153517E-002  0.153517E-002  0.526297E-003
  0.626990E+000  0.718550E+000  0.443917E-002  0.153882E-002  0.153882E-002  0.533426E-003
  0.630076E+000  0.722483E+000  0.440038E-002  0.154225E-002  0.154225E-002  0.540528E-003
  0.633161E+000  0.726418E+000  0.436205E-002  0.154561E-002  0.154561E-002  0.547659E-003
  0.636245E+000  0.730354E+000  0.432417E-002  0.154892E-002  0.154892E-002  0.554823E-003
  0.639327E+000  0.734291E+000  0.428641E-002  0.155205E-002  0.155205E-002  0.561973E-003
  0.642407E+000  0.738230E+000  0.424905E-002  0.155510E-002  0.155510E-002  0.569149E-003
  0.645487E+000  0.742169E+000  0.421169E-002  0.155795E-002  0.155795E-002  0.576306E-003
  0.648564E+000  0.746110E+000  0.417463E-002  0.156070E-002  0.156070E-002  0.583473E-003
  0.651640E+000  0.750052E+000  0.413801E-002  0.156341E-002  0.156341E-002  0.590682E-003
  0.654715E+000  0.753995E+000  0.410138E-002  0.156591E-002  0.156591E-002  0.597868E-003
  0.657787E+000  0.757939E+000  0.406529E-002  0.156842E-002  0.156842E-002  0.605105E-003
  0.660858E+000  0.761885E+000  0.402965E-002  0.157090E-002  0.157090E-002  0.612392E-003
  0.663928E+000  0.765832E+000  0.399354E-002  0.157301E-002  0.157301E-002  0.619589E-003
  0.666996E+000  0.769780E+000  0.395809E-002  0.157518E-002  0.157518E-002  0.626867E-003
  0.670062E+000  0.773730E+000  0.392280E-002  0.157722E-002  0.157722E-002  0.634148E-003
  0.673126E+000  0.777681E+000  0.388777E-002  0.157919E-002  0.157919E-002  0.641454E-003
  0.676188E+000  0.781633E+000  0.385302E-002  0.158107E-002  0.158107E-002  0.648785E-003
  0.679248E+000  0.785587E+000  0.381843E-002  0.158284E-002  0.158284E-002  0.656127E-003
  0.682307E+000  0.789543E+000  0.378407E-002  0.158452E-002  0.158452E-002  0.663493E-003
  0.685363E+000  0.793500E+000  0.375026E-002  0.158625E-002  0.158625E-002  0.670936E-003
  0.688418E+000  0.797458E+000  0.371602E-002  0.158762E-002  0.158762E-002  0.678291E-003
  0.691471E+000  0.801418E+000  0.368245E-002  0.158910E-002  0.158910E-002  0.685750E-003
  0.694521E+000  0.805380E+000  0.364893E-002  0.159043E-002  0.159043E-002  0.693203E-003
  0.697570E+000  0.809343E+000  0.361557E-002  0.159164E-002  0.159164E-002  0.700673E-003
  0.700616E+000  0.813308E+000  0.358251E-002  0.159282E-002  0.159282E-002  0.708187E-003
  0.703660E+000  0.817274E+000  0.354961E-002  0.159390E-002  0.159390E-002  0.715717E-003
  0.706702E+000  0.821242E+000  0.351693E-002  0.159491E-002  0.159491E-002  0.723281E-003
  0.709742E+000  0.825212E+000  0.348446E-002  0.159584E-002  0.159584E-002  0.730877E-003
  0.712780E+000  0.829183E+000  0.345228E-002  0.159674E-002  0.159674E-002  0.738524E-003
  0.715815E+000  0.833157E+000  0.342017E-002  0.159751E-002  0.159751E-002  0.746173E-003
  0.718848E+000  0.837132E+000  0.338832E-002  0.159823E-002  0.159823E-002  0.753868E-003
  0.721879E+000  0.841108E+000  0.335655E-002  0.159883E-002  0.159883E-002  0.761575E-003
  0.724907E+000  0.845087E+000  0.332502E-002  0.159938E-002  0.159938E-002  0.769323E-003
  0.727933E+000  0.849067E+000  0.329367E-002  0.159985E-002  0.159985E-002  0.777107E-003
  0.730957E+000  0.853050E+000  0.326254E-002  0.160028E-002  0.160028E-002  0.784939E-003
  0.733978E+000  0.857034E+000  0.323163E-002  0.160065E-002  0.160065E-002  0.792814E-003
  0.736996E+000  0.861020E+000  0.320093E-002  0.160096E-002  0.160096E-002  0.800731E-003
  0.740012E+000  0.865008E+000  0.317037E-002  0.160120E-002  0.160120E-002  0.808683E-003
  0.743026E+000  0.868998E+000  0.314007E-002  0.160140E-002  0.160140E-002  0.816698E-003
  0.746036E+000  0.872990E+000  0.310993E-002  0.160153E-002  0.160153E-002  0.824747E-003
  0.749044E+000  0.876984E+000  0.308003E-002  0.160164E-002  0.160164E-002  0.832860E-003
  0.752050E+000  0.880980E+000  0.305009E-002  0.160157E-002  0.160157E-002  0.840964E-003
  0.755052E+000  0.884978E+000  0.302070E-002  0.160163E-002  0.160163E-002  0.849212E-003
  0.758052E+000  0.888978E+000  0.299120E-002  0.160149E-002  0.160149E-002  0.857436E-003
  0.761049E+000  0.892980E+000  0.296196E-002  0.160134E-002  0.160134E-002  0.865737E-003
  0.764043E+000  0.896984E+000  0.293295E-002  0.160116E-002  0.160116E-002  0.874104E-003
  0.767035E+000  0.900991E+000  0.290412E-002  0.160093E-002  0.160093E-002  0.882534E-003
  0.770023E+000  0.905000E+000  0.287562E-002  0.160074E-002  0.160074E-002  0.891068E-003
  0.773009E+000  0.909010E+000  0.284743E-002  0.160058E-002  0.160058E-002  0.899709E-003
  0.775991E+000  0.913024E+000  0.281888E-002  0.160007E-002  0.160007E-002  0.908243E-003
  0.778970E+000  0.917039E+000  0.279086E-002  0.159972E-002  0.159972E-002  0.916955E-003
  0.781946E+000  0.921057E+000  0.276316E-002  0.159940E-002  0.159940E-002  0.925786E-003
  0.784919E+000  0.925077E+000  0.273552E-002  0.159899E-002  0.159899E-002  0.934653E-003
  0.787889E+000  0.929099E+000  0.270800E-002  0.159850E-002  0.159850E-002  0.943578E-003
  0.790856E+000  0.933124E+000  0.268087E-002  0.159811E-002  0.159811E-002  0.952655E-003
  0.793819E+000  0.937152E+000  0.265384E-002  0.159764E-002  0.159764E-002  0.961789E-003
  0.796779E+000  0.941181E+000  0.262702E-002  0.159715E-002  0.159715E-002  0.971022E-003
  0.799735E+000  0.945214E+000  0.260063E-002  0.159679E-002  0.159679E-002  0.980436E-003
  0.802688E+000  0.949248E+000  0.257401E-002  0.159616E-002  0.159616E-002  0.989792E-003
  0.805638E+000  0.953286E+000  0.254782E-002  0.159567E-002  0.159567E-002  0.999348E-003
  0.808584E+000  0.957326E+000  0.252185E-002  0.159518E-002  0.159518E-002  0.100902E-002
  0.811526E+000  0.961368E+000  0.249611E-002  0.159470E-002  0.159470E-002  0.101882E-002
  0.814465E+000  0.965414E+000  0.247055E-002  0.159422E-002  0.159422E-002  0.102873E-002
  0.817400E+000  0.969462E+000  0.244527E-002  0.159379E-002  0.159379E-002  0.103880E-002
  0.820331E+000  0.973513E+000  0.242012E-002  0.159331E-002  0.159331E-002  0.104898E-002
  0.823258E+000  0.977566E+000  0.239536E-002  0.159298E-002  0.159298E-002  0.105937E-002
  0.826181E+000  0.981623E+000  0.237050E-002  0.159245E-002  0.159245E-002  0.106977E-002
  0.829100E+000  0.985682E+000  0.234606E-002  0.159209E-002  0.159209E-002  0.108042E-002
  0.832015E+000  0.989745E+000  0.232176E-002  0.159169E-002  0.159169E-002  0.109120E-002
  0.834926E+000  0.993810E+000  0.229775E-002  0.159139E-002  0.159139E-002  0.110218E-002
  0.837832E+000  0.997878E+000  0.227387E-002  0.159106E-002  0.159106E-002  0.111328E-002
  0.840734E+000  0.100195E+001  0.225034E-002  0.159086E-002  0.159086E-002  0.112464E-002
  0.843632E+000  0.100602E+001  0.223092E-002  0.159349E-002  0.159349E-002  0.113819E-002
  0.846525E+000  0.101010E+001  0.220431E-002  0.159087E-002  0.159087E-002  0.114814E-002
  0.849414E+000  0.101418E+001  0.218305E-002  0.159200E-002  0.159200E-002  0.116097E-002
  0.852298E+000  0.101827E+001  0.215892E-002  0.159093E-002  0.159093E-002  0.117237E-002
  0.855177E+000  0.102236E+001  0.214007E-002  0.159366E-002  0.159366E-002  0.118677E-002
  0.858052E+000  0.102645E+001  0.211428E-002  0.159114E-002  0.159114E-002  0.119744E-002
  0.860921E+000  0.103054E+001  0.209127E-002  0.159057E-002  0.159057E-002  0.120975E-002
  0.863785E+000  0.103464E+001  0.206879E-002  0.159029E-002  0.159029E-002  0.122247E-002
  0.866644E+000  0.103874E+001  0.204726E-002  0.159065E-002  0.159065E-002  0.123587E-002
  0.869498E+000  0.104285E+001  0.202718E-002  0.159205E-002  0.159205E-002  0.125032E-002
  0.872347E+000  0.104696E+001  0.200561E-002  0.159221E-002  0.159221E-002  0.126402E-002
  0.875190E+000  0.105107E+001  0.198278E-002  0.159125E-002  0.159125E-002  0.127704E-002
  0.878027E+000  0.105519E+001  0.196361E-002  0.159315E-002  0.159315E-002  0.129258E-002
  0.880859E+000  0.105931E+001  0.194131E-002  0.159244E-002  0.159244E-002  0.130626E-002
  0.883684E+000  0.106343E+001  0.192125E-002  0.159345E-002  0.159345E-002  0.132158E-002
  0.886504E+000  0.106756E+001  0.190026E-002  0.159362E-002  0.159362E-002  0.133646E-002
  0.889318E+000  0.107170E+001  0.188303E-002  0.159689E-002  0.159689E-002  0.135423E-002
  0.892125E+000  0.107583E+001  0.186011E-002  0.159526E-002  0.159526E-002  0.136811E-002
  0.894926E+000  0.107997E+001  0.184201E-002  0.159767E-002  0.159767E-002  0.138574E-002
  0.897721E+000  0.108412E+001  0.181919E-002  0.159591E-002  0.159591E-002  0.140003E-002
  0.900509E+000  0.108827E+001  0.179968E-002  0.159694E-002  0.159694E-002  0.141705E-002
  0.903290E+000  0.109243E+001  0.178202E-002  0.159957E-002  0.159957E-002  0.143580E-002
  0.906064E+000  0.109659E+001  0.176348E-002  0.160136E-002  0.160136E-002  0.145415E-002
  0.908831E+000  0.110075E+001  0.174067E-002  0.159918E-002  0.159918E-002  0.146919E-002
  0.911591E+000  0.110492E+001  0.172164E-002  0.160037E-002  0.160037E-002  0.148764E-002
  0.914344E+000  0.110909E+001  0.170352E-002  0.160234E-002  0.160234E-002  0.150717E-002
  0.917090E+000  0.111327E+001  0.168425E-002  0.160318E-002  0.160318E-002  0.152601E-002
  0.919827E+000  0.111746E+001  0.166721E-002  0.160608E-002  0.160608E-002  0.154719E-002
  0.922557E+000  0.112164E+001  0.164808E-002  0.160692E-002  0.160692E-002  0.156679E-002
  0.925280E+000  0.112584E+001  0.162595E-002  0.160473E-002  0.160473E-002  0.158379E-002
  0.927994E+000  0.113004E+001  0.160730E-002  0.160586E-002  0.160586E-002  0.160442E-002
  0.930700E+000  0.113424E+001  0.159001E-002  0.160830E-002  0.160830E-002  0.162679E-002
  0.933397E+000  0.113845E+001  0.157016E-002  0.160806E-002  0.160806E-002  0.164687E-002
  0.936087E+000  0.114267E+001  0.155106E-002  0.160851E-002  0.160851E-002  0.166809E-002
  0.938767E+000  0.114689E+001  0.153253E-002  0.160946E-002  0.160946E-002  0.169024E-002
  0.941439E+000  0.115111E+001  0.151621E-002  0.161268E-002  0.161268E-002  0.171529E-002
  0.944102E+000  0.115535E+001  0.149700E-002  0.161277E-002  0.161277E-002  0.173749E-002
  0.946756E+000  0.115958E+001  0.147740E-002  0.161233E-002  0.161233E-002  0.175958E-002
  0.949401E+000  0.116383E+001  0.145926E-002  0.161339E-002  0.161339E-002  0.178379E-002
  0.952037E+000  0.116808E+001  0.144151E-002  0.161480E-002  0.161480E-002  0.180892E-002
  0.954664E+000  0.117233E+001  0.141992E-002  0.161178E-002  0.161178E-002  0.182957E-002
  0.957281E+000  0.117659E+001  0.140138E-002  0.161208E-002  0.161208E-002  0.185445E-002
  0.959888E+000  0.118086E+001  0.138325E-002  0.161274E-002  0.161274E-002  0.188031E-002
  0.962486E+000  0.118513E+001  0.136349E-002  0.161139E-002  0.161139E-002  0.190436E-002
  0.965073E+000  0.118941E+001  0.134577E-002  0.161231E-002  0.161231E-002  0.193164E-002
  0.967651E+000  0.119369E+001  0.132614E-002  0.161083E-002  0.161083E-002  0.195663E-002
  0.970219E+000  0.119798E+001  0.130748E-002  0.161038E-002  0.161038E-002  0.198345E-002
  0.972777E+000  0.120228E+001  0.128815E-002  0.160895E-002  0.160895E-002  0.200964E-002
  0.975324E+000  0.120658E+001  0.126903E-002  0.160762E-002  0.160762E-002  0.203655E-002
  0.977861E+000  0.121089E+001  0.125025E-002  0.160656E-002  0.160656E-002  0.206440E-002
  0.980388E+000  0.121520E+001  0.123246E-002  0.160663E-002  0.160663E-002  0.209438E-002
  0.982904E+000  0.121952E+001  0.121349E-002  0.160500E-002  0.160500E-002  0.212281E-002
  0.985410E+000  0.122385E+001  0.119281E-002  0.160088E-002  0.160088E-002  0.214857E-002
  0.987905E+000  0.122818E+001  0.117511E-002  0.160058E-002  0.160058E-002  0.218009E-002
  0.990390E+000  0.123252E+001  0.115593E-002  0.159807E-002  0.159807E-002  0.220933E-002
  0.992863E+000  0.123687E+001  0.113564E-002  0.159378E-002  0.159378E-002  0.223673E-002
  0.995326E+000  0.124122E+001  0.111584E-002  0.158991E-002  0.158991E-002  0.226540E-002
  0.997778E+000  0.124558E+001  0.109766E-002  0.158811E-002  0.158811E-002  0.229770E-002
  0.100022E+001  0.124994E+001  0.107754E-002  0.158327E-002  0.158327E-002  0.232635E-002
  0.100265E+001  0.125431E+001  0.105799E-002  0.157894E-002  0.157894E-002  0.235642E-002
  0.100507E+001  0.125869E+001  0.103870E-002  0.157473E-002  0.157473E-002  0.238740E-002
  0.100748E+001  0.126307E+001  0.102045E-002  0.157184E-002  0.157184E-002  0.242117E-002
  0.100987E+001  0.126746E+001  0.101330E-002  0.158597E-002  0.158597E-002  0.248228E-002
  0.101226E+001  0.127185E+001  0.980418E-003  0.155957E-002  0.155957E-002  0.248085E-002
  0.101464E+001  0.127625E+001  0.968442E-003  0.156595E-002  0.156595E-002  0.253211E-002
  0.101700E+001  0.128066E+001  0.942362E-003  0.154908E-002  0.154908E-002  0.254642E-002
  0.101935E+001  0.128507E+001  0.925788E-003  0.154737E-002  0.154737E-002  0.258628E-002
  0.102169E+001  0.128949E+001  0.915180E-003  0.155557E-002  0.155557E-002  0.264407E-002
  0.102402E+001  0.129391E+001  0.891042E-003  0.154049E-002  0.154049E-002  0.266331E-002
  0.102634E+001  0.129834E+001  0.870909E-003  0.153176E-002  0.153176E-002  0.269408E-002
  0.102865E+001  0.130277E+001  0.845690E-003  0.151345E-002  0.151345E-002  0.270847E-002
  0.103095E+001  0.130721E+001  0.830288E-003  0.151218E-002  0.151218E-002  0.275410E-002
  0.103324E+001  0.131166E+001  0.817701E-003  0.151591E-002  0.151591E-002  0.281031E-002
  0.103551E+001  0.131611E+001  0.789938E-003  0.149083E-002  0.149083E-002  0.281361E-002
  0.103777E+001  0.132057E+001  0.772450E-003  0.148439E-002  0.148439E-002  0.285250E-002
  0.104003E+001  0.132504E+001  0.751583E-003  0.147103E-002  0.147103E-002  0.287917E-002
  0.104227E+001  0.132951E+001  0.732863E-003  0.146114E-002  0.146114E-002  0.291314E-002
  0.104450E+001  0.133398E+001  0.714239E-003  0.145088E-002  0.145088E-002  0.294725E-002
  0.104672E+001  0.133846E+001  0.696058E-003  0.144094E-002  0.144094E-002  0.298295E-002
  0.104893E+001  0.134295E+001  0.677459E-003  0.142954E-002  0.142954E-002  0.301653E-002
  0.105113E+001  0.134744E+001  0.661746E-003  0.142369E-002  0.142369E-002  0.306296E-002
  0.105331E+001  0.135193E+001  0.641553E-003  0.140746E-002  0.140746E-002  0.308773E-002
  0.105549E+001  0.135644E+001  0.623690E-003  0.139571E-002  0.139571E-002  0.312335E-002
  0.105765E+001  0.136094E+001  0.607723E-003  0.138747E-002  0.138747E-002  0.316768E-002
  0.105981E+001  0.136545E+001  0.592527E-003  0.138061E-002  0.138061E-002  0.321686E-002
  0.106195E+001  0.136997E+001  0.571173E-003  0.135846E-002  0.135846E-002  0.323094E-002
  0.106408E+001  0.137449E+001  0.555517E-003  0.134900E-002  0.134900E-002  0.327589E-002
  0.106621E+001  0.137902E+001  0.540834E-003  0.134147E-002  0.134147E-002  0.332735E-002
  0.106832E+001  0.138355E+001  0.523239E-003  0.132587E-002  0.132587E-002  0.335970E-002
  0.107042E+001  0.138809E+001  0.503942E-003  0.130495E-002  0.130495E-002  0.337912E-002
  0.107251E+001  0.139263E+001  0.488122E-003  0.129207E-002  0.129207E-002  0.342012E-002
  0.107459E+001  0.139718E+001  0.471028E-003  0.127493E-002  0.127493E-002  0.345083E-002
  0.107666E+001  0.140173E+001  0.456198E-003  0.126304E-002  0.126304E-002  0.349686E-002
  0.107872E+001  0.140629E+001  0.439895E-003  0.124618E-002  0.124618E-002  0.353032E-002
  0.108077E+001  0.141085E+001  0.426857E-003  0.123776E-002  0.123776E-002  0.358914E-002
  0.108280E+001  0.141541E+001  0.408756E-003  0.121352E-002  0.121352E-002  0.360269E-002
  0.108483E+001  0.141998E+001  0.393132E-003  0.119553E-002  0.119553E-002  0.363563E-002
  0.108685E+001  0.142456E+001  0.378253E-003  0.117872E-002  0.117872E-002  0.367316E-002
  0.108886E+001  0.142914E+001  0.364764E-003  0.116526E-002  0.116526E-002  0.372250E-002
  0.109085E+001  0.143372E+001  0.351534E-003  0.115156E-002  0.115156E-002  0.377230E-002
  0.109284E+001  0.143831E+001  0.335786E-003  0.112858E-002  0.112858E-002  0.379316E-002
  0.109482E+001  0.144290E+001  0.321717E-003  0.110991E-002  0.110991E-002  0.382917E-002
  0.109679E+001  0.144750E+001  0.308669E-003  0.109360E-002  0.109360E-002  0.387458E-002
  0.109875E+001  0.145210E+001  0.298304E-003  0.108589E-002  0.108589E-002  0.395288E-002
  0.110069E+001  0.145671E+001  0.285914E-003  0.106975E-002  0.106975E-002  0.400251E-002
  0.110263E+001  0.146131E+001  0.268529E-003  0.103336E-002  0.103336E-002  0.397661E-002
  0.110456E+001  0.146593E+001  0.256389E-003  0.101535E-002  0.101535E-002  0.402096E-002
  0.110648E+001  0.147054E+001  0.244383E-003  0.996534E-003  0.996534E-003  0.406362E-002
  0.110839E+001  0.147516E+001  0.232843E-003  0.978262E-003  0.978262E-003  0.411005E-002
  0.111029E+001  0.147979E+001  0.220139E-003  0.953534E-003  0.953534E-003  0.413024E-002
  0.111218E+001  0.148442E+001  0.208916E-003  0.933577E-003  0.933577E-003  0.417184E-002
  0.111406E+001  0.148905E+001  0.198080E-003  0.913823E-003  0.913823E-003  0.421584E-002
  0.111593E+001  0.149369E+001  0.191007E-003  0.910415E-003  0.910415E-003  0.433938E-002
  0.111780E+001  0.149833E+001  0.176346E-003  0.869241E-003  0.869241E-003  0.428464E-002
  0.111965E+001  0.150297E+001  0.166698E-003  0.850299E-003  0.850299E-003  0.433724E-002
  0.112150E+001  0.150762E+001  0.156276E-003  0.825779E-003  0.825779E-003  0.436351E-002
  0.112333E+001  0.151227E+001  0.149233E-003  0.817504E-003  0.817504E-003  0.447830E-002
  0.112516E+001  0.151692E+001  0.137425E-003  0.781373E-003  0.781373E-003  0.444274E-002
  0.112698E+001  0.152158E+001  0.128401E-003  0.758559E-003  0.758559E-003  0.448136E-002
  0.112879E+001  0.152624E+001  0.119701E-003  0.735596E-003  0.735596E-003  0.452044E-002
  0.113059E+001  0.153090E+001  0.111359E-003  0.712710E-003  0.712710E-003  0.456140E-002
  0.113239E+001  0.153557E+001  0.104009E-003  0.694332E-003  0.694332E-003  0.463515E-002
  0.113417E+001  0.154024E+001  0.952854E-004  0.664262E-003  0.664262E-003  0.463075E-002
  0.113595E+001  0.154492E+001  0.877233E-004  0.639745E-003  0.639745E-003  0.466549E-002
  0.113772E+001  0.154959E+001  0.814312E-004  0.622264E-003  0.622264E-003  0.475508E-002
  0.113948E+001  0.155427E+001  0.743182E-004  0.596134E-003  0.596134E-003  0.478181E-002
  0.114123E+001  0.155895E+001  0.673603E-004  0.568278E-003  0.568278E-003  0.479420E-002
  0.114297E+001  0.156364E+001  0.615761E-004  0.547516E-003  0.547516E-003  0.486833E-002
  0.114471E+001  0.156833E+001  0.549996E-004  0.516800E-003  0.516800E-003  0.485606E-002
  0.114644E+001  0.157302E+001  0.493566E-004  0.491379E-003  0.491379E-003  0.489198E-002
  0.114816E+001  0.157772E+001  0.442325E-004  0.467920E-003  0.467920E-003  0.494994E-002
  0.114987E+001  0.158241E+001  0.394038E-004  0.444349E-003  0.444349E-003  0.501081E-002
  0.115158E+001  0.158711E+001  0.343248E-004  0.414282E-003  0.414282E-003  0.500013E-002
  0.115328E+001  0.159181E+001  0.300572E-004  0.389886E-003  0.389886E-003  0.505735E-002
  0.115497E+001  0.159652E+001  0.258720E-004  0.362387E-003  0.362387E-003  0.507586E-002
  0.115666E+001  0.160123E+001  0.223323E-004  0.339792E-003  0.339792E-003  0.516999E-002
  0.115833E+001  0.160594E+001  0.187681E-004  0.312029E-003  0.312029E-003  0.518756E-002
  0.116000E+001  0.161065E+001  0.155228E-004  0.284287E-003  0.284287E-003  0.520638E-002
  0.116167E+001  0.161537E+001  0.126216E-004  0.257133E-003  0.257133E-003  0.523837E-002
  0.116332E+001  0.162008E+001  0.100270E-004  0.229644E-003  0.229644E-003  0.525933E-002
  0.116497E+001  0.162480E+001  0.775191E-005  0.202561E-003  0.202561E-003  0.529287E-002
  0.116662E+001  0.162953E+001  0.579061E-005  0.175981E-003  0.175981E-003  0.534801E-002
  0.116825E+001  0.163425E+001  0.411081E-005  0.148761E-003  0.148761E-003  0.538308E-002
  0.116988E+001  0.163898E+001  0.273952E-005  0.122348E-003  0.122348E-003  0.546373E-002
  0.117151E+001  0.164371E+001  0.160227E-005  0.932771E-004  0.932771E-004  0.542951E-002
  0.117313E+001  0.164844E+001  0.799520E-006  0.664909E-004  0.664909E-004  0.552824E-002
  0.117474E+001  0.165317E+001  0.266254E-006  0.384160E-004  0.384160E-004  0.553863E-002
  0.117634E+001  0.165791E+001  0.201084E-007  0.106605E-004  0.106605E-004  0.559644E-002
  0.117794E+001  0.166264E+001  0.531359E-007  0.172189E-004  0.172189E-004  0.555916E-002
  0.117954E+001  0.166738E+001  0.369614E-006  0.458222E-004  0.458222E-004  0.567770E-002
  0.118112E+001  0.167212E+001  0.952135E-006  0.735231E-004  0.735231E-004  0.567622E-002
  0.118271E+001  0.167687E+001  0.179918E-005  0.100879E-003  0.100879E-003  0.565565E-002
  0.118428E+001  0.168161E+001  0.294891E-005  0.130314E-003  0.130314E-003  0.575825E-002
  0.118586E+001  0.168636E+001  0.433224E-005  0.157967E-003  0.157967E-003  0.575974E-002
  0.118742E+001  0.169111E+001  0.599429E-005  0.186558E-003  0.186558E-003  0.580601E-002
  0.118898E+001  0.169586E+001  0.797351E-005  0.216624E-003  0.216624E-003  0.588509E-002
  0.119054E+001  0.170061E+001  0.995703E-005  0.240182E-003  0.240182E-003  0.579353E-002
  0.119209E+001  0.170536E+001  0.123446E-004  0.268095E-003  0.268095E-003  0.582229E-002
  0.119364E+001  0.171012E+001  0.150793E-004  0.297974E-003  0.297974E-003  0.588803E-002
  0.119518E+001  0.171487E+001  0.180807E-004  0.328094E-003  0.328094E-003  0.595356E-002
  0.119671E+001  0.171963E+001  0.211664E-004  0.355423E-003  0.355423E-003  0.596816E-002
  0.119825E+001  0.172439E+001  0.248803E-004  0.388773E-003  0.388773E-003  0.607480E-002
  0.119977E+001  0.172915E+001  0.279349E-004  0.408673E-003  0.408673E-003  0.597863E-002
  0.120129E+001  0.173391E+001  0.320370E-004  0.440767E-003  0.440767E-003  0.606405E-002
  0.120281E+001  0.173868E+001  0.361432E-004  0.469480E-003  0.469480E-003  0.609825E-002
  0.120433E+001  0.174344E+001  0.404766E-004  0.498126E-003  0.498126E-003  0.613017E-002
  0.120584E+001  0.174821E+001  0.447130E-004  0.523123E-003  0.523123E-003  0.612030E-002
  0.120734E+001  0.175298E+001  0.493856E-004  0.550981E-003  0.550981E-003  0.614710E-002
  0.120884E+001  0.175775E+001  0.551204E-004  0.587870E-003  0.587870E-003  0.626972E-002
  0.121034E+001  0.176252E+001  0.591348E-004  0.604247E-003  0.604247E-003  0.617426E-002
  0.121184E+001  0.176729E+001  0.650648E-004  0.638272E-003  0.638272E-003  0.626129E-002
  0.121333E+001  0.177206E+001  0.710704E-004  0.670746E-003  0.670746E-003  0.633033E-002
  0.121481E+001  0.177684E+001  0.758533E-004  0.690075E-003  0.690075E-003  0.627793E-002
  0.121629E+001  0.178161E+001  0.825982E-004  0.725464E-003  0.725464E-003  0.637177E-002
  0.121777E+001  0.178639E+001  0.892301E-004  0.757710E-003  0.757710E-003  0.643418E-002
  0.121925E+001  0.179116E+001  0.927376E-004  0.762381E-003  0.762381E-003  0.626740E-002
  0.122072E+001  0.179594E+001  0.994612E-004  0.792728E-003  0.792728E-003  0.631821E-002
  0.122219E+001  0.180072E+001  0.105746E-003  0.818059E-003  0.818059E-003  0.632857E-002
  0.122366E+001  0.180550E+001  0.112237E-003  0.843672E-003  0.843672E-003  0.634180E-002
  0.122512E+001  0.181028E+001  0.118704E-003  0.868042E-003  0.868042E-003  0.634767E-002
  0.122658E+001  0.181506E+001  0.125457E-003  0.893325E-003  0.893325E-003  0.636098E-002
  0.122804E+001  0.181985E+001  0.132379E-003  0.918670E-003  0.918670E-003  0.637526E-002
  0.122949E+001  0.182463E+001  0.141441E-003  0.957577E-003  0.957577E-003  0.648292E-002
  0.123095E+001  0.182942E+001  0.148175E-003  0.979256E-003  0.979256E-003  0.647169E-002
  0.123239E+001  0.183420E+001  0.157492E-003  0.101711E-002  0.101711E-002  0.656863E-002
  0.123384E+001  0.183899E+001  0.162358E-003  0.102518E-002  0.102518E-002  0.647330E-002
  0.123529E+001  0.184377E+001  0.175944E-003  0.108695E-002  0.108695E-002  0.671492E-002
  0.123673E+001  0.184856E+001  0.179456E-003  0.108552E-002  0.108552E-002  0.656619E-002
  0.123817E+001  0.185335E+001  0.187839E-003  0.111318E-002  0.111318E-002  0.659696E-002
  0.123960E+001  0.185814E+001  0.194857E-003  0.113215E-002  0.113215E-002  0.657795E-002
  0.124104E+001  0.186293E+001  0.201302E-003  0.114714E-002  0.114714E-002  0.653709E-002
  0.124247E+001  0.186772E+001  0.208663E-003  0.116701E-002  0.116701E-002  0.652690E-002
  0.124390E+001  0.187251E+001  0.216916E-003  0.119123E-002  0.119123E-002  0.654188E-002
  0.124533E+001  0.187730E+001  0.225274E-003  0.121533E-002  0.121533E-002  0.655661E-002
  0.124676E+001  0.188209E+001  0.240322E-003  0.127424E-002  0.127424E-002  0.675630E-002
  0.124818E+001  0.188689E+001  0.242652E-003  0.126518E-002  0.126518E-002  0.659664E-002
  0.124960E+001  0.189168E+001  0.254524E-003  0.130553E-002  0.130553E-002  0.669645E-002
  0.125103E+001  0.189647E+001  0.269554E-003  0.136055E-002  0.136055E-002  0.686728E-002
  0.125244E+001  0.190127E+001  0.276398E-003  0.137365E-002  0.137365E-002  0.682681E-002
  0.125386E+001  0.190606E+001  0.277200E-003  0.135680E-002  0.135680E-002  0.664112E-002
  0.125528E+001  0.191086E+001  0.284599E-003  0.137244E-002  0.137244E-002  0.661837E-002
  0.125669E+001  0.191565E+001  0.297250E-003  0.141288E-002  0.141288E-002  0.671568E-002
  0.125811E+001  0.192045E+001  0.303198E-003  0.142080E-002  0.142080E-002  0.665794E-002
  0.125952E+001  0.192525E+001  0.311910E-003  0.144158E-002  0.144158E-002  0.666264E-002
  0.126093E+001  0.193004E+001  0.319977E-003  0.145901E-002  0.145901E-002  0.665274E-002
  0.126234E+001  0.193484E+001  0.329458E-003  0.148252E-002  0.148252E-002  0.667114E-002
  0.126375E+001  0.193964E+001  0.337909E-003  0.150100E-002  0.150100E-002  0.666746E-002
  0.126516E+001  0.194443E+001  0.352350E-003  0.154545E-002  0.154545E-002  0.677850E-002
  0.126656E+001  0.194923E+001  0.360295E-003  0.156095E-002  0.156095E-002  0.676268E-002
  0.126797E+001  0.195403E+001  0.364595E-003  0.156050E-002  0.156050E-002  0.667910E-002
  0.126937E+001  0.195883E+001  0.382817E-003  0.161924E-002  0.161924E-002  0.684910E-002
  0.127078E+001  0.196363E+001  0.383213E-003  0.160212E-002  0.160212E-002  0.669809E-002
  0.127218E+001  0.196843E+001  0.393353E-003  0.162596E-002  0.162596E-002  0.672101E-002
  0.127358E+001  0.197323E+001  0.410088E-003  0.167637E-002  0.167637E-002  0.685273E-002
  0.127499E+001  0.197803E+001  0.416789E-003  0.168514E-002  0.168514E-002  0.681329E-002
  0.127639E+001  0.198283E+001  0.422637E-003  0.169060E-002  0.169060E-002  0.676260E-002
  0.127779E+001  0.198763E+001  0.430823E-003  0.170535E-002  0.170535E-002  0.675039E-002
  0.127919E+001  0.199243E+001  0.440630E-003  0.172630E-002  0.172630E-002  0.676330E-002
  0.128059E+001  0.199723E+001  0.452469E-003  0.175486E-002  0.175486E-002  0.680608E-002
  0.128198E+001  0.200203E+001  0.469095E-003  0.180152E-002  0.180152E-002  0.691856E-002
  0.128338E+001  0.200683E+001  0.469954E-003  0.178733E-002  0.178733E-002  0.679757E-002
  0.128478E+001  0.201163E+001  0.473452E-003  0.178351E-002  0.178351E-002  0.671850E-002
  0.128618E+001  0.201643E+001  0.482268E-003  0.179974E-002  0.179974E-002  0.671634E-002
  0.128758E+001  0.202123E+001  0.499417E-003  0.184664E-002  0.184664E-002  0.682814E-002
  0.128897E+001  0.202603E+001  0.505087E-003  0.185090E-002  0.185090E-002  0.678263E-002
  0.129037E+001  0.203083E+001  0.508169E-003  0.184570E-002  0.184570E-002  0.670369E-002
  0.129177E+001  0.203563E+001  0.523966E-003  0.188652E-002  0.188652E-002  0.679234E-002
  0.129316E+001  0.204043E+001  0.532443E-003  0.190077E-002  0.190077E-002  0.678554E-002
  0.129456E+001  0.204523E+001  0.534624E-003  0.189251E-002  0.189251E-002  0.669930E-002
  0.129596E+001  0.205003E+001  0.552103E-003  0.193824E-002  0.193824E-002  0.680450E-002
  0.129735E+001  0.205484E+001  0.575109E-003  0.200273E-002  0.200273E-002  0.697421E-002
  0.129875E+001  0.205964E+001  0.564855E-003  0.195132E-002  0.195132E-002  0.674090E-002
  0.130015E+001  0.206444E+001  0.569726E-003  0.195269E-002  0.195269E-002  0.669269E-002
  0.130155E+001  0.206924E+001  0.587880E-003  0.199935E-002  0.199935E-002  0.679970E-002
  0.130294E+001  0.207404E+001  0.594485E-003  0.200657E-002  0.200657E-002  0.677279E-002
  0.130434E+001  0.207884E+001  0.595424E-003  0.199472E-002  0.199472E-002  0.668250E-002
  0.130574E+001  0.208364E+001  0.605146E-003  0.201239E-002  0.201239E-002  0.669214E-002
  0.130714E+001  0.208844E+001  0.620972E-003  0.205009E-002  0.205009E-002  0.676819E-002
  0.130854E+001  0.209324E+001  0.640260E-003  0.209872E-002  0.209872E-002  0.687945E-002
  0.130993E+001  0.209804E+001  0.638375E-003  0.207799E-002  0.207799E-002  0.676414E-002
  0.131133E+001  0.210284E+001  0.642838E-003  0.207810E-002  0.207810E-002  0.671785E-002
  0.131273E+001  0.210764E+001  0.649804E-003  0.208637E-002  0.208637E-002  0.669882E-002
  0.131413E+001  0.211244E+001  0.658778E-003  0.210105E-002  0.210105E-002  0.670090E-002
  0.131553E+001  0.211724E+001  0.670490E-003  0.212434E-002  0.212434E-002  0.673064E-002
  0.131694E+001  0.212204E+001  0.691796E-003  0.217756E-002  0.217756E-002  0.685425E-002
  0.131834E+001  0.212684E+001  0.686306E-003  0.214650E-002  0.214650E-002  0.671344E-002
  0.131974E+001  0.213164E+001  0.685708E-003  0.213117E-002  0.213117E-002  0.662363E-002
  0.132114E+001  0.213644E+001  0.697924E-003  0.215572E-002  0.215572E-002  0.665852E-002
  0.132255E+001  0.214124E+001  0.711802E-003  0.218510E-002  0.218510E-002  0.670788E-002
  0.132395E+001  0.214604E+001  0.709543E-003  0.216510E-002  0.216510E-002  0.660661E-002
  0.132536E+001  0.215084E+001  0.726749E-003  0.220441E-002  0.220441E-002  0.668650E-002
  0.132676E+001  0.215563E+001  0.723964E-003  0.218317E-002  0.218317E-002  0.658354E-002
  0.132817E+001  0.216043E+001  0.739980E-003  0.221858E-002  0.221858E-002  0.665166E-002
  0.132957E+001  0.216523E+001  0.759109E-003  0.226307E-002  0.226307E-002  0.674668E-002
  0.133098E+001  0.217003E+001  0.757662E-003  0.224608E-002  0.224608E-002  0.665848E-002
  0.133239E+001  0.217482E+001  0.753897E-003  0.222256E-002  0.222256E-002  0.655233E-002
  0.133380E+001  0.217962E+001  0.761961E-003  0.223410E-002  0.223410E-002  0.655044E-002
  0.133521E+001  0.218442E+001  0.774358E-003  0.225825E-002  0.225825E-002  0.658569E-002
  0.133662E+001  0.218922E+001  0.800360E-003  0.232172E-002  0.232172E-002  0.673494E-002
  0.133804E+001  0.219401E+001  0.798493E-003  0.230413E-002  0.230413E-002  0.664877E-002
  0.133945E+001  0.219881E+001  0.789897E-003  0.226759E-002  0.226759E-002  0.650968E-002
  0.134086E+001  0.220360E+001  0.806426E-003  0.230330E-002  0.230330E-002  0.657864E-002
  0.134228E+001  0.220840E+001  0.803561E-003  0.228355E-002  0.228355E-002  0.648937E-002
  0.134370E+001  0.221319E+001  0.834373E-003  0.235934E-002  0.235934E-002  0.667143E-002
  0.134511E+001  0.221799E+001  0.832585E-003  0.234282E-002  0.234282E-002  0.659251E-002
  0.134653E+001  0.222278E+001  0.825352E-003  0.231125E-002  0.231125E-002  0.647224E-002
  0.134795E+001  0.222758E+001  0.837050E-003  0.233284E-002  0.233284E-002  0.650156E-002
  0.134937E+001  0.223237E+001  0.841779E-003  0.233499E-002  0.233499E-002  0.647696E-002
  0.135079E+001  0.223717E+001  0.879476E-003  0.242824E-002  0.242824E-002  0.670441E-002
  0.135222E+001  0.224196E+001  0.853730E-003  0.234630E-002  0.234630E-002  0.644831E-002
  0.135364E+001  0.224675E+001  0.858152E-003  0.234781E-002  0.234781E-002  0.642335E-002
  0.135507E+001  0.225154E+001  0.879151E-003  0.239448E-002  0.239448E-002  0.652166E-002
  0.135649E+001  0.225634E+001  0.891881E-003  0.241848E-002  0.241848E-002  0.655809E-002
  0.135792E+001  0.226113E+001  0.878903E-003  0.237288E-002  0.237288E-002  0.640636E-002
  0.135935E+001  0.226592E+001  0.881402E-003  0.236938E-002  0.236938E-002  0.636935E-002
  0.136078E+001  0.227071E+001  0.887316E-003  0.237514E-002  0.237514E-002  0.635768E-002
  0.136221E+001  0.227550E+001  0.895667E-003  0.238743E-002  0.238743E-002  0.636379E-002
  0.136364E+001  0.228029E+001  0.917118E-003  0.243449E-002  0.243449E-002  0.646235E-002
  0.136508E+001  0.228508E+001  0.908073E-003  0.240056E-002  0.240056E-002  0.634605E-002
  0.136651E+001  0.228987E+001  0.924309E-003  0.243362E-002  0.243362E-002  0.640751E-002
  0.136795E+001  0.229466E+001  0.916566E-003  0.240356E-002  0.240356E-002  0.630298E-002
  0.136939E+001  0.229945E+001  0.923325E-003  0.241170E-002  0.241170E-002  0.629929E-002
  0.137083E+001  0.230424E+001  0.929479E-003  0.241828E-002  0.241828E-002  0.629181E-002
  0.137227E+001  0.230903E+001  0.932977E-003  0.241802E-002  0.241802E-002  0.626684E-002
  0.137371E+001  0.231381E+001  0.938541E-003  0.242317E-002  0.242317E-002  0.625627E-002
  0.137515E+001  0.231860E+001  0.959216E-003  0.246724E-002  0.246724E-002  0.634608E-002
  0.137660E+001  0.232339E+001  0.949169E-003  0.243226E-002  0.243226E-002  0.623272E-002
  0.137804E+001  0.232817E+001  0.970222E-003  0.247709E-002  0.247709E-002  0.632431E-002
  0.137949E+001  0.233296E+001  0.967240E-003  0.246047E-002  0.246047E-002  0.625896E-002
  0.138094E+001  0.233774E+001  0.964467E-003  0.244458E-002  0.244458E-002  0.619613E-002
  0.138239E+001  0.234253E+001  0.974068E-003  0.246013E-002  0.246013E-002  0.621336E-002
  0.138384E+001  0.234731E+001  0.981658E-003  0.247058E-002  0.247058E-002  0.621784E-002
  0.138530E+001  0.235210E+001  0.984694E-003  0.246957E-002  0.246957E-002  0.619355E-002
  0.138675E+001  0.235688E+001  0.986476E-003  0.246555E-002  0.246555E-002  0.616228E-002
  0.138821E+001  0.236166E+001  0.999915E-003  0.249062E-002  0.249062E-002  0.620370E-002
  0.138967E+001  0.236645E+001  0.100463E-002  0.249392E-002  0.249392E-002  0.619099E-002
  0.139113E+001  0.237123E+001  0.102144E-002  0.252723E-002  0.252723E-002  0.625280E-002
  0.139259E+001  0.237601E+001  0.102370E-002  0.252448E-002  0.252448E-002  0.622545E-002
  0.139405E+001  0.238079E+001  0.101397E-002  0.249236E-002  0.249236E-002  0.612628E-002
  0.139551E+001  0.238557E+001  0.101306E-002  0.248213E-002  0.248213E-002  0.608154E-002
  0.139698E+001  0.239035E+001  0.103110E-002  0.251826E-002  0.251826E-002  0.615036E-002
  0.139844E+001  0.239513E+001  0.103189E-002  0.251228E-002  0.251228E-002  0.611650E-002
  0.139991E+001  0.239991E+001  0.102842E-002  0.249603E-002  0.249603E-002  0.605798E-002
  0.140138E+001  0.240469E+001  0.103396E-002  0.250174E-002  0.250174E-002  0.605312E-002
  0.140285E+001  0.240947E+001  0.105222E-002  0.253816E-002  0.253816E-002  0.612253E-002
  0.140433E+001  0.241425E+001  0.104214E-002  0.250621E-002  0.250621E-002  0.602713E-002
  0.140580E+001  0.241903E+001  0.105360E-002  0.252623E-002  0.252623E-002  0.605719E-002
  0.140728E+001  0.242380E+001  0.105242E-002  0.251592E-002  0.251592E-002  0.601461E-002
  0.140876E+001  0.242858E+001  0.106373E-002  0.253552E-002  0.253552E-002  0.604371E-002
  0.141024E+001  0.243336E+001  0.106259E-002  0.252549E-002  0.252549E-002  0.600237E-002
  0.141172E+001  0.243813E+001  0.107132E-002  0.253893E-002  0.253893E-002  0.601706E-002
  0.141320E+001  0.244291E+001  0.106089E-002  0.250712E-002  0.250712E-002  0.592485E-002
  0.141468E+001  0.244768E+001  0.107732E-002  0.253881E-002  0.253881E-002  0.598297E-002
  0.141617E+001  0.245246E+001  0.106934E-002  0.251298E-002  0.251298E-002  0.590561E-002
  0.141766E+001  0.245723E+001  0.107797E-002  0.252629E-002  0.252629E-002  0.592055E-002
  0.141915E+001  0.246200E+001  0.109525E-002  0.255982E-002  0.255982E-002  0.598278E-002
  0.142064E+001  0.246678E+001  0.107987E-002  0.251708E-002  0.251708E-002  0.586707E-002
  0.142213E+001  0.247155E+001  0.108218E-002  0.251574E-002  0.251574E-002  0.584835E-002
  0.142362E+001  0.247632E+001  0.110458E-002  0.256106E-002  0.256106E-002  0.593803E-002
  0.142512E+001  0.248109E+001  0.108869E-002  0.251760E-002  0.251760E-002  0.582197E-002
  0.142662E+001  0.248586E+001  0.110397E-002  0.254632E-002  0.254632E-002  0.587312E-002
  0.142812E+001  0.249063E+001  0.111607E-002  0.256763E-002  0.256763E-002  0.590709E-002
  0.142962E+001  0.249540E+001  0.111204E-002  0.255188E-002  0.255188E-002  0.585598E-002
  0.143112E+001  0.250017E+001  0.110204E-002  0.252258E-002  0.252258E-002  0.577423E-002
  0.143262E+001  0.250494E+001  0.111810E-002  0.255300E-002  0.255300E-002  0.582937E-002
  0.143413E+001  0.250971E+001  0.110718E-002  0.252182E-002  0.252182E-002  0.574394E-002
  0.143564E+001  0.251447E+001  0.114159E-002  0.259385E-002  0.259385E-002  0.589358E-002
  0.143714E+001  0.251924E+001  0.113783E-002  0.257909E-002  0.257909E-002  0.584597E-002
  0.143866E+001  0.252401E+001  0.112984E-002  0.255483E-002  0.255483E-002  0.577704E-002
  0.144017E+001  0.252877E+001  0.112925E-002  0.254745E-002  0.254745E-002  0.574673E-002
  0.144168E+001  0.253354E+001  0.112766E-002  0.253792E-002  0.253792E-002  0.571182E-002
  0.144320E+001  0.253830E+001  0.113762E-002  0.255436E-002  0.255436E-002  0.573544E-002
  0.144471E+001  0.254307E+001  0.116375E-002  0.260703E-002  0.260703E-002  0.584029E-002
  0.144623E+001  0.254783E+001  0.114320E-002  0.255516E-002  0.255516E-002  0.571103E-002
  0.144775E+001  0.255259E+001  0.114335E-002  0.254972E-002  0.254972E-002  0.568601E-002
  0.144928E+001  0.255736E+001  0.113902E-002  0.253436E-002  0.253436E-002  0.563904E-002
  0.145080E+001  0.256212E+001  0.113879E-002  0.252825E-002  0.252825E-002  0.561301E-002
  0.145233E+001  0.256688E+001  0.115214E-002  0.255225E-002  0.255225E-002  0.565380E-002
  0.145385E+001  0.257164E+001  0.115710E-002  0.255769E-002  0.255769E-002  0.565359E-002
  0.145538E+001  0.257640E+001  0.115202E-002  0.254096E-002  0.254096E-002  0.560448E-002
  0.145691E+001  0.258116E+001  0.116023E-002  0.255361E-002  0.255361E-002  0.562037E-002
  0.145845E+001  0.258592E+001  0.116419E-002  0.255687E-002  0.255687E-002  0.561558E-002
  0.145998E+001  0.259068E+001  0.115137E-002  0.252343E-002  0.252343E-002  0.553053E-002
  0.146152E+001  0.259544E+001  0.116107E-002  0.253938E-002  0.253938E-002  0.555391E-002
  0.146305E+001  0.260019E+001  0.116100E-002  0.253404E-002  0.253404E-002  0.553086E-002
  0.146459E+001  0.260495E+001  0.116405E-002  0.253550E-002  0.253550E-002  0.552276E-002
  0.146613E+001  0.260971E+001  0.118260E-002  0.257070E-002  0.257070E-002  0.558810E-002
  0.146768E+001  0.261446E+001  0.118626E-002  0.257346E-002  0.257346E-002  0.558284E-002
  0.146922E+001  0.261922E+001  0.116414E-002  0.252047E-002  0.252047E-002  0.545705E-002
  0.147077E+001  0.262398E+001  0.116662E-002  0.252085E-002  0.252085E-002  0.544710E-002
  0.147231E+001  0.262873E+001  0.119494E-002  0.257703E-002  0.257703E-002  0.555770E-002
  0.147386E+001  0.263348E+001  0.117960E-002  0.253903E-002  0.253903E-002  0.546514E-002
  0.147542E+001  0.263824E+001  0.118432E-002  0.254429E-002  0.254429E-002  0.546590E-002
  0.147697E+001  0.264299E+001  0.117508E-002  0.251965E-002  0.251965E-002  0.540271E-002
  0.147852E+001  0.264774E+001  0.117861E-002  0.252247E-002  0.252247E-002  0.539860E-002
  0.148008E+001  0.265249E+001  0.118112E-002  0.252310E-002  0.252310E-002  0.538984E-002
  0.148164E+001  0.265724E+001  0.120256E-002  0.256415E-002  0.256415E-002  0.546739E-002
  0.148320E+001  0.266200E+001  0.118365E-002  0.251919E-002  0.251919E-002  0.536165E-002
  0.148476E+001  0.266675E+001  0.118112E-002  0.250923E-002  0.250923E-002  0.533075E-002
  0.148632E+001  0.267149E+001  0.118305E-002  0.250882E-002  0.250882E-002  0.532029E-002
  0.148789E+001  0.267624E+001  0.122549E-002  0.259415E-002  0.259415E-002  0.549137E-002
  0.148945E+001  0.268099E+001  0.118527E-002  0.250459E-002  0.250459E-002  0.529243E-002
  0.149102E+001  0.268574E+001  0.118653E-002  0.250283E-002  0.250283E-002  0.527941E-002
  0.149259E+001  0.269049E+001  0.118754E-002  0.250059E-002  0.250059E-002  0.526549E-002
  0.149416E+001  0.269523E+001  0.118980E-002  0.250105E-002  0.250105E-002  0.525736E-002
  0.149573E+001  0.269998E+001  0.120258E-002  0.252358E-002  0.252358E-002  0.529565E-002
  0.149731E+001  0.270473E+001  0.119176E-002  0.249661E-002  0.249661E-002  0.523012E-002
  0.149888E+001  0.270947E+001  0.121201E-002  0.253478E-002  0.253478E-002  0.530119E-002
  0.150046E+001  0.271421E+001  0.119454E-002  0.249405E-002  0.249405E-002  0.520728E-002
