  0.526220E+000  0.296998E-001  0.269654E-002  0.356905E-003  0.356905E-003  0.472392E-004
  0.526220E+000  0.296998E-001  0.269654E-002  0.356905E-003  0.356905E-003  0.472392E-004
  0.526490E+000  0.346925E-001  0.230068E-002  0.356001E-003  0.356001E-003  0.550868E-004
  0.526800E+000  0.396829E-001  0.199105E-002  0.352518E-003  0.352518E-003  0.624143E-004
  0.527151E+000  0.446705E-001  0.175941E-002  0.350847E-003  0.350847E-003  0.699633E-004
  0.527543E+000  0.496552E-001  0.157066E-002  0.348427E-003  0.348427E-003  0.772931E-004
  0.527975E+000  0.546365E-001  0.141831E-002  0.346468E-003  0.346468E-003  0.846362E-004
  0.528446E+000  0.596142E-001  0.128759E-002  0.343446E-003  0.343446E-003  0.916094E-004
  0.528957E+000  0.645881E-001  0.117769E-002  0.340667E-003  0.340667E-003  0.985436E-004
  0.529506E+000  0.695578E-001  0.108425E-002  0.338081E-003  0.338081E-003  0.105418E-003
  0.530094E+000  0.745231E-001  0.100075E-002  0.334692E-003  0.334692E-003  0.111934E-003
  0.530720E+000  0.794838E-001  0.927341E-003  0.331182E-003  0.331182E-003  0.118275E-003
  0.531383E+000  0.844396E-001  0.862667E-003  0.327707E-003  0.327707E-003  0.124488E-003
  0.532083E+000  0.893904E-001  0.804879E-003  0.324126E-003  0.324126E-003  0.130526E-003
  0.532819E+000  0.943360E-001  0.752692E-003  0.320344E-003  0.320344E-003  0.136337E-003
  0.533590E+000  0.992761E-001  0.705933E-003  0.316654E-003  0.316654E-003  0.142038E-003
  0.534397E+000  0.104211E+000  0.662376E-003  0.312406E-003  0.312406E-003  0.147345E-003
  0.535238E+000  0.109139E+000  0.622966E-003  0.308254E-003  0.308254E-003  0.152529E-003
  0.536113E+000  0.114062E+000  0.586745E-003  0.303994E-003  0.303994E-003  0.157500E-003
  0.537021E+000  0.118979E+000  0.553623E-003  0.299787E-003  0.299787E-003  0.162335E-003
  0.537962E+000  0.123890E+000  0.522556E-003  0.295263E-003  0.295263E-003  0.166834E-003
  0.538935E+000  0.128794E+000  0.493670E-003  0.290627E-003  0.290627E-003  0.171094E-003
  0.539939E+000  0.133692E+000  0.467110E-003  0.286113E-003  0.286113E-003  0.175249E-003
  0.540974E+000  0.138584E+000  0.442250E-003  0.281489E-003  0.281489E-003  0.179165E-003
  0.542040E+000  0.143469E+000  0.418760E-003  0.276656E-003  0.276656E-003  0.182774E-003
  0.543134E+000  0.148348E+000  0.397003E-003  0.271934E-003  0.271934E-003  0.186265E-003
  0.544258E+000  0.153220E+000  0.376325E-003  0.267001E-003  0.267001E-003  0.189435E-003
  0.545410E+000  0.158085E+000  0.357025E-003  0.262137E-003  0.262137E-003  0.192467E-003
  0.546590E+000  0.162944E+000  0.338876E-003  0.257269E-003  0.257269E-003  0.195314E-003
  0.547797E+000  0.167796E+000  0.321785E-003  0.252400E-003  0.252400E-003  0.197976E-003
  0.549030E+000  0.172642E+000  0.305557E-003  0.247442E-003  0.247442E-003  0.200380E-003
  0.550290E+000  0.177481E+000  0.290282E-003  0.242539E-003  0.242539E-003  0.202647E-003
  0.551574E+000  0.182313E+000  0.275842E-003  0.237639E-003  0.237639E-003  0.204726E-003
  0.552884E+000  0.187138E+000  0.262042E-003  0.232643E-003  0.232643E-003  0.206542E-003
  0.554218E+000  0.191957E+000  0.249036E-003  0.227725E-003  0.227725E-003  0.208237E-003
  0.555576E+000  0.196769E+000  0.236711E-003  0.222838E-003  0.222838E-003  0.209776E-003
  0.556957E+000  0.201575E+000  0.224978E-003  0.217939E-003  0.217939E-003  0.211119E-003
  0.558360E+000  0.206373E+000  0.213857E-003  0.213087E-003  0.213087E-003  0.212319E-003
  0.559786E+000  0.211166E+000  0.203275E-003  0.208258E-003  0.208258E-003  0.213362E-003
  0.561234E+000  0.215952E+000  0.193178E-003  0.203427E-003  0.203427E-003  0.214220E-003
  0.562703E+000  0.220731E+000  0.183615E-003  0.198682E-003  0.198682E-003  0.214984E-003
  0.564192E+000  0.225504E+000  0.174473E-003  0.193930E-003  0.193930E-003  0.215556E-003
  0.565702E+000  0.230271E+000  0.165775E-003  0.189233E-003  0.189233E-003  0.216010E-003
  0.567232E+000  0.235031E+000  0.157498E-003  0.184594E-003  0.184594E-003  0.216350E-003
  0.568781E+000  0.239785E+000  0.149599E-003  0.179988E-003  0.179988E-003  0.216548E-003
  0.570349E+000  0.244533E+000  0.142068E-003  0.175430E-003  0.175430E-003  0.216625E-003
  0.571935E+000  0.249274E+000  0.134884E-003  0.170920E-003  0.170920E-003  0.216582E-003
  0.573540E+000  0.254010E+000  0.128039E-003  0.166474E-003  0.166474E-003  0.216445E-003
  0.575162E+000  0.258739E+000  0.121503E-003  0.162074E-003  0.162074E-003  0.216190E-003
  0.576802E+000  0.263463E+000  0.115276E-003  0.157744E-003  0.157744E-003  0.215856E-003
  0.578458E+000  0.268181E+000  0.109334E-003  0.153470E-003  0.153470E-003  0.215420E-003
  0.580131E+000  0.272892E+000  0.103648E-003  0.149234E-003  0.149234E-003  0.214867E-003
  0.581821E+000  0.277598E+000  0.982450E-004  0.145095E-003  0.145095E-003  0.214284E-003
  0.583526E+000  0.282299E+000  0.930549E-004  0.140965E-003  0.140965E-003  0.213539E-003
  0.585246E+000  0.286993E+000  0.881228E-004  0.136929E-003  0.136929E-003  0.212764E-003
  0.586982E+000  0.291682E+000  0.834071E-004  0.132945E-003  0.132945E-003  0.211901E-003
  0.588733E+000  0.296366E+000  0.789130E-004  0.129034E-003  0.129034E-003  0.210988E-003
  0.590498E+000  0.301044E+000  0.746197E-004  0.125180E-003  0.125180E-003  0.209995E-003
  0.592277E+000  0.305717E+000  0.705240E-004  0.121391E-003  0.121391E-003  0.208944E-003
  0.594070E+000  0.310384E+000  0.666160E-004  0.117667E-003  0.117667E-003  0.207837E-003
  0.595877E+000  0.315046E+000  0.628842E-004  0.114002E-003  0.114002E-003  0.206669E-003
  0.597697E+000  0.319703E+000  0.593261E-004  0.110404E-003  0.110404E-003  0.205455E-003
  0.599530E+000  0.324355E+000  0.559334E-004  0.106872E-003  0.106872E-003  0.204197E-003
  0.601376E+000  0.329002E+000  0.526957E-004  0.103400E-003  0.103400E-003  0.202888E-003
  0.603234E+000  0.333644E+000  0.496169E-004  0.100007E-003  0.100007E-003  0.201569E-003
  0.605105E+000  0.338280E+000  0.466704E-004  0.966542E-004  0.966542E-004  0.200167E-003
  0.606987E+000  0.342913E+000  0.438726E-004  0.933849E-004  0.933849E-004  0.198770E-003
  0.608882E+000  0.347540E+000  0.411940E-004  0.901510E-004  0.901510E-004  0.197287E-003
  0.610787E+000  0.352162E+000  0.386493E-004  0.869914E-004  0.869914E-004  0.195795E-003
  0.612704E+000  0.356780E+000  0.362268E-004  0.838949E-004  0.838949E-004  0.194282E-003
  0.614632E+000  0.361394E+000  0.339247E-004  0.808677E-004  0.808677E-004  0.192763E-003
  0.616571E+000  0.366002E+000  0.317265E-004  0.778809E-004  0.778809E-004  0.191174E-003
  0.618521E+000  0.370607E+000  0.296425E-004  0.749704E-004  0.749704E-004  0.189606E-003
  0.620480E+000  0.375207E+000  0.276596E-004  0.721116E-004  0.721116E-004  0.187997E-003
  0.622450E+000  0.379802E+000  0.257739E-004  0.693069E-004  0.693069E-004  0.186363E-003
  0.624430E+000  0.384394E+000  0.239854E-004  0.665651E-004  0.665651E-004  0.184727E-003
  0.626420E+000  0.388981E+000  0.222888E-004  0.638814E-004  0.638814E-004  0.183082E-003
  0.628419E+000  0.393564E+000  0.206785E-004  0.612492E-004  0.612492E-004  0.181411E-003
  0.630427E+000  0.398143E+000  0.191563E-004  0.586832E-004  0.586832E-004  0.179761E-003
  0.632445E+000  0.402717E+000  0.177094E-004  0.561548E-004  0.561548E-004  0.178054E-003
  0.634472E+000  0.407288E+000  0.163432E-004  0.536895E-004  0.536895E-004  0.176367E-003
  0.636507E+000  0.411855E+000  0.150526E-004  0.512787E-004  0.512787E-004  0.174678E-003
  0.638552E+000  0.416418E+000  0.138321E-004  0.489154E-004  0.489154E-004  0.172972E-003
  0.640604E+000  0.420977E+000  0.126815E-004  0.466050E-004  0.466050E-004  0.171264E-003
  0.642665E+000  0.425533E+000  0.115989E-004  0.443523E-004  0.443523E-004  0.169582E-003
  0.644735E+000  0.430084E+000  0.105764E-004  0.421353E-004  0.421353E-004  0.167849E-003
  0.646812E+000  0.434632E+000  0.961656E-005  0.399714E-004  0.399714E-004  0.166126E-003
  0.648897E+000  0.439177E+000  0.871642E-005  0.378586E-004  0.378586E-004  0.164417E-003
  0.650990E+000  0.443718E+000  0.787264E-005  0.357919E-004  0.357919E-004  0.162704E-003
  0.653090E+000  0.448255E+000  0.708408E-005  0.337744E-004  0.337744E-004  0.161004E-003
  0.655198E+000  0.452789E+000  0.634713E-005  0.317994E-004  0.317994E-004  0.159294E-003
  0.657313E+000  0.457320E+000  0.566154E-005  0.298739E-004  0.298739E-004  0.157608E-003
  0.659436E+000  0.461847E+000  0.502318E-005  0.279867E-004  0.279867E-004  0.155900E-003
  0.661565E+000  0.466371E+000  0.443192E-005  0.261447E-004  0.261447E-004  0.154200E-003
  0.663701E+000  0.470892E+000  0.388581E-005  0.243475E-004  0.243475E-004  0.152519E-003
  0.665844E+000  0.475409E+000  0.338251E-005  0.225907E-004  0.225907E-004  0.150834E-003
  0.667994E+000  0.479924E+000  0.292077E-005  0.208761E-004  0.208761E-004  0.149164E-003
  0.670150E+000  0.484435E+000  0.249896E-005  0.192026E-004  0.192026E-004  0.147501E-003
  0.672312E+000  0.488943E+000  0.211534E-005  0.175678E-004  0.175678E-004  0.145836E-003
  0.674481E+000  0.493448E+000  0.176871E-005  0.159745E-004  0.159745E-004  0.144200E-003
  0.676655E+000  0.497951E+000  0.145751E-005  0.144199E-004  0.144199E-004  0.142569E-003
  0.678836E+000  0.502450E+000  0.117987E-005  0.128995E-004  0.128995E-004  0.140915E-003
  0.681023E+000  0.506946E+000  0.935056E-006  0.114183E-004  0.114183E-004  0.139289E-003
  0.683215E+000  0.511440E+000  0.721750E-006  0.997538E-005  0.997538E-005  0.137685E-003
  0.685414E+000  0.515931E+000  0.538318E-006  0.856637E-005  0.856637E-005  0.136071E-003
  0.687617E+000  0.520419E+000  0.383953E-006  0.719505E-005  0.719505E-005  0.134485E-003
  0.689827E+000  0.524904E+000  0.257159E-006  0.585741E-005  0.585741E-005  0.132902E-003
  0.692041E+000  0.529387E+000  0.156966E-006  0.455458E-005  0.455458E-005  0.131318E-003
  0.694261E+000  0.533867E+000  0.821921E-007  0.328570E-005  0.328570E-005  0.129753E-003
  0.696486E+000  0.538345E+000  0.317771E-007  0.205051E-005  0.205051E-005  0.128205E-003
  0.698716E+000  0.542820E+000  0.465341E-008  0.848214E-006  0.848214E-006  0.126667E-003
  0.700952E+000  0.547293E+000  0.205096E-009  0.322183E-006  0.322183E-006  0.125137E-003
  0.703192E+000  0.551763E+000  0.162037E-007  0.146016E-005  0.146016E-005  0.123624E-003
  0.705436E+000  0.556231E+000  0.528725E-007  0.256610E-005  0.256610E-005  0.122114E-003
  0.707686E+000  0.560696E+000  0.108883E-006  0.364160E-005  0.364160E-005  0.120620E-003
  0.709940E+000  0.565159E+000  0.183251E-006  0.468611E-005  0.468611E-005  0.119139E-003
  0.712198E+000  0.569620E+000  0.275024E-006  0.569968E-005  0.569968E-005  0.117662E-003
  0.714461E+000  0.574079E+000  0.383370E-006  0.668403E-005  0.668403E-005  0.116206E-003
  0.716728E+000  0.578535E+000  0.507330E-006  0.763857E-005  0.763857E-005  0.114762E-003
  0.719000E+000  0.582989E+000  0.646048E-006  0.856371E-005  0.856371E-005  0.113323E-003
  0.721276E+000  0.587441E+000  0.798758E-006  0.946143E-005  0.946143E-005  0.111916E-003
  0.723555E+000  0.591892E+000  0.964249E-006  0.103284E-004  0.103284E-004  0.110501E-003
  0.725839E+000  0.596340E+000  0.114188E-005  0.111667E-004  0.111667E-004  0.109093E-003
  0.728127E+000  0.600786E+000  0.133088E-005  0.119779E-004  0.119779E-004  0.107708E-003
  0.730418E+000  0.605230E+000  0.153021E-005  0.127608E-004  0.127608E-004  0.106335E-003
  0.732713E+000  0.609672E+000  0.173915E-005  0.135163E-004  0.135163E-004  0.104976E-003
  0.735012E+000  0.614112E+000  0.195681E-005  0.142444E-004  0.142444E-004  0.103628E-003
  0.737314E+000  0.618550E+000  0.218224E-005  0.149449E-004  0.149449E-004  0.102293E-003
  0.739620E+000  0.622987E+000  0.241473E-005  0.156185E-004  0.156185E-004  0.100971E-003
  0.741929E+000  0.627422E+000  0.265333E-005  0.162653E-004  0.162653E-004  0.996632E-004
  0.744242E+000  0.631855E+000  0.289730E-005  0.168856E-004  0.168856E-004  0.983694E-004
  0.746557E+000  0.636286E+000  0.314531E-005  0.174779E-004  0.174779E-004  0.970833E-004
  0.748876E+000  0.640716E+000  0.339698E-005  0.180442E-004  0.180442E-004  0.958131E-004
  0.751198E+000  0.645144E+000  0.365116E-005  0.185837E-004  0.185837E-004  0.945547E-004
  0.753523E+000  0.649571E+000  0.390711E-005  0.190971E-004  0.190971E-004  0.933125E-004
  0.755851E+000  0.653996E+000  0.416362E-005  0.195832E-004  0.195832E-004  0.920797E-004
  0.758182E+000  0.658419E+000  0.442037E-005  0.200448E-004  0.200448E-004  0.908698E-004
  0.760515E+000  0.662841E+000  0.467508E-005  0.204762E-004  0.204762E-004  0.896581E-004
  0.762851E+000  0.667262E+000  0.492804E-005  0.208828E-004  0.208828E-004  0.884681E-004
  0.765190E+000  0.671682E+000  0.517786E-005  0.212626E-004  0.212626E-004  0.872918E-004
  0.767531E+000  0.676100E+000  0.542361E-005  0.216163E-004  0.216163E-004  0.861329E-004
  0.769875E+000  0.680516E+000  0.566377E-005  0.219415E-004  0.219415E-004  0.849815E-004
  0.772221E+000  0.684932E+000  0.589747E-005  0.222391E-004  0.222391E-004  0.838436E-004
  0.774569E+000  0.689346E+000  0.612388E-005  0.225100E-004  0.225100E-004  0.827231E-004
  0.776919E+000  0.693759E+000  0.634187E-005  0.227537E-004  0.227537E-004  0.816194E-004
  0.779272E+000  0.698171E+000  0.655015E-005  0.229693E-004  0.229693E-004  0.805290E-004
  0.781626E+000  0.702582E+000  0.674720E-005  0.231557E-004  0.231557E-004  0.794512E-004
  0.783983E+000  0.706992E+000  0.693300E-005  0.233161E-004  0.233161E-004  0.783971E-004
  0.786341E+000  0.711401E+000  0.710456E-005  0.234445E-004  0.234445E-004  0.773492E-004
  0.788701E+000  0.715809E+000  0.726236E-005  0.235460E-004  0.235460E-004  0.763256E-004
  0.791062E+000  0.720216E+000  0.740309E-005  0.236138E-004  0.236138E-004  0.753063E-004
  0.793425E+000  0.724623E+000  0.752727E-005  0.236528E-004  0.236528E-004  0.743093E-004
  0.795789E+000  0.729028E+000  0.763318E-005  0.236614E-004  0.236614E-004  0.733315E-004
  0.798155E+000  0.733433E+000  0.771955E-005  0.236388E-004  0.236388E-004  0.723726E-004
  0.800522E+000  0.737838E+000  0.778451E-005  0.235828E-004  0.235828E-004  0.714289E-004
  0.802890E+000  0.742241E+000  0.782787E-005  0.234959E-004  0.234959E-004  0.705109E-004
  0.805259E+000  0.746645E+000  0.784644E-005  0.233717E-004  0.233717E-004  0.696024E-004
  0.807628E+000  0.751047E+000  0.784072E-005  0.232147E-004  0.232147E-004  0.687201E-004
  0.809999E+000  0.755450E+000  0.780854E-005  0.230209E-004  0.230209E-004  0.678560E-004
  0.812370E+000  0.759852E+000  0.774913E-005  0.227907E-004  0.227907E-004  0.670153E-004
  0.814742E+000  0.764254E+000  0.766127E-005  0.225225E-004  0.225225E-004  0.661977E-004
  0.817113E+000  0.768655E+000  0.754381E-005  0.222147E-004  0.222147E-004  0.654031E-004
  0.819485E+000  0.773057E+000  0.739630E-005  0.218673E-004  0.218673E-004  0.646371E-004
  0.821857E+000  0.777458E+000  0.721647E-005  0.214743E-004  0.214743E-004  0.638875E-004
  0.824229E+000  0.781860E+000  0.700539E-005  0.210389E-004  0.210389E-004  0.631702E-004
  0.826601E+000  0.786262E+000  0.676168E-005  0.205562E-004  0.205562E-004  0.624776E-004
  0.828972E+000  0.790664E+000  0.648593E-005  0.200261E-004  0.200261E-004  0.618169E-004
  0.831342E+000  0.795066E+000  0.617815E-005  0.194455E-004  0.194455E-004  0.611874E-004
  0.833712E+000  0.799469E+000  0.583913E-005  0.188127E-004  0.188127E-004  0.605936E-004
  0.836080E+000  0.803873E+000  0.546929E-005  0.181222E-004  0.181222E-004  0.600280E-004
  0.838447E+000  0.808277E+000  0.507105E-005  0.173734E-004  0.173734E-004  0.595010E-004
  0.840812E+000  0.812682E+000  0.464703E-005  0.165637E-004  0.165637E-004  0.590169E-004
  0.843176E+000  0.817088E+000  0.419925E-005  0.156855E-004  0.156855E-004  0.585657E-004
  0.845538E+000  0.821495E+000  0.373335E-005  0.147400E-004  0.147400E-004  0.581686E-004
  0.847897E+000  0.825904E+000  0.325309E-005  0.137166E-004  0.137166E-004  0.578039E-004
  0.850253E+000  0.830314E+000  0.276633E-005  0.126157E-004  0.126157E-004  0.574961E-004
  0.852607E+000  0.834725E+000  0.228029E-005  0.114293E-004  0.114293E-004  0.572403E-004
  0.854957E+000  0.839138E+000  0.180498E-005  0.101518E-004  0.101518E-004  0.570381E-004
  0.857303E+000  0.843554E+000  0.135198E-005  0.877626E-005  0.877626E-005  0.568916E-004
  0.859645E+000  0.847971E+000  0.935250E-006  0.729672E-005  0.729672E-005  0.568127E-004
  0.861983E+000  0.852391E+000  0.570882E-006  0.570394E-005  0.570394E-005  0.567984E-004
  0.864316E+000  0.856813E+000  0.278053E-006  0.398993E-005  0.398993E-005  0.568515E-004
  0.866644E+000  0.861238E+000  0.787985E-007  0.214573E-005  0.214573E-005  0.569799E-004
  0.868966E+000  0.865666E+000  0.158720E-008  0.162145E-006  0.162145E-006  0.571917E-004
  0.871282E+000  0.870098E+000  0.655296E-007  0.197168E-005  0.197168E-005  0.574883E-004
  0.873591E+000  0.874533E+000  0.312297E-006  0.426595E-005  0.426595E-005  0.578751E-004
  0.875893E+000  0.878971E+000  0.774505E-006  0.673284E-005  0.673284E-005  0.583633E-004
  0.878187E+000  0.883414E+000  0.149080E-005  0.938095E-005  0.938095E-005  0.589406E-004
  0.880473E+000  0.887861E+000  0.250345E-005  0.122235E-004  0.122235E-004  0.596280E-004
  0.882750E+000  0.892312E+000  0.385639E-005  0.152700E-004  0.152700E-004  0.604260E-004
  0.885018E+000  0.896768E+000  0.559586E-005  0.185316E-004  0.185316E-004  0.613430E-004
  0.887277E+000  0.901229E+000  0.776710E-005  0.220138E-004  0.220138E-004  0.623717E-004
  0.889526E+000  0.905694E+000  0.104133E-004  0.257212E-004  0.257212E-004  0.635161E-004
  0.891765E+000  0.910165E+000  0.135764E-004  0.296606E-004  0.296606E-004  0.647868E-004
  0.893994E+000  0.914641E+000  0.172920E-004  0.338326E-004  0.338326E-004  0.661842E-004
  0.896212E+000  0.919122E+000  0.215823E-004  0.382266E-004  0.382266E-004  0.676978E-004
  0.898419E+000  0.923608E+000  0.264588E-004  0.428288E-004  0.428288E-004  0.693191E-004
  0.900616E+000  0.928100E+000  0.319295E-004  0.476353E-004  0.476353E-004  0.710597E-004
  0.902803E+000  0.932596E+000  0.379737E-004  0.526166E-004  0.526166E-004  0.728997E-004
  0.904980E+000  0.937097E+000  0.445618E-004  0.577510E-004  0.577510E-004  0.748384E-004
  0.907148E+000  0.941603E+000  0.516448E-004  0.630071E-004  0.630071E-004  0.768645E-004
  0.909308E+000  0.946112E+000  0.591400E-004  0.683298E-004  0.683298E-004  0.789431E-004
  0.911460E+000  0.950626E+000  0.669770E-004  0.736958E-004  0.736958E-004  0.810846E-004
  0.913605E+000  0.955142E+000  0.750606E-004  0.790628E-004  0.790628E-004  0.832746E-004
  0.915744E+000  0.959661E+000  0.832658E-004  0.843661E-004  0.843661E-004  0.854775E-004
  0.917878E+000  0.964183E+000  0.914818E-004  0.895634E-004  0.895634E-004  0.876820E-004
  0.920009E+000  0.968706E+000  0.996096E-004  0.946241E-004  0.946241E-004  0.898852E-004
  0.922138E+000  0.973230E+000  0.107523E-003  0.994923E-004  0.994923E-004  0.920586E-004
  0.924266E+000  0.977755E+000  0.115137E-003  0.104148E-003  0.104148E-003  0.942048E-004
  0.926395E+000  0.982279E+000  0.122318E-003  0.108520E-003  0.108520E-003  0.962769E-004
  0.928525E+000  0.986803E+000  0.129019E-003  0.112615E-003  0.112615E-003  0.982940E-004
  0.930658E+000  0.991325E+000  0.135164E-003  0.116399E-003  0.116399E-003  0.100236E-003
  0.932795E+000  0.995845E+000  0.140702E-003  0.119855E-003  0.119855E-003  0.102095E-003
  0.934937E+000  0.100036E+001  0.145723E-003  0.123081E-003  0.123081E-003  0.103955E-003
  0.937085E+000  0.100488E+001  0.149902E-003  0.125813E-003  0.125813E-003  0.105592E-003
  0.939241E+000  0.100939E+001  0.153324E-003  0.128129E-003  0.128129E-003  0.107072E-003
  0.941404E+000  0.101390E+001  0.156381E-003  0.130358E-003  0.130358E-003  0.108664E-003
  0.943577E+000  0.101840E+001  0.158348E-003  0.131889E-003  0.131889E-003  0.109849E-003
  0.945759E+000  0.102290E+001  0.159858E-003  0.133241E-003  0.133241E-003  0.111054E-003
  0.947951E+000  0.102739E+001  0.160826E-003  0.134330E-003  0.134330E-003  0.112198E-003
  0.950154E+000  0.103188E+001  0.161019E-003  0.134948E-003  0.134948E-003  0.113096E-003
  0.952369E+000  0.103636E+001  0.161003E-003  0.135551E-003  0.135551E-003  0.114121E-003
  0.954595E+000  0.104084E+001  0.159917E-003  0.135397E-003  0.135397E-003  0.114635E-003
  0.956834E+000  0.104531E+001  0.158678E-003  0.135240E-003  0.135240E-003  0.115263E-003
  0.959085E+000  0.104978E+001  0.157027E-003  0.134844E-003  0.134844E-003  0.115793E-003
  0.961349E+000  0.105423E+001  0.155061E-003  0.134274E-003  0.134274E-003  0.116271E-003
  0.963626E+000  0.105869E+001  0.152265E-003  0.133061E-003  0.133061E-003  0.116278E-003
  0.965916E+000  0.106313E+001  0.149266E-003  0.131730E-003  0.131730E-003  0.116253E-003
  0.968219E+000  0.106757E+001  0.146057E-003  0.130259E-003  0.130259E-003  0.116167E-003
  0.970536E+000  0.107200E+001  0.142588E-003  0.128586E-003  0.128586E-003  0.115957E-003
  0.972866E+000  0.107642E+001  0.139115E-003  0.126929E-003  0.126929E-003  0.115808E-003
  0.975210E+000  0.108084E+001  0.135046E-003  0.124732E-003  0.124732E-003  0.115203E-003
  0.977567E+000  0.108525E+001  0.130983E-003  0.122529E-003  0.122529E-003  0.114619E-003
  0.979937E+000  0.108965E+001  0.126834E-003  0.120225E-003  0.120225E-003  0.113958E-003
  0.982321E+000  0.109405E+001  0.122652E-003  0.117859E-003  0.117859E-003  0.113253E-003
  0.984719E+000  0.109843E+001  0.118482E-003  0.115469E-003  0.115469E-003  0.112531E-003
  0.987129E+000  0.110282E+001  0.114039E-003  0.112763E-003  0.112763E-003  0.111499E-003
  0.989553E+000  0.110719E+001  0.109283E-003  0.109683E-003  0.109683E-003  0.110083E-003
  0.991990E+000  0.111155E+001  0.104903E-003  0.106911E-003  0.106911E-003  0.108955E-003
  0.994440E+000  0.111591E+001  0.100332E-003  0.103868E-003  0.103868E-003  0.107526E-003
  0.996903E+000  0.112026E+001  0.959778E-004  0.100967E-003  0.100967E-003  0.106215E-003
  0.999379E+000  0.112461E+001  0.913969E-004  0.977398E-004  0.977398E-004  0.104521E-003
  0.100187E+001  0.112895E+001  0.870279E-004  0.946437E-004  0.946437E-004  0.102924E-003
  0.100437E+001  0.113328E+001  0.827145E-004  0.915071E-004  0.915071E-004  0.101232E-003
  0.100688E+001  0.113760E+001  0.785233E-004  0.884017E-004  0.884017E-004  0.995206E-004
  0.100940E+001  0.114191E+001  0.745147E-004  0.853970E-004  0.853970E-004  0.978664E-004
  0.101194E+001  0.114622E+001  0.703221E-004  0.820758E-004  0.820758E-004  0.957917E-004
  0.101449E+001  0.115052E+001  0.664997E-004  0.790715E-004  0.790715E-004  0.940175E-004
  0.101705E+001  0.115482E+001  0.625763E-004  0.758306E-004  0.758306E-004  0.918898E-004
  0.101962E+001  0.115911E+001  0.590421E-004  0.729445E-004  0.729445E-004  0.901177E-004
  0.102220E+001  0.116339E+001  0.556888E-004  0.701712E-004  0.701712E-004  0.884172E-004
  0.102480E+001  0.116766E+001  0.520915E-004  0.669766E-004  0.669766E-004  0.861122E-004
  0.102740E+001  0.117193E+001  0.485669E-004  0.637386E-004  0.637386E-004  0.836468E-004
  0.103002E+001  0.117619E+001  0.455919E-004  0.611043E-004  0.611043E-004  0.818915E-004
  0.103264E+001  0.118045E+001  0.425028E-004  0.581936E-004  0.581936E-004  0.796735E-004
  0.103528E+001  0.118470E+001  0.394101E-004  0.551528E-004  0.551528E-004  0.771804E-004
  0.103792E+001  0.118894E+001  0.368669E-004  0.527549E-004  0.527549E-004  0.754861E-004
  0.104058E+001  0.119318E+001  0.340751E-004  0.498855E-004  0.498855E-004  0.730276E-004
  0.104325E+001  0.119741E+001  0.315293E-004  0.472474E-004  0.472474E-004  0.707970E-004
  0.104592E+001  0.120163E+001  0.291396E-004  0.447154E-004  0.447154E-004  0.686123E-004
  0.104860E+001  0.120585E+001  0.271033E-004  0.426123E-004  0.426123E-004  0.669909E-004
  0.105130E+001  0.121006E+001  0.248511E-004  0.400567E-004  0.400567E-004  0.645607E-004
  0.105400E+001  0.121427E+001  0.228254E-004  0.377371E-004  0.377371E-004  0.623846E-004
  0.105671E+001  0.121847E+001  0.209680E-004  0.355776E-004  0.355776E-004  0.603604E-004
  0.105943E+001  0.122267E+001  0.192720E-004  0.335793E-004  0.335793E-004  0.585016E-004
  0.106216E+001  0.122686E+001  0.175994E-004  0.315086E-004  0.315086E-004  0.564035E-004
  0.106489E+001  0.123104E+001  0.161299E-004  0.296873E-004  0.296873E-004  0.546320E-004
  0.106764E+001  0.123522E+001  0.147043E-004  0.278419E-004  0.278419E-004  0.527086E-004
  0.107039E+001  0.123940E+001  0.133938E-004  0.261029E-004  0.261029E-004  0.508618E-004
  0.107315E+001  0.124357E+001  0.121810E-004  0.244486E-004  0.244486E-004  0.490606E-004
  0.107592E+001  0.124773E+001  0.111265E-004  0.230125E-004  0.230125E-004  0.475836E-004
  0.107869E+001  0.125189E+001  0.100495E-004  0.214267E-004  0.214267E-004  0.456713E-004
  0.108147E+001  0.125605E+001  0.912663E-005  0.200693E-004  0.200693E-004  0.441173E-004
  0.108426E+001  0.126020E+001  0.826134E-005  0.187432E-004  0.187432E-004  0.425078E-004
  0.108705E+001  0.126434E+001  0.748918E-005  0.175333E-004  0.175333E-004  0.410292E-004
  0.108985E+001  0.126849E+001  0.684363E-005  0.165345E-004  0.165345E-004  0.399270E-004
  0.109266E+001  0.127262E+001  0.616614E-005  0.153728E-004  0.153728E-004  0.383017E-004
  0.109547E+001  0.127676E+001  0.563556E-005  0.144908E-004  0.144908E-004  0.372331E-004
  0.109829E+001  0.128089E+001  0.512804E-005  0.135897E-004  0.135897E-004  0.359826E-004
  0.110112E+001  0.128501E+001  0.467720E-005  0.127596E-004  0.127596E-004  0.347727E-004
  0.110395E+001  0.128913E+001  0.430368E-005  0.120636E-004  0.120636E-004  0.337740E-004
  0.110678E+001  0.129325E+001  0.397130E-005  0.114091E-004  0.114091E-004  0.327295E-004
  0.110962E+001  0.129737E+001  0.374740E-005  0.109968E-004  0.109968E-004  0.322158E-004
  0.111247E+001  0.130148E+001  0.350464E-005  0.104589E-004  0.104589E-004  0.311504E-004
  0.111532E+001  0.130558E+001  0.335913E-005  0.101356E-004  0.101356E-004  0.305118E-004
  0.111818E+001  0.130969E+001  0.328832E-005  0.995868E-005  0.995868E-005  0.300800E-004
  0.112104E+001  0.131379E+001  0.330250E-005  0.994778E-005  0.994778E-005  0.298753E-004
  0.112390E+001  0.131789E+001  0.339184E-005  0.100508E-004  0.100508E-004  0.296846E-004
  0.112677E+001  0.132199E+001  0.362696E-005  0.104343E-004  0.104343E-004  0.299113E-004
  0.112964E+001  0.132608E+001  0.406510E-005  0.111821E-004  0.111821E-004  0.306456E-004
  0.113251E+001  0.133017E+001  0.477468E-005  0.123442E-004  0.123442E-004  0.317961E-004
  0.113538E+001  0.133427E+001  0.591976E-005  0.141155E-004  0.141155E-004  0.335387E-004
  0.113825E+001  0.133836E+001  0.791103E-005  0.170516E-004  0.170516E-004  0.366362E-004
  0.114112E+001  0.134246E+001  0.115106E-004  0.219713E-004  0.219713E-004  0.418267E-004
  0.114398E+001  0.134656E+001  0.185558E-004  0.307748E-004  0.307748E-004  0.509369E-004
  0.114681E+001  0.135068E+001  0.332811E-004  0.473066E-004  0.473066E-004  0.671529E-004
  0.114959E+001  0.135484E+001  0.655609E-004  0.797975E-004  0.797975E-004  0.970538E-004
  0.115226E+001  0.135906E+001  0.123921E-003  0.132556E-003  0.132556E-003  0.141744E-003
  0.115480E+001  0.136337E+001  0.187233E-003  0.184715E-003  0.184715E-003  0.182203E-003
  0.115724E+001  0.136773E+001  0.231076E-003  0.219209E-003  0.219209E-003  0.207935E-003
  0.115961E+001  0.137213E+001  0.245831E-003  0.229618E-003  0.229618E-003  0.214466E-003
  0.116196E+001  0.137655E+001  0.255701E-003  0.238011E-003  0.238011E-003  0.221538E-003
  0.116428E+001  0.138098E+001  0.258068E-003  0.240947E-003  0.240947E-003  0.224957E-003
  0.116659E+001  0.138541E+001  0.259114E-003  0.243579E-003  0.243579E-003  0.228972E-003
  0.116890E+001  0.138985E+001  0.255979E-003  0.242859E-003  0.242859E-003  0.230408E-003
  0.117119E+001  0.139429E+001  0.253832E-003  0.243414E-003  0.243414E-003  0.233422E-003
  0.117348E+001  0.139874E+001  0.250855E-003  0.243417E-003  0.243417E-003  0.236197E-003
  0.117576E+001  0.140319E+001  0.248375E-003  0.244053E-003  0.244053E-003  0.239805E-003
  0.117804E+001  0.140764E+001  0.244400E-003  0.243325E-003  0.243325E-003  0.242253E-003
  0.118031E+001  0.141209E+001  0.243604E-003  0.245840E-003  0.245840E-003  0.248095E-003
  0.118257E+001  0.141655E+001  0.236466E-003  0.241964E-003  0.241964E-003  0.247588E-003
  0.118483E+001  0.142101E+001  0.233995E-003  0.242846E-003  0.242846E-003  0.252031E-003
  0.118708E+001  0.142548E+001  0.228396E-003  0.240455E-003  0.240455E-003  0.253150E-003
  0.118933E+001  0.142994E+001  0.226774E-003  0.242243E-003  0.242243E-003  0.258764E-003
  0.119157E+001  0.143441E+001  0.221319E-003  0.239903E-003  0.239903E-003  0.260047E-003
  0.119380E+001  0.143888E+001  0.216276E-003  0.237917E-003  0.237917E-003  0.261723E-003
  0.119603E+001  0.144336E+001  0.213667E-003  0.238571E-003  0.238571E-003  0.266376E-003
  0.119826E+001  0.144784E+001  0.207972E-003  0.235724E-003  0.235724E-003  0.267177E-003
  0.120048E+001  0.145232E+001  0.203873E-003  0.234584E-003  0.234584E-003  0.269920E-003
  0.120269E+001  0.145680E+001  0.200218E-003  0.233884E-003  0.233884E-003  0.273210E-003
  0.120490E+001  0.146129E+001  0.196338E-003  0.232866E-003  0.232866E-003  0.276190E-003
  0.120710E+001  0.146578E+001  0.194859E-003  0.234662E-003  0.234662E-003  0.282595E-003
  0.120930E+001  0.147027E+001  0.188320E-003  0.230293E-003  0.230293E-003  0.281620E-003
  0.121149E+001  0.147476E+001  0.184171E-003  0.228708E-003  0.228708E-003  0.284012E-003
  0.121368E+001  0.147926E+001  0.179738E-003  0.226679E-003  0.226679E-003  0.285879E-003
  0.121586E+001  0.148376E+001  0.175818E-003  0.225196E-003  0.225196E-003  0.288441E-003
  0.121803E+001  0.148826E+001  0.173038E-003  0.225099E-003  0.225099E-003  0.292822E-003
  0.122020E+001  0.149276E+001  0.168045E-003  0.222040E-003  0.222040E-003  0.293383E-003
  0.122237E+001  0.149727E+001  0.166443E-003  0.223402E-003  0.223402E-003  0.299852E-003
  0.122452E+001  0.150178E+001  0.160558E-003  0.218901E-003  0.218901E-003  0.298442E-003
  0.122667E+001  0.150630E+001  0.159281E-003  0.220604E-003  0.220604E-003  0.305535E-003
  0.122882E+001  0.151081E+001  0.153018E-003  0.215313E-003  0.215313E-003  0.302966E-003
  0.123096E+001  0.151533E+001  0.149297E-003  0.213435E-003  0.213435E-003  0.305125E-003
  0.123309E+001  0.151985E+001  0.145994E-003  0.212054E-003  0.212054E-003  0.308005E-003
  0.123522E+001  0.152438E+001  0.142625E-003  0.210500E-003  0.210500E-003  0.310675E-003
  0.123734E+001  0.152891E+001  0.141181E-003  0.211732E-003  0.211732E-003  0.317537E-003
  0.123946E+001  0.153344E+001  0.135430E-003  0.206407E-003  0.206407E-003  0.314582E-003
  0.124157E+001  0.153797E+001  0.131699E-003  0.203990E-003  0.203990E-003  0.315961E-003
  0.124368E+001  0.154250E+001  0.130816E-003  0.205945E-003  0.205945E-003  0.324218E-003
  0.124577E+001  0.154704E+001  0.125138E-003  0.200227E-003  0.200227E-003  0.320372E-003
  0.124787E+001  0.155158E+001  0.123351E-003  0.200635E-003  0.200635E-003  0.326337E-003
  0.124995E+001  0.155613E+001  0.118891E-003  0.196573E-003  0.196573E-003  0.325009E-003
  0.125203E+001  0.156067E+001  0.115036E-003  0.193362E-003  0.193362E-003  0.325016E-003
  0.125411E+001  0.156522E+001  0.113015E-003  0.193148E-003  0.193148E-003  0.330098E-003
  0.125618E+001  0.156978E+001  0.109142E-003  0.189665E-003  0.189665E-003  0.329592E-003
  0.125824E+001  0.157433E+001  0.106074E-003  0.187439E-003  0.187439E-003  0.331215E-003
  0.126029E+001  0.157889E+001  0.103700E-003  0.186343E-003  0.186343E-003  0.334845E-003
  0.126234E+001  0.158345E+001  0.100713E-003  0.184059E-003  0.184059E-003  0.336376E-003
  0.126439E+001  0.158801E+001  0.972032E-004  0.180698E-003  0.180698E-003  0.335910E-003
  0.126643E+001  0.159258E+001  0.943683E-004  0.178453E-003  0.178453E-003  0.337459E-003
  0.126846E+001  0.159715E+001  0.911646E-004  0.175379E-003  0.175379E-003  0.337386E-003
  0.127048E+001  0.160172E+001  0.895874E-004  0.175339E-003  0.175339E-003  0.343170E-003
  0.127250E+001  0.160629E+001  0.861726E-004  0.171612E-003  0.171612E-003  0.341763E-003
  0.127452E+001  0.161087E+001  0.831739E-004  0.168571E-003  0.168571E-003  0.341644E-003
  0.127652E+001  0.161545E+001  0.823334E-004  0.169817E-003  0.169817E-003  0.350253E-003
  0.127853E+001  0.162003E+001  0.782187E-004  0.164223E-003  0.164223E-003  0.344791E-003
  0.128052E+001  0.162461E+001  0.755072E-004  0.161372E-003  0.161372E-003  0.344878E-003
  0.128251E+001  0.162920E+001  0.731677E-004  0.159203E-003  0.159203E-003  0.346400E-003
  0.128450E+001  0.163379E+001  0.713703E-004  0.158131E-003  0.158131E-003  0.350358E-003
  0.128647E+001  0.163838E+001  0.684743E-004  0.154488E-003  0.154488E-003  0.348545E-003
  0.128844E+001  0.164298E+001  0.672819E-004  0.154602E-003  0.154602E-003  0.355244E-003
  0.129041E+001  0.164757E+001  0.638951E-004  0.149560E-003  0.149560E-003  0.350075E-003
  0.129237E+001  0.165217E+001  0.617707E-004  0.147302E-003  0.147302E-003  0.351261E-003
  0.129432E+001  0.165678E+001  0.601395E-004  0.146120E-003  0.146120E-003  0.355020E-003
  0.129627E+001  0.166138E+001  0.573788E-004  0.142074E-003  0.142074E-003  0.351780E-003
  0.129821E+001  0.166599E+001  0.555651E-004  0.140226E-003  0.140226E-003  0.353874E-003
  0.130015E+001  0.167060E+001  0.534313E-004  0.137461E-003  0.137461E-003  0.353637E-003
  0.130208E+001  0.167521E+001  0.516473E-004  0.135470E-003  0.135470E-003  0.355333E-003
  0.130400E+001  0.167983E+001  0.498244E-004  0.133262E-003  0.133262E-003  0.356424E-003
  0.130592E+001  0.168444E+001  0.477586E-004  0.130283E-003  0.130283E-003  0.355401E-003
  0.130783E+001  0.168906E+001  0.458881E-004  0.127693E-003  0.127693E-003  0.355330E-003
  0.130974E+001  0.169369E+001  0.441234E-004  0.125279E-003  0.125279E-003  0.355699E-003
  0.131164E+001  0.169831E+001  0.424378E-004  0.122962E-003  0.122962E-003  0.356271E-003
  0.131353E+001  0.170294E+001  0.414179E-004  0.122484E-003  0.122484E-003  0.362215E-003
  0.131542E+001  0.170757E+001  0.396424E-004  0.119686E-003  0.119686E-003  0.361346E-003
  0.131731E+001  0.171220E+001  0.377127E-004  0.116276E-003  0.116276E-003  0.358495E-003
  0.131918E+001  0.171683E+001  0.363099E-004  0.114332E-003  0.114332E-003  0.360005E-003
  0.132106E+001  0.172147E+001  0.347039E-004  0.111647E-003  0.111647E-003  0.359175E-003
  0.132292E+001  0.172611E+001  0.334731E-004  0.110032E-003  0.110032E-003  0.361690E-003
  0.132478E+001  0.173075E+001  0.321665E-004  0.108074E-003  0.108074E-003  0.363104E-003
  0.132664E+001  0.173539E+001  0.303362E-004  0.104211E-003  0.104211E-003  0.357981E-003
  0.132849E+001  0.174004E+001  0.290053E-004  0.101897E-003  0.101897E-003  0.357961E-003
  0.133033E+001  0.174468E+001  0.277977E-004  0.998895E-004  0.998895E-004  0.358941E-003
  0.133217E+001  0.174933E+001  0.264921E-004  0.974117E-004  0.974117E-004  0.358178E-003
  0.133401E+001  0.175399E+001  0.253144E-004  0.952817E-004  0.952817E-004  0.358628E-003
  0.133583E+001  0.175864E+001  0.244270E-004  0.941270E-004  0.941270E-004  0.362703E-003
  0.133766E+001  0.176330E+001  0.229630E-004  0.906372E-004  0.906372E-004  0.357747E-003
  0.133947E+001  0.176795E+001  0.220149E-004  0.890207E-004  0.890207E-004  0.359962E-003
  0.134129E+001  0.177261E+001  0.210715E-004  0.873397E-004  0.873397E-004  0.362008E-003
  0.134309E+001  0.177728E+001  0.201790E-004  0.857490E-004  0.857490E-004  0.364376E-003
  0.134490E+001  0.178194E+001  0.190009E-004  0.828287E-004  0.828287E-004  0.361058E-003
  0.134669E+001  0.178661E+001  0.179986E-004  0.805019E-004  0.805019E-004  0.360050E-003
  0.134848E+001  0.179127E+001  0.169534E-004  0.778396E-004  0.778396E-004  0.357383E-003
  0.135027E+001  0.179594E+001  0.160094E-004  0.754955E-004  0.754955E-004  0.356004E-003
  0.135205E+001  0.180062E+001  0.152578E-004  0.739278E-004  0.739278E-004  0.358189E-003
  0.135383E+001  0.180529E+001  0.143263E-004  0.713615E-004  0.713615E-004  0.355453E-003
  0.135560E+001  0.180997E+001  0.135327E-004  0.693292E-004  0.693292E-004  0.355171E-003
  0.135737E+001  0.181464E+001  0.129118E-004  0.680755E-004  0.680755E-004  0.358906E-003
  0.135913E+001  0.181932E+001  0.120402E-004  0.653600E-004  0.653600E-004  0.354796E-003
  0.136089E+001  0.182400E+001  0.115431E-004  0.645611E-004  0.645611E-004  0.361082E-003
  0.136264E+001  0.182869E+001  0.106041E-004  0.611399E-004  0.611399E-004  0.352500E-003
  0.136439E+001  0.183337E+001  0.101058E-004  0.601092E-004  0.601092E-004  0.357516E-003
  0.136613E+001  0.183806E+001  0.931824E-005  0.572119E-004  0.572119E-004  0.351254E-003
  0.136787E+001  0.184274E+001  0.887125E-005  0.562695E-004  0.562695E-004  0.356897E-003
  0.136960E+001  0.184743E+001  0.814479E-005  0.534067E-004  0.534067E-004  0.350181E-003
  0.137133E+001  0.185213E+001  0.760168E-005  0.515760E-004  0.515760E-004  0.349917E-003
  0.137306E+001  0.185682E+001  0.717252E-005  0.504024E-004  0.504024E-004  0.354168E-003
  0.137478E+001  0.186151E+001  0.672474E-005  0.489837E-004  0.489837E-004  0.356783E-003
  0.137649E+001  0.186621E+001  0.609258E-005  0.460417E-004  0.460417E-004  0.347917E-003
  0.137820E+001  0.187091E+001  0.570717E-005  0.447963E-004  0.447963E-004  0.351589E-003
  0.137991E+001  0.187561E+001  0.520798E-005  0.425104E-004  0.425104E-004  0.346969E-003
  0.138161E+001  0.188031E+001  0.488545E-005  0.415147E-004  0.415147E-004  0.352751E-003
  0.138331E+001  0.188501E+001  0.443439E-005  0.392838E-004  0.392838E-004  0.347984E-003
  0.138501E+001  0.188971E+001  0.402604E-005  0.372390E-004  0.372390E-004  0.344414E-003
  0.138670E+001  0.189442E+001  0.366037E-005  0.353980E-004  0.353980E-004  0.342289E-003
  0.138839E+001  0.189913E+001  0.332981E-005  0.337266E-004  0.337266E-004  0.341571E-003
  0.139007E+001  0.190383E+001  0.301620E-005  0.320491E-004  0.320491E-004  0.340505E-003
  0.139175E+001  0.190854E+001  0.272357E-005  0.304226E-004  0.304226E-004  0.339784E-003
  0.139343E+001  0.191325E+001  0.251217E-005  0.295661E-004  0.295661E-004  0.347922E-003
  0.139510E+001  0.191797E+001  0.218897E-005  0.272029E-004  0.272029E-004  0.338008E-003
  0.139677E+001  0.192268E+001  0.197608E-005  0.260015E-004  0.260015E-004  0.342077E-003
  0.139843E+001  0.192740E+001  0.172418E-005  0.240858E-004  0.240858E-004  0.336404E-003
  0.140009E+001  0.193211E+001  0.151139E-005  0.224908E-004  0.224908E-004  0.334613E-003
  0.140175E+001  0.193683E+001  0.132004E-005  0.210046E-004  0.210046E-004  0.334149E-003
  0.140340E+001  0.194155E+001  0.114689E-005  0.195900E-004  0.195900E-004  0.334525E-003
  0.140505E+001  0.194627E+001  0.984070E-006  0.181318E-004  0.181318E-004  0.333982E-003
  0.140670E+001  0.195099E+001  0.827372E-006  0.165377E-004  0.165377E-004  0.330440E-003
  0.140834E+001  0.195571E+001  0.695267E-006  0.151674E-004  0.151674E-004  0.330739E-003
  0.140998E+001  0.196043E+001  0.571247E-006  0.137065E-004  0.137065E-004  0.328702E-003
  0.141162E+001  0.196516E+001  0.461326E-006  0.122882E-004  0.122882E-004  0.327108E-003
  0.141325E+001  0.196988E+001  0.366581E-006  0.109560E-004  0.109560E-004  0.327178E-003
  0.141488E+001  0.197461E+001  0.284767E-006  0.968478E-005  0.968478E-005  0.329038E-003
  0.141651E+001  0.197934E+001  0.209562E-006  0.825919E-005  0.825919E-005  0.325060E-003
  0.141814E+001  0.198407E+001  0.148560E-006  0.695226E-005  0.695226E-005  0.324723E-003
  0.141976E+001  0.198880E+001  0.978358E-007  0.561883E-005  0.561883E-005  0.321763E-003
  0.142138E+001  0.199353E+001  0.588539E-007  0.436679E-005  0.436679E-005  0.322462E-003
  0.142299E+001  0.199826E+001  0.296911E-007  0.309871E-005  0.309871E-005  0.320384E-003
  0.142460E+001  0.200299E+001  0.106843E-007  0.188089E-005  0.188089E-005  0.322751E-003
  0.142621E+001  0.200773E+001  0.105214E-008  0.660276E-006  0.660276E-006  0.328592E-003
  0.142782E+001  0.201246E+001  0.734971E-009  0.564981E-006  0.564981E-006  0.316867E-003
  0.142943E+001  0.201720E+001  0.942202E-008  0.174643E-005  0.174643E-005  0.314686E-003
  0.143103E+001  0.202193E+001  0.266583E-007  0.290540E-005  0.290540E-005  0.313497E-003
  0.143263E+001  0.202667E+001  0.521317E-007  0.404288E-005  0.404288E-005  0.311940E-003
  0.143423E+001  0.203141E+001  0.864268E-007  0.521350E-005  0.521350E-005  0.313536E-003
  0.143582E+001  0.203615E+001  0.126748E-006  0.627269E-005  0.627269E-005  0.309793E-003
  0.143741E+001  0.204089E+001  0.176964E-006  0.743280E-005  0.743280E-005  0.311734E-003
  0.143900E+001  0.204563E+001  0.232416E-006  0.848731E-005  0.848731E-005  0.309595E-003
  0.144059E+001  0.205037E+001  0.292447E-006  0.945400E-005  0.945400E-005  0.305355E-003
  0.144217E+001  0.205511E+001  0.368155E-006  0.106907E-004  0.106907E-004  0.310227E-003
  0.144376E+001  0.205985E+001  0.440339E-006  0.116070E-004  0.116070E-004  0.305779E-003
  0.144534E+001  0.206460E+001  0.516814E-006  0.124861E-004  0.124861E-004  0.301515E-003
  0.144692E+001  0.206934E+001  0.609025E-006  0.135878E-004  0.135878E-004  0.303031E-003
  0.144849E+001  0.207409E+001  0.710687E-006  0.147426E-004  0.147426E-004  0.305715E-003
  0.145007E+001  0.207883E+001  0.796354E-006  0.154365E-004  0.154365E-004  0.299130E-003
  0.145164E+001  0.208358E+001  0.895421E-006  0.163021E-004  0.163021E-004  0.296715E-003
  0.145321E+001  0.208832E+001  0.100081E-005  0.171837E-004  0.171837E-004  0.294970E-003
  0.145478E+001  0.209307E+001  0.111284E-005  0.180850E-004  0.180850E-004  0.293841E-003
  0.145635E+001  0.209782E+001  0.124181E-005  0.191629E-004  0.191629E-004  0.295654E-003
  0.145791E+001  0.210257E+001  0.135116E-005  0.198617E-004  0.198617E-004  0.291912E-003
  0.145947E+001  0.210732E+001  0.150965E-005  0.211935E-004  0.211935E-004  0.297483E-003
  0.146104E+001  0.211207E+001  0.161174E-005  0.216536E-004  0.216536E-004  0.290873E-003
  0.146260E+001  0.211682E+001  0.174650E-005  0.225089E-004  0.225089E-004  0.290056E-003
  0.146415E+001  0.212157E+001  0.189655E-005  0.234988E-004  0.234988E-004  0.291123E-003
  0.146571E+001  0.212632E+001  0.199846E-005  0.238415E-004  0.238415E-004  0.284395E-003
  0.146727E+001  0.213107E+001  0.218699E-005  0.251621E-004  0.251621E-004  0.289470E-003
  0.146882E+001  0.213583E+001  0.228229E-005  0.253679E-004  0.253679E-004  0.281941E-003
  0.147037E+001  0.214058E+001  0.243614E-005  0.261957E-004  0.261957E-004  0.281655E-003
  0.147192E+001  0.214533E+001  0.257981E-005  0.268711E-004  0.268711E-004  0.279864E-003
  0.147347E+001  0.215009E+001  0.274746E-005  0.277536E-004  0.277536E-004  0.280332E-003
  0.147502E+001  0.215484E+001  0.287204E-005  0.281678E-004  0.281678E-004  0.276238E-003
  0.147657E+001  0.215960E+001  0.303422E-005  0.289228E-004  0.289228E-004  0.275678E-003
  0.147811E+001  0.216435E+001  0.319249E-005  0.296111E-004  0.296111E-004  0.274631E-003
  0.147966E+001  0.216911E+001  0.335332E-005  0.302869E-004  0.302869E-004  0.273531E-003
  0.148120E+001  0.217386E+001  0.349880E-005  0.308037E-004  0.308037E-004  0.271181E-003
  0.148274E+001  0.217862E+001  0.366793E-005  0.315035E-004  0.315035E-004  0.270565E-003
  0.148428E+001  0.218337E+001  0.381590E-005  0.319979E-004  0.319979E-004  0.268302E-003
  0.148582E+001  0.218813E+001  0.398364E-005  0.326368E-004  0.326368E-004  0.267371E-003
  0.148736E+001  0.219289E+001  0.414277E-005  0.331834E-004  0.331834E-004  0.265784E-003
  0.148890E+001  0.219765E+001  0.430257E-005  0.337165E-004  0.337165E-004  0.264202E-003
  0.149044E+001  0.220240E+001  0.463534E-005  0.355590E-004  0.355590E-004  0.272772E-003
  0.149197E+001  0.220716E+001  0.463062E-005  0.347998E-004  0.347998E-004  0.261514E-003
  0.149351E+001  0.221192E+001  0.487869E-005  0.359331E-004  0.359331E-004  0.264648E-003
  0.149504E+001  0.221668E+001  0.496158E-005  0.358388E-004  0.358388E-004  0.258862E-003
  0.149657E+001  0.222144E+001  0.520835E-005  0.369143E-004  0.369143E-004  0.261621E-003
  0.149811E+001  0.222620E+001  0.534396E-005  0.371774E-004  0.371774E-004  0.258630E-003
  0.149964E+001  0.223096E+001  0.546588E-005  0.373466E-004  0.373466E-004  0.255168E-003
  0.150117E+001  0.223572E+001  0.562517E-005  0.377654E-004  0.377654E-004  0.253535E-003
