  0.811101E+000  0.103361E+000  0.171512E-006  0.174407E-007  0.174407E-007  0.155448E-008
  0.811101E+000  0.103361E+000  0.171512E-006  0.174407E-007  0.174407E-007  0.155448E-008
  0.811631E+000  0.108333E+000  0.182361E-006  0.187641E-007  0.187641E-007  0.172203E-008
  0.812183E+000  0.113302E+000  0.193734E-006  0.201949E-007  0.201949E-007  0.190584E-008
  0.812758E+000  0.118269E+000  0.205618E-006  0.217359E-007  0.217359E-007  0.210704E-008
  0.813356E+000  0.123233E+000  0.218038E-006  0.233928E-007  0.233928E-007  0.232705E-008
  0.813976E+000  0.128194E+000  0.231103E-006  0.251801E-007  0.251801E-007  0.256815E-008
  0.814617E+000  0.133153E+000  0.244959E-006  0.271168E-007  0.271168E-007  0.283322E-008
  0.815280E+000  0.138109E+000  0.259573E-006  0.292052E-007  0.292052E-007  0.312368E-008
  0.815965E+000  0.143062E+000  0.274999E-006  0.314564E-007  0.314564E-007  0.344181E-008
  0.816670E+000  0.148012E+000  0.291496E-006  0.339036E-007  0.339036E-007  0.379237E-008
  0.817395E+000  0.152959E+000  0.309166E-006  0.365654E-007  0.365654E-007  0.417885E-008
  0.818141E+000  0.157903E+000  0.327996E-006  0.394491E-007  0.394491E-007  0.460369E-008
  0.818906E+000  0.162844E+000  0.348334E-006  0.426022E-007  0.426022E-007  0.507391E-008
  0.819691E+000  0.167782E+000  0.370193E-006  0.460371E-007  0.460371E-007  0.559297E-008
  0.820494E+000  0.172717E+000  0.394011E-006  0.498164E-007  0.498164E-007  0.617028E-008
  0.821316E+000  0.177649E+000  0.419843E-006  0.539604E-007  0.539604E-007  0.681086E-008
  0.822156E+000  0.182578E+000  0.448068E-006  0.585301E-007  0.585301E-007  0.752483E-008
  0.823013E+000  0.187504E+000  0.479149E-006  0.636004E-007  0.636004E-007  0.832464E-008
  0.823887E+000  0.192427E+000  0.513437E-006  0.692361E-007  0.692361E-007  0.922213E-008
  0.824778E+000  0.197347E+000  0.551328E-006  0.755107E-007  0.755107E-007  0.102309E-007
  0.825685E+000  0.202264E+000  0.593527E-006  0.825425E-007  0.825425E-007  0.113710E-007
  0.826607E+000  0.207178E+000  0.640910E-006  0.904788E-007  0.904788E-007  0.126676E-007
  0.827543E+000  0.212090E+000  0.694641E-006  0.995149E-007  0.995149E-007  0.141536E-007
  0.828494E+000  0.216999E+000  0.755294E-006  0.109772E-006  0.109772E-006  0.158535E-007
  0.829459E+000  0.221905E+000  0.824318E-006  0.121501E-006  0.121501E-006  0.178107E-007
  0.830436E+000  0.226808E+000  0.904012E-006  0.135088E-006  0.135088E-006  0.200904E-007
  0.831425E+000  0.231710E+000  0.996609E-006  0.150926E-006  0.150926E-006  0.227624E-007
  0.832425E+000  0.236608E+000  0.110476E-005  0.169489E-006  0.169489E-006  0.259106E-007
  0.833437E+000  0.241505E+000  0.123131E-005  0.191297E-006  0.191297E-006  0.296299E-007
  0.834457E+000  0.246400E+000  0.138309E-005  0.217504E-006  0.217504E-006  0.341162E-007
  0.835487E+000  0.251293E+000  0.156390E-005  0.248836E-006  0.248836E-006  0.395063E-007
  0.836525E+000  0.256184E+000  0.178230E-005  0.286791E-006  0.286791E-006  0.460625E-007
  0.837569E+000  0.261073E+000  0.204988E-005  0.333399E-006  0.333399E-006  0.541409E-007
  0.838620E+000  0.265962E+000  0.237735E-005  0.390604E-006  0.390604E-006  0.640942E-007
  0.839675E+000  0.270849E+000  0.278321E-005  0.461661E-006  0.461661E-006  0.764952E-007
  0.840734E+000  0.275736E+000  0.328494E-005  0.549708E-006  0.549708E-006  0.919077E-007
  0.841796E+000  0.280622E+000  0.389843E-005  0.657617E-006  0.657617E-006  0.110851E-006
  0.842858E+000  0.285508E+000  0.464169E-005  0.788541E-006  0.788541E-006  0.133877E-006
  0.843921E+000  0.290393E+000  0.548200E-005  0.936832E-006  0.936832E-006  0.160015E-006
  0.844982E+000  0.295279E+000  0.634472E-005  0.108917E-005  0.108917E-005  0.186890E-006
  0.846040E+000  0.300166E+000  0.702071E-005  0.120848E-005  0.120848E-005  0.207930E-006
  0.847093E+000  0.305054E+000  0.717042E-005  0.123455E-005  0.123455E-005  0.212463E-006
  0.848140E+000  0.309943E+000  0.644363E-005  0.110572E-005  0.110572E-005  0.189639E-006
  0.849178E+000  0.314834E+000  0.486049E-005  0.826541E-006  0.826541E-006  0.140439E-006
  0.850207E+000  0.319727E+000  0.293848E-005  0.489965E-006  0.489965E-006  0.815513E-007
  0.851223E+000  0.324623E+000  0.136410E-005  0.217424E-006  0.217424E-006  0.344443E-007
  0.852226E+000  0.329521E+000  0.416010E-006  0.568139E-007  0.568139E-007  0.732953E-008
  0.853213E+000  0.334423E+000  0.122261E-007  0.124032E-007  0.124032E-007  0.373501E-008
  0.854182E+000  0.339328E+000  0.144690E-006  0.307315E-007  0.307315E-007  0.606692E-008
  0.855130E+000  0.344237E+000  0.147914E-006  0.277245E-007  0.277245E-007  0.490679E-008
  0.856056E+000  0.349151E+000  0.109426E-006  0.185919E-007  0.185919E-007  0.289243E-008
  0.856958E+000  0.354069E+000  0.661900E-007  0.953124E-008  0.953124E-008  0.105645E-008
  0.857833E+000  0.358992E+000  0.305518E-007  0.243529E-008  0.243529E-008  0.320230E-009
  0.858679E+000  0.363920E+000  0.470881E-008  0.252238E-008  0.252238E-008  0.124639E-008
  0.859495E+000  0.368853E+000  0.126066E-007  0.571471E-008  0.571471E-008  0.181522E-008
  0.860278E+000  0.373791E+000  0.234077E-007  0.759616E-008  0.759616E-008  0.212496E-008
  0.861027E+000  0.378734E+000  0.295728E-007  0.856392E-008  0.856392E-008  0.225763E-008
  0.861742E+000  0.383683E+000  0.325813E-007  0.892177E-008  0.892177E-008  0.227459E-008
  0.862419E+000  0.388637E+000  0.334877E-007  0.888203E-008  0.888203E-008  0.221790E-008
  0.863060E+000  0.393596E+000  0.330696E-007  0.859998E-008  0.859998E-008  0.211822E-008
  0.863663E+000  0.398559E+000  0.318389E-007  0.817614E-008  0.817614E-008  0.199502E-008
  0.864227E+000  0.403527E+000  0.301437E-007  0.767801E-008  0.767801E-008  0.186121E-008
  0.864754E+000  0.408500E+000  0.282241E-007  0.715200E-008  0.715200E-008  0.172565E-008
  0.865244E+000  0.413476E+000  0.262299E-007  0.662623E-008  0.662623E-008  0.159353E-008
  0.865696E+000  0.418455E+000  0.242516E-007  0.611702E-008  0.611702E-008  0.146767E-008
  0.866113E+000  0.423438E+000  0.223516E-007  0.563550E-008  0.563550E-008  0.135003E-008
  0.866495E+000  0.428423E+000  0.205607E-007  0.518649E-008  0.518649E-008  0.124124E-008
  0.866844E+000  0.433411E+000  0.188956E-007  0.477215E-008  0.477215E-008  0.114149E-008
  0.867162E+000  0.438401E+000  0.173625E-007  0.439272E-008  0.439272E-008  0.105061E-008
  0.867449E+000  0.443392E+000  0.159583E-007  0.404654E-008  0.404654E-008  0.968034E-009
  0.867709E+000  0.448386E+000  0.146794E-007  0.373217E-008  0.373217E-008  0.893322E-009
  0.867942E+000  0.453380E+000  0.135172E-007  0.344708E-008  0.344708E-008  0.825787E-009
  0.868152E+000  0.458376E+000  0.124640E-007  0.318913E-008  0.318913E-008  0.764880E-009
  0.868339E+000  0.463372E+000  0.115097E-007  0.295566E-008  0.295566E-008  0.709920E-009
  0.868506E+000  0.468370E+000  0.106455E-007  0.274442E-008  0.274442E-008  0.660354E-009
  0.868655E+000  0.473367E+000  0.986347E-008  0.255336E-008  0.255336E-008  0.615676E-009
  0.868787E+000  0.478366E+000  0.915446E-008  0.238023E-008  0.238023E-008  0.575336E-009
  0.868905E+000  0.483364E+000  0.851209E-008  0.222343E-008  0.222343E-008  0.538947E-009
  0.869010E+000  0.488363E+000  0.792896E-008  0.208114E-008  0.208114E-008  0.506064E-009
  0.869104E+000  0.493362E+000  0.739919E-008  0.195189E-008  0.195189E-008  0.476342E-009
  0.869188E+000  0.498362E+000  0.691699E-008  0.183428E-008  0.183428E-008  0.449435E-009
  0.869265E+000  0.503361E+000  0.647803E-008  0.172725E-008  0.172725E-008  0.425094E-009
  0.869334E+000  0.508360E+000  0.607718E-008  0.162953E-008  0.162953E-008  0.403012E-009
  0.869399E+000  0.513360E+000  0.571104E-008  0.154032E-008  0.154032E-008  0.382997E-009
  0.869460E+000  0.518360E+000  0.537592E-008  0.145869E-008  0.145869E-008  0.364829E-009
  0.869518E+000  0.523359E+000  0.506872E-008  0.138390E-008  0.138390E-008  0.348328E-009
  0.869574E+000  0.528359E+000  0.478655E-008  0.131524E-008  0.131524E-008  0.333325E-009
  0.869630E+000  0.533359E+000  0.452715E-008  0.125217E-008  0.125217E-008  0.319692E-009
  0.869687E+000  0.538358E+000  0.428834E-008  0.119415E-008  0.119415E-008  0.307301E-009
  0.869746E+000  0.543358E+000  0.406808E-008  0.114069E-008  0.114069E-008  0.296033E-009
  0.869806E+000  0.548358E+000  0.386445E-008  0.109132E-008  0.109132E-008  0.285775E-009
  0.869871E+000  0.553357E+000  0.367628E-008  0.104576E-008  0.104576E-008  0.276465E-009
  0.869939E+000  0.558357E+000  0.350182E-008  0.100358E-008  0.100358E-008  0.267996E-009
  0.870012E+000  0.563356E+000  0.334003E-008  0.964523E-009  0.964523E-009  0.260310E-009
  0.870092E+000  0.568356E+000  0.318980E-008  0.928330E-009  0.928330E-009  0.253346E-009
  0.870177E+000  0.573355E+000  0.305000E-008  0.894719E-009  0.894719E-009  0.247036E-009
  0.870270E+000  0.578354E+000  0.291988E-008  0.863511E-009  0.863511E-009  0.241339E-009
  0.870370E+000  0.583353E+000  0.279852E-008  0.834480E-009  0.834480E-009  0.236200E-009
  0.870479E+000  0.588352E+000  0.268527E-008  0.807473E-009  0.807473E-009  0.231587E-009
  0.870596E+000  0.593350E+000  0.257943E-008  0.782312E-009  0.782312E-009  0.227455E-009
  0.870723E+000  0.598349E+000  0.248041E-008  0.758867E-009  0.758867E-009  0.223777E-009
  0.870860E+000  0.603347E+000  0.238772E-008  0.737008E-009  0.737008E-009  0.220521E-009
  0.871008E+000  0.608345E+000  0.230085E-008  0.716621E-009  0.716621E-009  0.217663E-009
  0.871167E+000  0.613342E+000  0.221938E-008  0.697597E-009  0.697597E-009  0.215176E-009
  0.871337E+000  0.618339E+000  0.214285E-008  0.679829E-009  0.679829E-009  0.213038E-009
  0.871519E+000  0.623336E+000  0.207094E-008  0.663239E-009  0.663239E-009  0.211231E-009
  0.871714E+000  0.628332E+000  0.200333E-008  0.647754E-009  0.647754E-009  0.209740E-009
  0.871922E+000  0.633328E+000  0.193971E-008  0.633296E-009  0.633296E-009  0.208548E-009
  0.872143E+000  0.638323E+000  0.187979E-008  0.619796E-009  0.619796E-009  0.207640E-009
  0.872378E+000  0.643318E+000  0.182333E-008  0.607198E-009  0.607198E-009  0.207006E-009
  0.872627E+000  0.648311E+000  0.177011E-008  0.595450E-009  0.595450E-009  0.206632E-009
  0.872891E+000  0.653304E+000  0.171990E-008  0.584500E-009  0.584500E-009  0.206512E-009
  0.873170E+000  0.658297E+000  0.167252E-008  0.574300E-009  0.574300E-009  0.206635E-009
  0.873464E+000  0.663288E+000  0.162778E-008  0.564811E-009  0.564811E-009  0.206994E-009
  0.873774E+000  0.668278E+000  0.158554E-008  0.555996E-009  0.555996E-009  0.207584E-009
  0.874101E+000  0.673268E+000  0.154563E-008  0.547822E-009  0.547822E-009  0.208398E-009
  0.874444E+000  0.678256E+000  0.150792E-008  0.540254E-009  0.540254E-009  0.209431E-009
  0.874805E+000  0.683243E+000  0.147229E-008  0.533268E-009  0.533268E-009  0.210681E-009
  0.875183E+000  0.688228E+000  0.143861E-008  0.526832E-009  0.526832E-009  0.212143E-009
  0.875579E+000  0.693213E+000  0.140676E-008  0.520922E-009  0.520922E-009  0.213814E-009
  0.875993E+000  0.698196E+000  0.137666E-008  0.515517E-009  0.515517E-009  0.215693E-009
  0.876426E+000  0.703177E+000  0.134822E-008  0.510599E-009  0.510599E-009  0.217778E-009
  0.876878E+000  0.708156E+000  0.132134E-008  0.506147E-009  0.506147E-009  0.220068E-009
  0.877349E+000  0.713134E+000  0.129594E-008  0.502142E-009  0.502142E-009  0.222563E-009
  0.877841E+000  0.718110E+000  0.127196E-008  0.498574E-009  0.498574E-009  0.225264E-009
  0.878352E+000  0.723084E+000  0.124930E-008  0.495422E-009  0.495422E-009  0.228170E-009
  0.878885E+000  0.728055E+000  0.122794E-008  0.492680E-009  0.492680E-009  0.231284E-009
  0.879439E+000  0.733024E+000  0.120780E-008  0.490332E-009  0.490332E-009  0.234605E-009
  0.880014E+000  0.737991E+000  0.118880E-008  0.488364E-009  0.488364E-009  0.238136E-009
  0.880611E+000  0.742955E+000  0.117092E-008  0.486771E-009  0.486771E-009  0.241879E-009
  0.881231E+000  0.747917E+000  0.115411E-008  0.485541E-009  0.485541E-009  0.245837E-009
  0.881874E+000  0.752875E+000  0.113831E-008  0.484667E-009  0.484667E-009  0.250011E-009
  0.882540E+000  0.757831E+000  0.112347E-008  0.484138E-009  0.484138E-009  0.254407E-009
  0.883231E+000  0.762783E+000  0.110958E-008  0.483950E-009  0.483950E-009  0.259025E-009
  0.883945E+000  0.767732E+000  0.109657E-008  0.484093E-009  0.484093E-009  0.263871E-009
  0.884684E+000  0.772677E+000  0.108443E-008  0.484562E-009  0.484562E-009  0.268947E-009
  0.885449E+000  0.777618E+000  0.107311E-008  0.485350E-009  0.485350E-009  0.274257E-009
  0.886239E+000  0.782555E+000  0.106258E-008  0.486451E-009  0.486451E-009  0.279805E-009
  0.887055E+000  0.787488E+000  0.105281E-008  0.487858E-009  0.487858E-009  0.285597E-009
  0.887899E+000  0.792416E+000  0.104377E-008  0.489567E-009  0.489567E-009  0.291633E-009
  0.888769E+000  0.797340E+000  0.103544E-008  0.491571E-009  0.491571E-009  0.297921E-009
  0.889668E+000  0.802258E+000  0.102779E-008  0.493863E-009  0.493863E-009  0.304462E-009
  0.890595E+000  0.807172E+000  0.102078E-008  0.496439E-009  0.496439E-009  0.311262E-009
  0.891551E+000  0.812080E+000  0.101440E-008  0.499291E-009  0.499291E-009  0.318324E-009
  0.892536E+000  0.816981E+000  0.100863E-008  0.502412E-009  0.502412E-009  0.325648E-009
  0.893551E+000  0.821877E+000  0.100343E-008  0.505796E-009  0.505796E-009  0.333243E-009
  0.894598E+000  0.826767E+000  0.998773E-009  0.509434E-009  0.509434E-009  0.341107E-009
  0.895675E+000  0.831649E+000  0.994651E-009  0.513319E-009  0.513319E-009  0.349243E-009
  0.896785E+000  0.836524E+000  0.991028E-009  0.517439E-009  0.517439E-009  0.357652E-009
  0.897927E+000  0.841392E+000  0.987885E-009  0.521787E-009  0.521787E-009  0.366336E-009
  0.899102E+000  0.846252E+000  0.985196E-009  0.526353E-009  0.526353E-009  0.375295E-009
  0.900311E+000  0.851104E+000  0.982933E-009  0.531123E-009  0.531123E-009  0.384528E-009
  0.901555E+000  0.855947E+000  0.981068E-009  0.536082E-009  0.536082E-009  0.394030E-009
  0.902833E+000  0.860780E+000  0.979582E-009  0.541221E-009  0.541221E-009  0.403799E-009
  0.904148E+000  0.865605E+000  0.978436E-009  0.546522E-009  0.546522E-009  0.413832E-009
  0.905499E+000  0.870419E+000  0.977607E-009  0.551968E-009  0.551968E-009  0.424121E-009
  0.906887E+000  0.875222E+000  0.977061E-009  0.557542E-009  0.557542E-009  0.434657E-009
  0.908312E+000  0.880015E+000  0.976776E-009  0.563230E-009  0.563230E-009  0.445439E-009
  0.909775E+000  0.884796E+000  0.976711E-009  0.569008E-009  0.569008E-009  0.456449E-009
  0.911277E+000  0.889565E+000  0.976828E-009  0.574853E-009  0.574853E-009  0.467675E-009
  0.912818E+000  0.894321E+000  0.977092E-009  0.580745E-009  0.580745E-009  0.479103E-009
  0.914398E+000  0.899065E+000  0.977476E-009  0.586666E-009  0.586666E-009  0.490725E-009
  0.916017E+000  0.903796E+000  0.977942E-009  0.592594E-009  0.592594E-009  0.502523E-009
  0.917676E+000  0.908513E+000  0.978442E-009  0.598500E-009  0.598500E-009  0.514474E-009
  0.919374E+000  0.913215E+000  0.978944E-009  0.604363E-009  0.604363E-009  0.526562E-009
  0.921111E+000  0.917904E+000  0.979418E-009  0.610168E-009  0.610168E-009  0.538776E-009
  0.922887E+000  0.922578E+000  0.979816E-009  0.615886E-009  0.615886E-009  0.551090E-009
  0.924701E+000  0.927237E+000  0.980110E-009  0.621499E-009  0.621499E-009  0.563486E-009
  0.926553E+000  0.931882E+000  0.980262E-009  0.626990E-009  0.626990E-009  0.575950E-009
  0.928441E+000  0.936512E+000  0.980250E-009  0.632342E-009  0.632342E-009  0.588465E-009
  0.930364E+000  0.941127E+000  0.980047E-009  0.637542E-009  0.637542E-009  0.601016E-009
  0.932322E+000  0.945728E+000  0.979615E-009  0.642570E-009  0.642570E-009  0.613584E-009
  0.934313E+000  0.950314E+000  0.978935E-009  0.647414E-009  0.647414E-009  0.626154E-009
  0.936335E+000  0.954887E+000  0.978008E-009  0.652076E-009  0.652076E-009  0.638729E-009
  0.938388E+000  0.959446E+000  0.976786E-009  0.656530E-009  0.656530E-009  0.651280E-009
  0.940469E+000  0.963993E+000  0.975293E-009  0.660787E-009  0.660787E-009  0.663819E-009
  0.942576E+000  0.968527E+000  0.973516E-009  0.664839E-009  0.664839E-009  0.676334E-009
  0.944710E+000  0.973049E+000  0.971410E-009  0.668664E-009  0.668664E-009  0.688803E-009
  0.946866E+000  0.977560E+000  0.969034E-009  0.672288E-009  0.672288E-009  0.701250E-009
  0.949046E+000  0.982060E+000  0.966320E-009  0.675676E-009  0.675676E-009  0.713642E-009
  0.951245E+000  0.986550E+000  0.963336E-009  0.678860E-009  0.678860E-009  0.726008E-009
  0.953464E+000  0.991031E+000  0.960045E-009  0.681818E-009  0.681818E-009  0.738329E-009
  0.955701E+000  0.995502E+000  0.956448E-009  0.684547E-009  0.684547E-009  0.750598E-009
  0.957954E+000  0.999966E+000  0.952585E-009  0.687066E-009  0.687066E-009  0.762839E-009
  0.960223E+000  0.100442E+001  0.948407E-009  0.689343E-009  0.689343E-009  0.775014E-009
  0.962506E+000  0.100887E+001  0.943986E-009  0.691416E-009  0.691416E-009  0.787171E-009
  0.964801E+000  0.101331E+001  0.939289E-009  0.693256E-009  0.693256E-009  0.799270E-009
  0.967109E+000  0.101775E+001  0.934372E-009  0.694898E-009  0.694898E-009  0.811367E-009
  0.969428E+000  0.102218E+001  0.929166E-009  0.696291E-009  0.696291E-009  0.823387E-009
  0.971757E+000  0.102660E+001  0.923676E-009  0.697433E-009  0.697433E-009  0.835326E-009
  0.974095E+000  0.103102E+001  0.918008E-009  0.698380E-009  0.698380E-009  0.847265E-009
  0.976443E+000  0.103544E+001  0.912129E-009  0.699112E-009  0.699112E-009  0.859182E-009
  0.978798E+000  0.103985E+001  0.905994E-009  0.699588E-009  0.699588E-009  0.871012E-009
  0.981160E+000  0.104425E+001  0.899594E-009  0.699799E-009  0.699799E-009  0.882741E-009
  0.983529E+000  0.104866E+001  0.893121E-009  0.699857E-009  0.699857E-009  0.894535E-009
  0.985904E+000  0.105306E+001  0.886390E-009  0.699640E-009  0.699640E-009  0.906216E-009
  0.988285E+000  0.105745E+001  0.879394E-009  0.699137E-009  0.699137E-009  0.917769E-009
  0.990671E+000  0.106185E+001  0.872352E-009  0.698480E-009  0.698480E-009  0.929382E-009
  0.993062E+000  0.106624E+001  0.865058E-009  0.697531E-009  0.697531E-009  0.940856E-009
  0.995458E+000  0.107063E+001  0.857611E-009  0.696347E-009  0.696347E-009  0.952273E-009
  0.997857E+000  0.107501E+001  0.849948E-009  0.694877E-009  0.694877E-009  0.963550E-009
  0.100026E+001  0.107940E+001  0.842251E-009  0.693238E-009  0.693238E-009  0.974862E-009
  0.100267E+001  0.108378E+001  0.834250E-009  0.691245E-009  0.691245E-009  0.985953E-009
  0.100508E+001  0.108816E+001  0.826199E-009  0.689053E-009  0.689053E-009  0.997011E-009
  0.100749E+001  0.109254E+001  0.818097E-009  0.686657E-009  0.686657E-009  0.100803E-008
  0.100990E+001  0.109692E+001  0.809946E-009  0.684054E-009  0.684054E-009  0.101900E-008
  0.101232E+001  0.110130E+001  0.801528E-009  0.681097E-009  0.681097E-009  0.102975E-008
  0.101474E+001  0.110567E+001  0.792964E-009  0.677851E-009  0.677851E-009  0.104032E-008
  0.101716E+001  0.111005E+001  0.784455E-009  0.674453E-009  0.674453E-009  0.105092E-008
  0.101958E+001  0.111442E+001  0.775805E-009  0.670757E-009  0.670757E-009  0.106132E-008
  0.102201E+001  0.111880E+001  0.766999E-009  0.666756E-009  0.666756E-009  0.107156E-008
  0.102443E+001  0.112317E+001  0.758273E-009  0.662596E-009  0.662596E-009  0.108173E-008
  0.102686E+001  0.112754E+001  0.749303E-009  0.658052E-009  0.658052E-009  0.109161E-008
  0.102928E+001  0.113191E+001  0.740514E-009  0.653420E-009  0.653420E-009  0.110153E-008
  0.103171E+001  0.113628E+001  0.731492E-009  0.648396E-009  0.648396E-009  0.111113E-008
  0.103414E+001  0.114065E+001  0.722452E-009  0.643130E-009  0.643130E-009  0.112057E-008
  0.103657E+001  0.114503E+001  0.713490E-009  0.637694E-009  0.637694E-009  0.112996E-008
  0.103899E+001  0.114940E+001  0.704627E-009  0.632098E-009  0.632098E-009  0.113924E-008
  0.104142E+001  0.115377E+001  0.695558E-009  0.626101E-009  0.626101E-009  0.114814E-008
  0.104385E+001  0.115814E+001  0.686491E-009  0.619861E-009  0.619861E-009  0.115685E-008
  0.104628E+001  0.116251E+001  0.677431E-009  0.613377E-009  0.613377E-009  0.116535E-008
  0.104871E+001  0.116688E+001  0.668385E-009  0.606651E-009  0.606651E-009  0.117363E-008
  0.105114E+001  0.117125E+001  0.659360E-009  0.599684E-009  0.599684E-009  0.118168E-008
  0.105356E+001  0.117562E+001  0.650549E-009  0.592640E-009  0.592640E-009  0.118970E-008
  0.105599E+001  0.117999E+001  0.641581E-009  0.585198E-009  0.585198E-009  0.119727E-008
  0.105842E+001  0.118436E+001  0.632654E-009  0.577522E-009  0.577522E-009  0.120458E-008
  0.106084E+001  0.118874E+001  0.624032E-009  0.569851E-009  0.569851E-009  0.121198E-008
  0.106326E+001  0.119311E+001  0.615379E-009  0.561881E-009  0.561881E-009  0.121898E-008
  0.106569E+001  0.119748E+001  0.606608E-009  0.553525E-009  0.553525E-009  0.122548E-008
  0.106811E+001  0.120186E+001  0.598150E-009  0.545186E-009  0.545186E-009  0.123205E-008
  0.107053E+001  0.120623E+001  0.589687E-009  0.536562E-009  0.536562E-009  0.123820E-008
  0.107295E+001  0.121061E+001  0.581373E-009  0.527801E-009  0.527801E-009  0.124419E-008
  0.107536E+001  0.121499E+001  0.573301E-009  0.519000E-009  0.519000E-009  0.125011E-008
  0.107778E+001  0.121936E+001  0.565085E-009  0.509769E-009  0.509769E-009  0.125535E-008
  0.108019E+001  0.122374E+001  0.557190E-009  0.500581E-009  0.500581E-009  0.126066E-008
  0.108261E+001  0.122812E+001  0.549240E-009  0.491045E-009  0.491045E-009  0.126542E-008
  0.108502E+001  0.123250E+001  0.541548E-009  0.481496E-009  0.481496E-009  0.127010E-008
  0.108743E+001  0.123689E+001  0.534029E-009  0.471846E-009  0.471846E-009  0.127462E-008
  0.108983E+001  0.124127E+001  0.526705E-009  0.462128E-009  0.462128E-009  0.127892E-008
  0.109224E+001  0.124565E+001  0.519359E-009  0.452095E-009  0.452095E-009  0.128265E-008
  0.109464E+001  0.125004E+001  0.512337E-009  0.442145E-009  0.442145E-009  0.128648E-008
  0.109704E+001  0.125442E+001  0.505385E-009  0.431992E-009  0.431992E-009  0.128985E-008
  0.109944E+001  0.125881E+001  0.498624E-009  0.421777E-009  0.421777E-009  0.129307E-008
  0.110183E+001  0.126320E+001  0.492126E-009  0.411603E-009  0.411603E-009  0.129626E-008
  0.110422E+001  0.126759E+001  0.485766E-009  0.401320E-009  0.401320E-009  0.129918E-008
  0.110661E+001  0.127198E+001  0.479549E-009  0.390938E-009  0.390938E-009  0.130182E-008
  0.110900E+001  0.127638E+001  0.473530E-009  0.380530E-009  0.380530E-009  0.130437E-008
  0.111139E+001  0.128077E+001  0.467612E-009  0.369981E-009  0.369981E-009  0.130652E-008
  0.111377E+001  0.128517E+001  0.462007E-009  0.359585E-009  0.359585E-009  0.130891E-008
  0.111615E+001  0.128956E+001  0.456509E-009  0.349071E-009  0.349071E-009  0.131096E-008
  0.111852E+001  0.129396E+001  0.451317E-009  0.338731E-009  0.338731E-009  0.131335E-008
  0.112090E+001  0.129836E+001  0.446179E-009  0.328203E-009  0.328203E-009  0.131534E-008
  0.112327E+001  0.130277E+001  0.441342E-009  0.317872E-009  0.317872E-009  0.131778E-008
  0.112564E+001  0.130717E+001  0.436622E-009  0.307477E-009  0.307477E-009  0.132010E-008
  0.112800E+001  0.131157E+001  0.432156E-009  0.297248E-009  0.297248E-009  0.132288E-008
  0.113037E+001  0.131598E+001  0.427798E-009  0.286951E-009  0.286951E-009  0.132576E-008
  0.113273E+001  0.132039E+001  0.423690E-009  0.276854E-009  0.276854E-009  0.132941E-008
  0.113509E+001  0.132480E+001  0.419742E-009  0.266821E-009  0.266821E-009  0.133365E-008
  0.113745E+001  0.132920E+001  0.415920E-009  0.256812E-009  0.256812E-009  0.133852E-008
  0.113981E+001  0.133361E+001  0.412296E-009  0.246974E-009  0.246974E-009  0.134478E-008
  0.114217E+001  0.133802E+001  0.408835E-009  0.237274E-009  0.237274E-009  0.135265E-008
  0.114454E+001  0.134242E+001  0.405431E-009  0.227507E-009  0.227507E-009  0.136193E-008
  0.114692E+001  0.134682E+001  0.402125E-009  0.217760E-009  0.217760E-009  0.137353E-008
  0.114934E+001  0.135119E+001  0.398639E-009  0.207304E-009  0.207304E-009  0.138533E-008
  0.115183E+001  0.135553E+001  0.394840E-009  0.195557E-009  0.195557E-009  0.139524E-008
  0.115445E+001  0.135979E+001  0.390395E-009  0.181062E-009  0.181062E-009  0.139552E-008
  0.115719E+001  0.136397E+001  0.385686E-009  0.164220E-009  0.164220E-009  0.138459E-008
  0.116001E+001  0.136810E+001  0.381271E-009  0.146328E-009  0.146328E-009  0.136582E-008
  0.116288E+001  0.137219E+001  0.377463E-009  0.128294E-009  0.128294E-009  0.134188E-008
  0.116577E+001  0.137627E+001  0.374443E-009  0.110870E-009  0.110870E-009  0.131664E-008
  0.116868E+001  0.138034E+001  0.372189E-009  0.941403E-010  0.941403E-010  0.129020E-008
  0.117159E+001  0.138441E+001  0.370690E-009  0.783231E-010  0.783231E-010  0.126455E-008
  0.117451E+001  0.138846E+001  0.369874E-009  0.633095E-010  0.633095E-010  0.123811E-008
  0.117744E+001  0.139252E+001  0.369698E-009  0.491184E-010  0.491184E-010  0.121222E-008
  0.118037E+001  0.139657E+001  0.370106E-009  0.357678E-010  0.357678E-010  0.118670E-008
  0.118330E+001  0.140062E+001  0.371047E-009  0.232042E-010  0.232042E-010  0.116195E-008
  0.118624E+001  0.140466E+001  0.372477E-009  0.114206E-010  0.114206E-010  0.113696E-008
  0.118919E+001  0.140870E+001  0.374355E-009  0.388772E-012  0.388772E-012  0.111217E-008
  0.119213E+001  0.141274E+001  0.376624E-009  0.996338E-011  0.996338E-011  0.108869E-008
  0.119508E+001  0.141678E+001  0.379260E-009  0.196277E-010  0.196277E-010  0.106537E-008
  0.119803E+001  0.142082E+001  0.382221E-009  0.286628E-010  0.286628E-010  0.104275E-008
  0.120098E+001  0.142485E+001  0.385472E-009  0.370414E-010  0.370414E-010  0.102050E-008
  0.120394E+001  0.142889E+001  0.388994E-009  0.448514E-010  0.448514E-010  0.998725E-009
  0.120689E+001  0.143292E+001  0.392743E-009  0.521193E-010  0.521193E-010  0.977765E-009
  0.120985E+001  0.143695E+001  0.396702E-009  0.587977E-010  0.587977E-010  0.956983E-009
  0.121282E+001  0.144098E+001  0.400844E-009  0.648953E-010  0.648953E-010  0.936405E-009
  0.121578E+001  0.144500E+001  0.405136E-009  0.705248E-010  0.705248E-010  0.916601E-009
  0.121875E+001  0.144903E+001  0.409579E-009  0.756930E-010  0.756930E-010  0.897234E-009
  0.122171E+001  0.145305E+001  0.414139E-009  0.804472E-010  0.804472E-010  0.878577E-009
  0.122468E+001  0.145708E+001  0.418815E-009  0.847812E-010  0.847812E-010  0.860323E-009
  0.122766E+001  0.146110E+001  0.423541E-009  0.885317E-010  0.885317E-010  0.842077E-009
  0.123063E+001  0.146512E+001  0.428359E-009  0.920172E-010  0.920172E-010  0.824693E-009
  0.123360E+001  0.146914E+001  0.433241E-009  0.951517E-010  0.951517E-010  0.807813E-009
  0.123658E+001  0.147315E+001  0.438112E-009  0.977458E-010  0.977458E-010  0.790973E-009
  0.123956E+001  0.147717E+001  0.443051E-009  0.100110E-009  0.100110E-009  0.774800E-009
  0.124253E+001  0.148119E+001  0.448052E-009  0.102287E-009  0.102287E-009  0.759354E-009
  0.124551E+001  0.148520E+001  0.452997E-009  0.103966E-009  0.103966E-009  0.743960E-009
  0.124850E+001  0.148922E+001  0.457948E-009  0.105341E-009  0.105341E-009  0.728928E-009
  0.125148E+001  0.149323E+001  0.462894E-009  0.106481E-009  0.106481E-009  0.714435E-009
  0.125446E+001  0.149724E+001  0.467832E-009  0.107372E-009  0.107372E-009  0.700366E-009
  0.125745E+001  0.150125E+001  0.472701E-009  0.107906E-009  0.107906E-009  0.686513E-009
  0.126043E+001  0.150526E+001  0.477600E-009  0.108334E-009  0.108334E-009  0.673259E-009
  0.126342E+001  0.150927E+001  0.482414E-009  0.108428E-009  0.108428E-009  0.660214E-009
  0.126641E+001  0.151328E+001  0.487192E-009  0.108319E-009  0.108319E-009  0.647556E-009
  0.126940E+001  0.151729E+001  0.491928E-009  0.108017E-009  0.108017E-009  0.635274E-009
  0.127239E+001  0.152130E+001  0.496621E-009  0.107531E-009  0.107531E-009  0.623355E-009
  0.127538E+001  0.152530E+001  0.501200E-009  0.106786E-009  0.106786E-009  0.611713E-009
  0.127837E+001  0.152931E+001  0.505792E-009  0.105959E-009  0.105959E-009  0.600490E-009
  0.128136E+001  0.153331E+001  0.510260E-009  0.104894E-009  0.104894E-009  0.589531E-009
  0.128436E+001  0.153732E+001  0.514658E-009  0.103649E-009  0.103649E-009  0.578846E-009
  0.128735E+001  0.154132E+001  0.519003E-009  0.102296E-009  0.102296E-009  0.568537E-009
  0.129035E+001  0.154533E+001  0.523272E-009  0.100778E-009  0.100778E-009  0.558485E-009
  0.129334E+001  0.154933E+001  0.527485E-009  0.991632E-010  0.991632E-010  0.548785E-009
  0.129634E+001  0.155333E+001  0.531540E-009  0.973277E-010  0.973277E-010  0.539287E-009
  0.129933E+001  0.155734E+001  0.535692E-009  0.955484E-010  0.955484E-010  0.530203E-009
  0.130233E+001  0.156134E+001  0.539600E-009  0.934936E-010  0.934936E-010  0.521273E-009
  0.130533E+001  0.156534E+001  0.543433E-009  0.913400E-010  0.913400E-010  0.512619E-009
  0.130833E+001  0.156934E+001  0.547189E-009  0.890928E-010  0.890928E-010  0.504233E-009
  0.131133E+001  0.157334E+001  0.550867E-009  0.867569E-010  0.867569E-010  0.496107E-009
  0.131432E+001  0.157734E+001  0.554568E-009  0.844227E-010  0.844227E-010  0.488291E-009
  0.131732E+001  0.158134E+001  0.558090E-009  0.819211E-010  0.819211E-010  0.480660E-009
  0.132032E+001  0.158534E+001  0.561533E-009  0.793446E-010  0.793446E-010  0.473267E-009
  0.132332E+001  0.158934E+001  0.564896E-009  0.766975E-010  0.766975E-010  0.466107E-009
  0.132632E+001  0.159334E+001  0.568179E-009  0.739836E-010  0.739836E-010  0.459174E-009
  0.132933E+001  0.159734E+001  0.571274E-009  0.711346E-010  0.711346E-010  0.452423E-009
  0.133233E+001  0.160134E+001  0.574396E-009  0.683013E-010  0.683013E-010  0.445927E-009
  0.133533E+001  0.160534E+001  0.577437E-009  0.654123E-010  0.654123E-010  0.439640E-009
  0.133833E+001  0.160934E+001  0.580399E-009  0.624710E-010  0.624710E-010  0.433557E-009
  0.134133E+001  0.161334E+001  0.583280E-009  0.594807E-010  0.594807E-010  0.427672E-009
  0.134433E+001  0.161734E+001  0.586081E-009  0.564444E-010  0.564444E-010  0.421981E-009
  0.134733E+001  0.162134E+001  0.588803E-009  0.533652E-010  0.533652E-010  0.416478E-009
  0.135034E+001  0.162534E+001  0.591331E-009  0.501922E-010  0.501922E-010  0.411139E-009
  0.135334E+001  0.162933E+001  0.593802E-009  0.470078E-010  0.470078E-010  0.406002E-009
  0.135634E+001  0.163333E+001  0.596286E-009  0.438213E-010  0.438213E-010  0.401040E-009
  0.135934E+001  0.163733E+001  0.598691E-009  0.406026E-010  0.406026E-010  0.396250E-009
  0.136234E+001  0.164133E+001  0.601019E-009  0.373543E-010  0.373543E-010  0.391627E-009
  0.136534E+001  0.164533E+001  0.603269E-009  0.340789E-010  0.340789E-010  0.387166E-009
  0.136834E+001  0.164933E+001  0.605442E-009  0.307785E-010  0.307785E-010  0.382865E-009
  0.137135E+001  0.165333E+001  0.607424E-009  0.274194E-010  0.274194E-010  0.378712E-009
  0.137435E+001  0.165733E+001  0.609445E-009  0.240783E-010  0.240783E-010  0.374720E-009
  0.137735E+001  0.166133E+001  0.611391E-009  0.207186E-010  0.207186E-010  0.370876E-009
  0.138035E+001  0.166533E+001  0.613263E-009  0.173424E-010  0.173424E-010  0.367178E-009
  0.138335E+001  0.166933E+001  0.615060E-009  0.139516E-010  0.139516E-010  0.363621E-009
  0.138635E+001  0.167333E+001  0.616785E-009  0.105481E-010  0.105481E-010  0.360203E-009
  0.138935E+001  0.167733E+001  0.618438E-009  0.713372E-011  0.713372E-011  0.356922E-009
  0.139235E+001  0.168133E+001  0.620019E-009  0.371008E-011  0.371008E-011  0.353772E-009
  0.139535E+001  0.168533E+001  0.621529E-009  0.278903E-012  0.278903E-012  0.350753E-009
  0.139835E+001  0.168933E+001  0.622969E-009  0.315822E-011  0.315822E-011  0.347861E-009
  0.140134E+001  0.169333E+001  0.624453E-009  0.658591E-011  0.658591E-011  0.345093E-009
  0.140434E+001  0.169733E+001  0.625755E-009  0.100323E-010  0.100323E-010  0.342447E-009
  0.140734E+001  0.170133E+001  0.626990E-009  0.134802E-010  0.134802E-010  0.339919E-009
  0.141034E+001  0.170533E+001  0.628159E-009  0.169281E-010  0.169281E-010  0.337507E-009
  0.141333E+001  0.170934E+001  0.629456E-009  0.203727E-010  0.203727E-010  0.335204E-009
  0.141633E+001  0.171334E+001  0.630493E-009  0.238200E-010  0.238200E-010  0.333018E-009
  0.141932E+001  0.171734E+001  0.631574E-009  0.272610E-010  0.272610E-010  0.330941E-009
  0.142232E+001  0.172135E+001  0.632566E-009  0.307092E-010  0.307092E-010  0.328965E-009
  0.142531E+001  0.172535E+001  0.633520E-009  0.341454E-010  0.341454E-010  0.327100E-009
  0.142831E+001  0.172936E+001  0.634386E-009  0.375855E-010  0.375855E-010  0.325333E-009
  0.143130E+001  0.173336E+001  0.635216E-009  0.410121E-010  0.410121E-010  0.323671E-009
  0.143429E+001  0.173737E+001  0.636064E-009  0.444453E-010  0.444453E-010  0.322103E-009
  0.143728E+001  0.174138E+001  0.636850E-009  0.478734E-010  0.478734E-010  0.320633E-009
  0.144027E+001  0.174538E+001  0.637499E-009  0.512801E-010  0.512801E-010  0.319260E-009
  0.144326E+001  0.174939E+001  0.638167E-009  0.546936E-010  0.546936E-010  0.317978E-009
  0.144625E+001  0.175340E+001  0.638776E-009  0.580988E-010  0.580988E-010  0.316788E-009
  0.144924E+001  0.175741E+001  0.639327E-009  0.614946E-010  0.614946E-010  0.315687E-009
  0.145222E+001  0.176142E+001  0.639920E-009  0.648945E-010  0.648945E-010  0.314677E-009
  0.145521E+001  0.176543E+001  0.640358E-009  0.682701E-010  0.682701E-010  0.313751E-009
  0.145819E+001  0.176944E+001  0.640837E-009  0.716505E-010  0.716505E-010  0.312912E-009
  0.146118E+001  0.177345E+001  0.641166E-009  0.750022E-010  0.750022E-010  0.312154E-009
  0.146416E+001  0.177747E+001  0.641606E-009  0.783821E-010  0.783821E-010  0.311483E-009
  0.146714E+001  0.178148E+001  0.641921E-009  0.817278E-010  0.817278E-010  0.310891E-009
  0.147012E+001  0.178549E+001  0.642184E-009  0.850603E-010  0.850603E-010  0.310378E-009
  0.147310E+001  0.178951E+001  0.642462E-009  0.884039E-010  0.884039E-010  0.309946E-009
  0.147608E+001  0.179352E+001  0.642621E-009  0.917084E-010  0.917084E-010  0.309586E-009
  0.147906E+001  0.179754E+001  0.642796E-009  0.950239E-010  0.950239E-010  0.309306E-009
  0.148204E+001  0.180156E+001  0.642920E-009  0.983245E-010  0.983245E-010  0.309100E-009
  0.148501E+001  0.180558E+001  0.643080E-009  0.101636E-009  0.101636E-009  0.308974E-009
  0.148799E+001  0.180960E+001  0.643105E-009  0.104906E-009  0.104906E-009  0.308912E-009
  0.149096E+001  0.181362E+001  0.643165E-009  0.108187E-009  0.108187E-009  0.308930E-009
  0.149393E+001  0.181764E+001  0.643177E-009  0.111452E-009  0.111452E-009  0.309017E-009
  0.149690E+001  0.182166E+001  0.643141E-009  0.114700E-009  0.114700E-009  0.309172E-009
  0.149987E+001  0.182569E+001  0.643117E-009  0.117962E-009  0.117962E-009  0.309403E-009
  0.150283E+001  0.182971E+001  0.643066E-009  0.121206E-009  0.121206E-009  0.309704E-009
