  0.943738E+000  0.362319E-001  0.911412E-010  0.291915E-009  0.291915E-009  0.792149E-011
  0.943738E+000  0.362319E-001  0.911412E-010  0.291915E-009  0.291915E-009  0.792149E-011
  0.943453E+000  0.412238E-001  0.104385E-009  0.293110E-009  0.293110E-009  0.911858E-011
  0.943136E+000  0.462138E-001  0.117894E-009  0.294474E-009  0.294474E-009  0.103547E-010
  0.942788E+000  0.512016E-001  0.131702E-009  0.296013E-009  0.296013E-009  0.116340E-010
  0.942411E+000  0.561874E-001  0.145844E-009  0.297731E-009  0.297731E-009  0.129602E-010
  0.942005E+000  0.611709E-001  0.160362E-009  0.299638E-009  0.299638E-009  0.143372E-010
  0.941573E+000  0.661522E-001  0.175289E-009  0.301739E-009  0.301739E-009  0.157684E-010
  0.941116E+000  0.711313E-001  0.190667E-009  0.304042E-009  0.304042E-009  0.172575E-010
  0.940636E+000  0.761081E-001  0.206536E-009  0.306555E-009  0.306555E-009  0.188079E-010
  0.940134E+000  0.810829E-001  0.222941E-009  0.309288E-009  0.309288E-009  0.204231E-010
  0.939612E+000  0.860556E-001  0.239926E-009  0.312250E-009  0.312250E-009  0.221066E-010
  0.939072E+000  0.910263E-001  0.257535E-009  0.315451E-009  0.315451E-009  0.238617E-010
  0.938515E+000  0.959952E-001  0.275821E-009  0.318902E-009  0.318902E-009  0.256921E-010
  0.937942E+000  0.100962E+000  0.294838E-009  0.322617E-009  0.322617E-009  0.276016E-010
  0.937356E+000  0.105928E+000  0.314635E-009  0.326606E-009  0.326606E-009  0.295942E-010
  0.936757E+000  0.110892E+000  0.335274E-009  0.330886E-009  0.330886E-009  0.316738E-010
  0.936146E+000  0.115854E+000  0.356819E-009  0.335473E-009  0.335473E-009  0.338447E-010
  0.935526E+000  0.120816E+000  0.379333E-009  0.340379E-009  0.340379E-009  0.361121E-010
  0.934897E+000  0.125776E+000  0.402885E-009  0.345625E-009  0.345625E-009  0.384802E-010
  0.934261E+000  0.130735E+000  0.427549E-009  0.351228E-009  0.351228E-009  0.409547E-010
  0.933619E+000  0.135694E+000  0.453408E-009  0.357210E-009  0.357210E-009  0.435418E-010
  0.932971E+000  0.140652E+000  0.480554E-009  0.363596E-009  0.363596E-009  0.462476E-010
  0.932320E+000  0.145609E+000  0.509063E-009  0.370405E-009  0.370405E-009  0.490782E-010
  0.931666E+000  0.150566E+000  0.539046E-009  0.377666E-009  0.377666E-009  0.520417E-010
  0.931010E+000  0.155523E+000  0.570610E-009  0.385410E-009  0.385410E-009  0.551463E-010
  0.930353E+000  0.160480E+000  0.603871E-009  0.393666E-009  0.393666E-009  0.584006E-010
  0.929697E+000  0.165436E+000  0.638935E-009  0.402463E-009  0.402463E-009  0.618129E-010
  0.929041E+000  0.170393E+000  0.675971E-009  0.411848E-009  0.411848E-009  0.653957E-010
  0.928388E+000  0.175350E+000  0.715092E-009  0.421852E-009  0.421852E-009  0.691587E-010
  0.927738E+000  0.180308E+000  0.756472E-009  0.432523E-009  0.432523E-009  0.731152E-010
  0.927092E+000  0.185266E+000  0.800277E-009  0.443906E-009  0.443906E-009  0.772778E-010
  0.926450E+000  0.190225E+000  0.846713E-009  0.456059E-009  0.456059E-009  0.816629E-010
  0.925814E+000  0.195184E+000  0.895957E-009  0.469032E-009  0.469032E-009  0.862848E-010
  0.925185E+000  0.200144E+000  0.948235E-009  0.482887E-009  0.482887E-009  0.911616E-010
  0.924563E+000  0.205106E+000  0.100381E-008  0.497700E-009  0.497700E-009  0.963146E-010
  0.923949E+000  0.210068E+000  0.106294E-008  0.513540E-009  0.513540E-009  0.101763E-009
  0.923345E+000  0.215031E+000  0.112587E-008  0.530482E-009  0.530482E-009  0.107530E-009
  0.922751E+000  0.219996E+000  0.119297E-008  0.548625E-009  0.548625E-009  0.113643E-009
  0.922168E+000  0.224962E+000  0.126456E-008  0.568062E-009  0.568062E-009  0.120129E-009
  0.921597E+000  0.229929E+000  0.134101E-008  0.588901E-009  0.588901E-009  0.127018E-009
  0.921039E+000  0.234898E+000  0.142276E-008  0.611263E-009  0.611263E-009  0.134346E-009
  0.920494E+000  0.239868E+000  0.151027E-008  0.635284E-009  0.635284E-009  0.142152E-009
  0.919965E+000  0.244840E+000  0.160399E-008  0.661090E-009  0.661090E-009  0.150473E-009
  0.919452E+000  0.249813E+000  0.170449E-008  0.688846E-009  0.688846E-009  0.159356E-009
  0.918956E+000  0.254789E+000  0.181239E-008  0.718733E-009  0.718733E-009  0.168855E-009
  0.918478E+000  0.259766E+000  0.192834E-008  0.750937E-009  0.750937E-009  0.179023E-009
  0.918020E+000  0.264745E+000  0.205304E-008  0.785660E-009  0.785660E-009  0.189920E-009
  0.917583E+000  0.269726E+000  0.218728E-008  0.823138E-009  0.823138E-009  0.201614E-009
  0.917168E+000  0.274708E+000  0.233193E-008  0.863621E-009  0.863621E-009  0.214179E-009
  0.916777E+000  0.279693E+000  0.248796E-008  0.907393E-009  0.907393E-009  0.227699E-009
  0.916410E+000  0.284680E+000  0.265648E-008  0.954783E-009  0.954783E-009  0.242271E-009
  0.916071E+000  0.289668E+000  0.283842E-008  0.100607E-008  0.100607E-008  0.257979E-009
  0.915759E+000  0.294658E+000  0.303526E-008  0.106169E-008  0.106169E-008  0.274950E-009
  0.915478E+000  0.299650E+000  0.324816E-008  0.112199E-008  0.112199E-008  0.293292E-009
  0.915228E+000  0.304644E+000  0.347876E-008  0.118746E-008  0.118746E-008  0.313150E-009
  0.915013E+000  0.309640E+000  0.372842E-008  0.125853E-008  0.125853E-008  0.334655E-009
  0.914833E+000  0.314636E+000  0.399897E-008  0.133574E-008  0.133574E-008  0.357972E-009
  0.914691E+000  0.319634E+000  0.429224E-008  0.141966E-008  0.141966E-008  0.383274E-009
  0.914588E+000  0.324633E+000  0.461030E-008  0.151092E-008  0.151092E-008  0.410758E-009
  0.914529E+000  0.329633E+000  0.495475E-008  0.161005E-008  0.161005E-008  0.440593E-009
  0.914513E+000  0.334633E+000  0.532825E-008  0.171787E-008  0.171787E-008  0.473029E-009
  0.914544E+000  0.339633E+000  0.573275E-008  0.183502E-008  0.183502E-008  0.508276E-009
  0.914624E+000  0.344632E+000  0.617052E-008  0.196225E-008  0.196225E-008  0.546573E-009
  0.914755E+000  0.349630E+000  0.664397E-008  0.210034E-008  0.210034E-008  0.588181E-009
  0.914940E+000  0.354627E+000  0.715521E-008  0.225004E-008  0.225004E-008  0.633350E-009
  0.915180E+000  0.359621E+000  0.770665E-008  0.241218E-008  0.241218E-008  0.682356E-009
  0.915476E+000  0.364612E+000  0.830089E-008  0.258764E-008  0.258764E-008  0.735504E-009
  0.915832E+000  0.369600E+000  0.893920E-008  0.277701E-008  0.277701E-008  0.793018E-009
  0.916248E+000  0.374582E+000  0.962360E-008  0.298104E-008  0.298104E-008  0.855174E-009
  0.916726E+000  0.379560E+000  0.103557E-007  0.320044E-008  0.320044E-008  0.922246E-009
  0.917266E+000  0.384530E+000  0.111367E-007  0.343574E-008  0.343574E-008  0.994458E-009
  0.917869E+000  0.389494E+000  0.119677E-007  0.368758E-008  0.368758E-008  0.107207E-008
  0.918535E+000  0.394449E+000  0.128489E-007  0.395625E-008  0.395625E-008  0.115527E-008
  0.919264E+000  0.399396E+000  0.137808E-007  0.424219E-008  0.424219E-008  0.124425E-008
  0.920055E+000  0.404333E+000  0.147631E-007  0.454561E-008  0.454561E-008  0.133919E-008
  0.920909E+000  0.409259E+000  0.157934E-007  0.486609E-008  0.486609E-008  0.144005E-008
  0.921822E+000  0.414175E+000  0.168738E-007  0.520455E-008  0.520455E-008  0.154721E-008
  0.922795E+000  0.419080E+000  0.180003E-007  0.556015E-008  0.556015E-008  0.166052E-008
  0.923826E+000  0.423972E+000  0.191706E-007  0.593248E-008  0.593248E-008  0.177998E-008
  0.924912E+000  0.428853E+000  0.203852E-007  0.632199E-008  0.632199E-008  0.190581E-008
  0.926052E+000  0.433721E+000  0.216397E-007  0.672764E-008  0.672764E-008  0.203780E-008
  0.927244E+000  0.438577E+000  0.229321E-007  0.714911E-008  0.714911E-008  0.217598E-008
  0.928486E+000  0.443420E+000  0.242587E-007  0.758555E-008  0.758555E-008  0.232018E-008
  0.929775E+000  0.448251E+000  0.256189E-007  0.803704E-008  0.803704E-008  0.247052E-008
  0.931109E+000  0.453070E+000  0.270101E-007  0.850294E-008  0.850294E-008  0.262690E-008
  0.932487E+000  0.457877E+000  0.284268E-007  0.898188E-008  0.898188E-008  0.278899E-008
  0.933905E+000  0.462671E+000  0.298695E-007  0.947411E-008  0.947411E-008  0.295696E-008
  0.935363E+000  0.467454E+000  0.313325E-007  0.997813E-008  0.997813E-008  0.313044E-008
  0.936857E+000  0.472225E+000  0.328173E-007  0.104945E-007  0.104945E-007  0.330964E-008
  0.938387E+000  0.476986E+000  0.343185E-007  0.110217E-007  0.110217E-007  0.349421E-008
  0.939950E+000  0.481735E+000  0.358345E-007  0.115593E-007  0.115593E-007  0.368406E-008
  0.941545E+000  0.486474E+000  0.373631E-007  0.121068E-007  0.121068E-007  0.387911E-008
  0.943170E+000  0.491202E+000  0.389020E-007  0.126634E-007  0.126634E-007  0.407917E-008
  0.944824E+000  0.495921E+000  0.404498E-007  0.132289E-007  0.132289E-007  0.428423E-008
  0.946505E+000  0.500630E+000  0.420051E-007  0.138029E-007  0.138029E-007  0.449418E-008
  0.948212E+000  0.505330E+000  0.435662E-007  0.143848E-007  0.143848E-007  0.470892E-008
  0.949943E+000  0.510020E+000  0.451325E-007  0.149744E-007  0.149744E-007  0.492843E-008
  0.951698E+000  0.514702E+000  0.467008E-007  0.155709E-007  0.155709E-007  0.515246E-008
  0.953475E+000  0.519376E+000  0.482737E-007  0.161750E-007  0.161750E-007  0.538132E-008
  0.955273E+000  0.524041E+000  0.498476E-007  0.167855E-007  0.167855E-007  0.561465E-008
  0.957092E+000  0.528699E+000  0.514204E-007  0.174019E-007  0.174019E-007  0.585230E-008
  0.958930E+000  0.533348E+000  0.529918E-007  0.180239E-007  0.180239E-007  0.609420E-008
  0.960787E+000  0.537991E+000  0.545633E-007  0.186520E-007  0.186520E-007  0.634061E-008
  0.962662E+000  0.542626E+000  0.561295E-007  0.192846E-007  0.192846E-007  0.659092E-008
  0.964554E+000  0.547254E+000  0.576936E-007  0.199224E-007  0.199224E-007  0.684550E-008
  0.966462E+000  0.551876E+000  0.592596E-007  0.205670E-007  0.205670E-007  0.710483E-008
  0.968387E+000  0.556491E+000  0.608124E-007  0.212131E-007  0.212131E-007  0.736722E-008
  0.970326E+000  0.561099E+000  0.623672E-007  0.218659E-007  0.218659E-007  0.763437E-008
  0.972280E+000  0.565702E+000  0.639190E-007  0.225237E-007  0.225237E-007  0.790579E-008
  0.974248E+000  0.570298E+000  0.654634E-007  0.231848E-007  0.231848E-007  0.818092E-008
  0.976229E+000  0.574889E+000  0.670108E-007  0.238530E-007  0.238530E-007  0.846103E-008
  0.978224E+000  0.579473E+000  0.685413E-007  0.245211E-007  0.245211E-007  0.874371E-008
  0.980232E+000  0.584053E+000  0.700697E-007  0.251944E-007  0.251944E-007  0.903080E-008
  0.982251E+000  0.588627E+000  0.716012E-007  0.258745E-007  0.258745E-007  0.932290E-008
  0.984283E+000  0.593195E+000  0.731143E-007  0.265539E-007  0.265539E-007  0.961735E-008
  0.986326E+000  0.597759E+000  0.746310E-007  0.272404E-007  0.272404E-007  0.991695E-008
  0.988380E+000  0.602318E+000  0.761438E-007  0.279313E-007  0.279313E-007  0.102207E-007
  0.990445E+000  0.606871E+000  0.776440E-007  0.286232E-007  0.286232E-007  0.105276E-007
  0.992520E+000  0.611420E+000  0.791473E-007  0.293220E-007  0.293220E-007  0.108395E-007
  0.994606E+000  0.615965E+000  0.806402E-007  0.300226E-007  0.300226E-007  0.111548E-007
  0.996701E+000  0.620504E+000  0.821296E-007  0.307276E-007  0.307276E-007  0.114744E-007
  0.998806E+000  0.625040E+000  0.836175E-007  0.314376E-007  0.314376E-007  0.117985E-007
  0.100092E+001  0.629571E+000  0.851010E-007  0.321515E-007  0.321515E-007  0.121267E-007
  0.100304E+001  0.634097E+000  0.866114E-007  0.328810E-007  0.328810E-007  0.124634E-007
  0.100518E+001  0.638620E+000  0.879930E-007  0.335680E-007  0.335680E-007  0.127871E-007
  0.100732E+001  0.643138E+000  0.894654E-007  0.342942E-007  0.342942E-007  0.131280E-007
  0.100947E+001  0.647653E+000  0.909200E-007  0.350192E-007  0.350192E-007  0.134713E-007
  0.101162E+001  0.652163E+000  0.924684E-007  0.357851E-007  0.357851E-007  0.138328E-007
  0.101379E+001  0.656670E+000  0.938648E-007  0.364989E-007  0.364989E-007  0.141774E-007
  0.101596E+001  0.661173E+000  0.953581E-007  0.372550E-007  0.372550E-007  0.145409E-007
  0.101814E+001  0.665672E+000  0.968148E-007  0.380025E-007  0.380025E-007  0.149039E-007
  0.102033E+001  0.670168E+000  0.982369E-007  0.387421E-007  0.387421E-007  0.152666E-007
  0.102253E+001  0.674660E+000  0.996121E-007  0.394686E-007  0.394686E-007  0.156271E-007
  0.102473E+001  0.679149E+000  0.101090E-006  0.402402E-007  0.402402E-007  0.160080E-007
  0.102694E+001  0.683634E+000  0.102516E-006  0.409971E-007  0.409971E-007  0.163859E-007
  0.102916E+001  0.688116E+000  0.103892E-006  0.417397E-007  0.417397E-007  0.167611E-007
  0.103138E+001  0.692594E+000  0.105363E-006  0.425246E-007  0.425246E-007  0.171559E-007
  0.103361E+001  0.697070E+000  0.106787E-006  0.432966E-007  0.432966E-007  0.175485E-007
  0.103585E+001  0.701542E+000  0.108143E-006  0.440464E-007  0.440464E-007  0.179351E-007
  0.103809E+001  0.706011E+000  0.109600E-006  0.448416E-007  0.448416E-007  0.183428E-007
  0.104034E+001  0.710477E+000  0.110990E-006  0.456156E-007  0.456156E-007  0.187449E-007
  0.104259E+001  0.714940E+000  0.112482E-006  0.464359E-007  0.464359E-007  0.191687E-007
  0.104485E+001  0.719400E+000  0.113902E-006  0.472325E-007  0.472325E-007  0.195860E-007
  0.104712E+001  0.723857E+000  0.115244E-006  0.480020E-007  0.480020E-007  0.199951E-007
  0.104939E+001  0.728311E+000  0.116684E-006  0.488172E-007  0.488172E-007  0.204260E-007
  0.105167E+001  0.732763E+000  0.118049E-006  0.496065E-007  0.496065E-007  0.208493E-007
  0.105395E+001  0.737211E+000  0.119503E-006  0.504377E-007  0.504377E-007  0.212929E-007
  0.105624E+001  0.741657E+000  0.120874E-006  0.512400E-007  0.512400E-007  0.217276E-007
  0.105853E+001  0.746100E+000  0.122344E-006  0.520885E-007  0.520885E-007  0.221847E-007
  0.106083E+001  0.750541E+000  0.123724E-006  0.529049E-007  0.529049E-007  0.226316E-007
  0.106313E+001  0.754979E+000  0.125202E-006  0.537679E-007  0.537679E-007  0.231012E-007
  0.106544E+001  0.759414E+000  0.126572E-006  0.545903E-007  0.545903E-007  0.235569E-007
  0.106775E+001  0.763847E+000  0.128050E-006  0.554640E-007  0.554640E-007  0.240376E-007
  0.107007E+001  0.768277E+000  0.129412E-006  0.562931E-007  0.562931E-007  0.245024E-007
  0.107239E+001  0.772705E+000  0.130880E-006  0.571736E-007  0.571736E-007  0.249926E-007
  0.107472E+001  0.777131E+000  0.132235E-006  0.580103E-007  0.580103E-007  0.254672E-007
  0.107705E+001  0.781554E+000  0.133684E-006  0.588930E-007  0.588930E-007  0.259650E-007
  0.107939E+001  0.785975E+000  0.135011E-006  0.597277E-007  0.597277E-007  0.264452E-007
  0.108173E+001  0.790393E+000  0.136429E-006  0.606075E-007  0.606075E-007  0.269483E-007
  0.108407E+001  0.794810E+000  0.137968E-006  0.615459E-007  0.615459E-007  0.274807E-007
  0.108642E+001  0.799224E+000  0.139361E-006  0.624255E-007  0.624255E-007  0.279907E-007
  0.108877E+001  0.803635E+000  0.140846E-006  0.633514E-007  0.633514E-007  0.285246E-007
  0.109113E+001  0.808045E+000  0.142202E-006  0.642251E-007  0.642251E-007  0.290387E-007
  0.109349E+001  0.812453E+000  0.143661E-006  0.651504E-007  0.651504E-007  0.295795E-007
  0.109585E+001  0.816858E+000  0.145213E-006  0.661229E-007  0.661229E-007  0.301450E-007
  0.109822E+001  0.821262E+000  0.146624E-006  0.670377E-007  0.670377E-007  0.306882E-007
  0.110059E+001  0.825663E+000  0.148125E-006  0.679985E-007  0.679985E-007  0.312558E-007
  0.110297E+001  0.830063E+000  0.149473E-006  0.688960E-007  0.688960E-007  0.317984E-007
  0.110535E+001  0.834460E+000  0.150908E-006  0.698379E-007  0.698379E-007  0.323647E-007
  0.110773E+001  0.838855E+000  0.152447E-006  0.708329E-007  0.708329E-007  0.329592E-007
  0.111012E+001  0.843249E+000  0.153820E-006  0.717580E-007  0.717580E-007  0.335253E-007
  0.111251E+001  0.847641E+000  0.155295E-006  0.727350E-007  0.727350E-007  0.341190E-007
  0.111490E+001  0.852031E+000  0.156872E-006  0.737655E-007  0.737655E-007  0.347416E-007
  0.111730E+001  0.856419E+000  0.158254E-006  0.747113E-007  0.747113E-007  0.353286E-007
  0.111970E+001  0.860805E+000  0.159735E-006  0.757088E-007  0.757088E-007  0.359436E-007
  0.112210E+001  0.865190E+000  0.161335E-006  0.767680E-007  0.767680E-007  0.365917E-007
  0.112451E+001  0.869572E+000  0.162707E-006  0.777258E-007  0.777258E-007  0.371959E-007
  0.112692E+001  0.873953E+000  0.164194E-006  0.787432E-007  0.787432E-007  0.378324E-007
  0.112933E+001  0.878333E+000  0.165798E-006  0.798227E-007  0.798227E-007  0.385025E-007
  0.113175E+001  0.882710E+000  0.167156E-006  0.807910E-007  0.807910E-007  0.391237E-007
  0.113417E+001  0.887086E+000  0.168628E-006  0.818190E-007  0.818190E-007  0.397775E-007
  0.113659E+001  0.891461E+000  0.170215E-006  0.829086E-007  0.829086E-007  0.404652E-007
  0.113901E+001  0.895834E+000  0.171901E-006  0.840526E-007  0.840526E-007  0.411836E-007
  0.114144E+001  0.900205E+000  0.173339E-006  0.850828E-007  0.850828E-007  0.418514E-007
  0.114387E+001  0.904575E+000  0.174891E-006  0.861742E-007  0.861742E-007  0.425532E-007
  0.114630E+001  0.908943E+000  0.176538E-006  0.873186E-007  0.873186E-007  0.432854E-007
  0.114874E+001  0.913310E+000  0.177938E-006  0.883483E-007  0.883483E-007  0.439659E-007
  0.115118E+001  0.917675E+000  0.179428E-006  0.894279E-007  0.894279E-007  0.446752E-007
  0.115362E+001  0.922039E+000  0.181029E-006  0.905692E-007  0.905692E-007  0.454197E-007
  0.115606E+001  0.926402E+000  0.182746E-006  0.917744E-007  0.917744E-007  0.462007E-007
  0.115851E+001  0.930763E+000  0.184172E-006  0.928412E-007  0.928412E-007  0.469174E-007
  0.116095E+001  0.935122E+000  0.186076E-006  0.941540E-007  0.941540E-007  0.477621E-007
  0.116340E+001  0.939481E+000  0.187727E-006  0.953470E-007  0.953470E-007  0.485518E-007
  0.116586E+001  0.943838E+000  0.189064E-006  0.963881E-007  0.963881E-007  0.492697E-007
  0.116831E+001  0.948193E+000  0.190891E-006  0.976838E-007  0.976838E-007  0.501213E-007
  0.117077E+001  0.952548E+000  0.192444E-006  0.988472E-007  0.988472E-007  0.509109E-007
  0.117323E+001  0.956901E+000  0.194081E-006  0.100060E-006  0.100060E-006  0.517308E-007
  0.117569E+001  0.961253E+000  0.195828E-006  0.101337E-006  0.101337E-006  0.525886E-007
  0.117816E+001  0.965604E+000  0.197254E-006  0.102455E-006  0.102455E-006  0.533701E-007
  0.118062E+001  0.969953E+000  0.199197E-006  0.103848E-006  0.103848E-006  0.542981E-007
  0.118309E+001  0.974301E+000  0.200810E-006  0.105076E-006  0.105076E-006  0.551472E-007
  0.118556E+001  0.978649E+000  0.202555E-006  0.106381E-006  0.106381E-006  0.560413E-007
  0.118803E+001  0.982995E+000  0.204383E-006  0.107737E-006  0.107737E-006  0.569676E-007
  0.119051E+001  0.987339E+000  0.205828E-006  0.108899E-006  0.108899E-006  0.577978E-007
  0.119298E+001  0.991683E+000  0.207872E-006  0.110384E-006  0.110384E-006  0.588034E-007
  0.119546E+001  0.996026E+000  0.209551E-006  0.111683E-006  0.111683E-006  0.597176E-007
  0.119794E+001  0.100037E+001  0.211389E-006  0.113076E-006  0.113076E-006  0.606868E-007
  0.120042E+001  0.100471E+001  0.213249E-006  0.114488E-006  0.114488E-006  0.616721E-007
  0.120291E+001  0.100905E+001  0.214742E-006  0.115711E-006  0.115711E-006  0.625629E-007
  0.120539E+001  0.101339E+001  0.216869E-006  0.117282E-006  0.117282E-006  0.636460E-007
  0.120788E+001  0.101772E+001  0.218321E-006  0.118497E-006  0.118497E-006  0.645435E-007
  0.121037E+001  0.102206E+001  0.220199E-006  0.119951E-006  0.119951E-006  0.655764E-007
  0.121286E+001  0.102640E+001  0.222212E-006  0.121486E-006  0.121486E-006  0.666600E-007
  0.121535E+001  0.103073E+001  0.224047E-006  0.122933E-006  0.122933E-006  0.677014E-007
  0.121784E+001  0.103506E+001  0.226013E-006  0.124459E-006  0.124459E-006  0.687932E-007
  0.122034E+001  0.103940E+001  0.227881E-006  0.125942E-006  0.125942E-006  0.698685E-007
  0.122284E+001  0.104373E+001  0.229550E-006  0.127322E-006  0.127322E-006  0.708936E-007
  0.122533E+001  0.104806E+001  0.231916E-006  0.129096E-006  0.129096E-006  0.721427E-007
  0.122783E+001  0.105239E+001  0.233844E-006  0.130638E-006  0.130638E-006  0.732707E-007
  0.123033E+001  0.105672E+001  0.235902E-006  0.132261E-006  0.132261E-006  0.744511E-007
  0.123284E+001  0.106105E+001  0.237494E-006  0.133632E-006  0.133632E-006  0.754983E-007
  0.123534E+001  0.106538E+001  0.239812E-006  0.135419E-006  0.135419E-006  0.767851E-007
  0.123785E+001  0.106970E+001  0.241290E-006  0.136742E-006  0.136742E-006  0.778183E-007
  0.124035E+001  0.107403E+001  0.243873E-006  0.138698E-006  0.138698E-006  0.792167E-007
  0.124286E+001  0.107836E+001  0.245967E-006  0.140389E-006  0.140389E-006  0.804729E-007
  0.124537E+001  0.108268E+001  0.247811E-006  0.141946E-006  0.141946E-006  0.816601E-007
  0.124788E+001  0.108701E+001  0.250160E-006  0.143801E-006  0.143801E-006  0.830265E-007
  0.125039E+001  0.109133E+001  0.252253E-006  0.145520E-006  0.145520E-006  0.843220E-007
  0.125290E+001  0.109565E+001  0.254471E-006  0.147321E-006  0.147321E-006  0.856731E-007
  0.125542E+001  0.109997E+001  0.256134E-006  0.148811E-006  0.148811E-006  0.868530E-007
  0.125793E+001  0.110430E+001  0.259011E-006  0.151015E-006  0.151015E-006  0.884552E-007
  0.126045E+001  0.110862E+001  0.260913E-006  0.152664E-006  0.152664E-006  0.897434E-007
  0.126296E+001  0.111294E+001  0.263647E-006  0.154808E-006  0.154808E-006  0.913292E-007
  0.126548E+001  0.111726E+001  0.265793E-006  0.156620E-006  0.156620E-006  0.927302E-007
  0.126800E+001  0.112158E+001  0.268059E-006  0.158514E-006  0.158514E-006  0.941877E-007
  0.127052E+001  0.112590E+001  0.270447E-006  0.160490E-006  0.160490E-006  0.957036E-007
  0.127304E+001  0.113021E+001  0.272509E-006  0.162284E-006  0.162284E-006  0.971197E-007
  0.127556E+001  0.113453E+001  0.275142E-006  0.164429E-006  0.164429E-006  0.987543E-007
  0.127808E+001  0.113885E+001  0.277904E-006  0.166664E-006  0.166664E-006  0.100453E-006
  0.128061E+001  0.114316E+001  0.279529E-006  0.168229E-006  0.168229E-006  0.101760E-006
  0.128313E+001  0.114748E+001  0.282537E-006  0.170636E-006  0.170636E-006  0.103583E-006
  0.128566E+001  0.115180E+001  0.284859E-006  0.172643E-006  0.172643E-006  0.105175E-006
  0.128818E+001  0.115611E+001  0.287636E-006  0.174936E-006  0.174936E-006  0.106950E-006
  0.129071E+001  0.116043E+001  0.290192E-006  0.177111E-006  0.177111E-006  0.108665E-006
  0.129324E+001  0.116474E+001  0.292354E-006  0.179056E-006  0.179056E-006  0.110249E-006
  0.129576E+001  0.116905E+001  0.295495E-006  0.181611E-006  0.181611E-006  0.112217E-006
  0.129829E+001  0.117337E+001  0.298405E-006  0.184042E-006  0.184042E-006  0.114122E-006
  0.130082E+001  0.117768E+001  0.300902E-006  0.186231E-006  0.186231E-006  0.115888E-006
  0.130335E+001  0.118199E+001  0.303506E-006  0.188499E-006  0.188499E-006  0.117714E-006
  0.130588E+001  0.118631E+001  0.306774E-006  0.191194E-006  0.191194E-006  0.119819E-006
  0.130841E+001  0.119062E+001  0.309605E-006  0.193632E-006  0.193632E-006  0.121775E-006
  0.131094E+001  0.119493E+001  0.312549E-006  0.196154E-006  0.196154E-006  0.123795E-006
  0.131348E+001  0.119924E+001  0.314624E-006  0.198146E-006  0.198146E-006  0.125496E-006
  0.131601E+001  0.120355E+001  0.317779E-006  0.200829E-006  0.200829E-006  0.127642E-006
  0.131854E+001  0.120786E+001  0.321050E-006  0.203602E-006  0.203602E-006  0.129859E-006
  0.132108E+001  0.121217E+001  0.323407E-006  0.205811E-006  0.205811E-006  0.131732E-006
  0.132361E+001  0.121648E+001  0.326895E-006  0.208754E-006  0.208754E-006  0.134083E-006
  0.132614E+001  0.122080E+001  0.331139E-006  0.212199E-006  0.212199E-006  0.136771E-006
  0.132868E+001  0.122511E+001  0.333793E-006  0.214643E-006  0.214643E-006  0.138833E-006
  0.133121E+001  0.122941E+001  0.336979E-006  0.217443E-006  0.217443E-006  0.141136E-006
  0.133375E+001  0.123372E+001  0.339812E-006  0.220033E-006  0.220033E-006  0.143318E-006
  0.133628E+001  0.123803E+001  0.343873E-006  0.223434E-006  0.223434E-006  0.146040E-006
  0.133882E+001  0.124234E+001  0.346895E-006  0.226180E-006  0.226180E-006  0.148352E-006
  0.134136E+001  0.124665E+001  0.350004E-006  0.228998E-006  0.228998E-006  0.150726E-006
  0.134389E+001  0.125096E+001  0.354401E-006  0.232678E-006  0.232678E-006  0.153679E-006
  0.134643E+001  0.125527E+001  0.357700E-006  0.235658E-006  0.235658E-006  0.156191E-006
  0.134896E+001  0.125958E+001  0.362334E-006  0.239536E-006  0.239536E-006  0.159311E-006
  0.135150E+001  0.126389E+001  0.365823E-006  0.242681E-006  0.242681E-006  0.161964E-006
  0.135404E+001  0.126820E+001  0.369397E-006  0.245900E-006  0.245900E-006  0.164684E-006
  0.135658E+001  0.127250E+001  0.372269E-006  0.248668E-006  0.248668E-006  0.167118E-006
  0.135911E+001  0.127681E+001  0.377336E-006  0.252923E-006  0.252923E-006  0.170563E-006
  0.136165E+001  0.128112E+001  0.381165E-006  0.256373E-006  0.256373E-006  0.173490E-006
  0.136419E+001  0.128543E+001  0.385074E-006  0.259898E-006  0.259898E-006  0.176485E-006
  0.136672E+001  0.128974E+001  0.390486E-006  0.264461E-006  0.264461E-006  0.180200E-006
  0.136926E+001  0.129405E+001  0.394576E-006  0.268154E-006  0.268154E-006  0.183350E-006
  0.137180E+001  0.129835E+001  0.397860E-006  0.271319E-006  0.271319E-006  0.186156E-006
  0.137434E+001  0.130266E+001  0.402083E-006  0.275145E-006  0.275145E-006  0.189434E-006
  0.137687E+001  0.130697E+001  0.407912E-006  0.280097E-006  0.280097E-006  0.193504E-006
  0.137941E+001  0.131128E+001  0.412302E-006  0.284089E-006  0.284089E-006  0.196939E-006
  0.138195E+001  0.131559E+001  0.416757E-006  0.288150E-006  0.288150E-006  0.200442E-006
  0.138448E+001  0.131990E+001  0.422910E-006  0.293413E-006  0.293413E-006  0.204801E-006
  0.138702E+001  0.132421E+001  0.427518E-006  0.297633E-006  0.297633E-006  0.208462E-006
  0.138956E+001  0.132851E+001  0.431169E-006  0.301209E-006  0.301209E-006  0.211694E-006
  0.139209E+001  0.133282E+001  0.437601E-006  0.306756E-006  0.306756E-006  0.216329E-006
  0.139463E+001  0.133713E+001  0.442378E-006  0.311175E-006  0.311175E-006  0.220199E-006
  0.139717E+001  0.134144E+001  0.447198E-006  0.315650E-006  0.315650E-006  0.224133E-006
  0.139970E+001  0.134575E+001  0.453903E-006  0.321488E-006  0.321488E-006  0.229056E-006
  0.140224E+001  0.135006E+001  0.458828E-006  0.326097E-006  0.326097E-006  0.233137E-006
  0.140477E+001  0.135437E+001  0.465710E-006  0.332129E-006  0.332129E-006  0.238258E-006
  0.140731E+001  0.135868E+001  0.470718E-006  0.336858E-006  0.336858E-006  0.242479E-006
  0.140984E+001  0.136299E+001  0.477757E-006  0.343075E-006  0.343075E-006  0.247794E-006
  0.141238E+001  0.136730E+001  0.482822E-006  0.347908E-006  0.347908E-006  0.252146E-006
  0.141491E+001  0.137161E+001  0.489993E-006  0.354293E-006  0.354293E-006  0.257647E-006
  0.141744E+001  0.137592E+001  0.497247E-006  0.360777E-006  0.360777E-006  0.263255E-006
  0.141998E+001  0.138023E+001  0.502360E-006  0.365745E-006  0.365745E-006  0.267794E-006
  0.142251E+001  0.138454E+001  0.509700E-006  0.372369E-006  0.372369E-006  0.273571E-006
  0.142504E+001  0.138886E+001  0.518480E-006  0.380093E-006  0.380093E-006  0.280192E-006
  0.142757E+001  0.139317E+001  0.525960E-006  0.386907E-006  0.386907E-006  0.286186E-006
  0.143010E+001  0.139748E+001  0.533480E-006  0.393794E-006  0.393794E-006  0.292269E-006
  0.143263E+001  0.140179E+001  0.541029E-006  0.400744E-006  0.400744E-006  0.298439E-006
  0.143516E+001  0.140611E+001  0.550120E-006  0.408888E-006  0.408888E-006  0.305538E-006
  0.143769E+001  0.141042E+001  0.557726E-006  0.415973E-006  0.415973E-006  0.311889E-006
  0.144022E+001  0.141473E+001  0.565323E-006  0.423096E-006  0.423096E-006  0.318309E-006
  0.144275E+001  0.141905E+001  0.574538E-006  0.431481E-006  0.431481E-006  0.325720E-006
  0.144527E+001  0.142336E+001  0.584955E-006  0.440823E-006  0.440823E-006  0.333897E-006
  0.144780E+001  0.142767E+001  0.592535E-006  0.448080E-006  0.448080E-006  0.340550E-006
  0.145033E+001  0.143199E+001  0.601817E-006  0.456677E-006  0.456677E-006  0.348264E-006
  0.145285E+001  0.143631E+001  0.614180E-006  0.467675E-006  0.467675E-006  0.357857E-006
  0.145538E+001  0.144062E+001  0.621629E-006  0.474985E-006  0.474985E-006  0.364690E-006
  0.145790E+001  0.144494E+001  0.634124E-006  0.486215E-006  0.486215E-006  0.374576E-006
  0.146042E+001  0.144925E+001  0.644744E-006  0.496070E-006  0.496070E-006  0.383465E-006
  0.146295E+001  0.145357E+001  0.653937E-006  0.504891E-006  0.504891E-006  0.391616E-006
  0.146547E+001  0.145789E+001  0.666559E-006  0.516425E-006  0.516425E-006  0.401921E-006
  0.146799E+001  0.146221E+001  0.679235E-006  0.528077E-006  0.528077E-006  0.412385E-006
  0.147051E+001  0.146652E+001  0.689707E-006  0.538080E-006  0.538080E-006  0.421627E-006
  0.147303E+001  0.147084E+001  0.702346E-006  0.549848E-006  0.549848E-006  0.432315E-006
  0.147555E+001  0.147516E+001  0.714955E-006  0.561670E-006  0.561670E-006  0.443114E-006
  0.147807E+001  0.147948E+001  0.727504E-006  0.573520E-006  0.573520E-006  0.454007E-006
  0.148058E+001  0.148380E+001  0.744216E-006  0.588742E-006  0.588742E-006  0.467638E-006
  0.148310E+001  0.148812E+001  0.756658E-006  0.600675E-006  0.600675E-006  0.478748E-006
  0.148561E+001  0.149245E+001  0.776165E-006  0.618320E-006  0.618320E-006  0.494485E-006
  0.148813E+001  0.149677E+001  0.788419E-006  0.630277E-006  0.630277E-006  0.505776E-006
  0.149064E+001  0.150109E+001  0.805269E-006  0.646001E-006  0.646001E-006  0.520163E-006
  0.149315E+001  0.150541E+001  0.822109E-006  0.661820E-006  0.661820E-006  0.534722E-006
  0.149566E+001  0.150974E+001  0.841968E-006  0.680189E-006  0.680189E-006  0.551443E-006
  0.149817E+001  0.151406E+001  0.858740E-006  0.696172E-006  0.696172E-006  0.566337E-006
  0.150068E+001  0.151839E+001  0.878645E-006  0.714817E-006  0.714817E-006  0.583500E-006
