  0.849500E-002  0.315833E-001  0.591717E+000
  0.122425E-001  0.455164E-001  0.591722E+000
  0.159900E-001  0.594499E-001  0.591729E+000
  0.197375E-001  0.733839E-001  0.591737E+000
  0.234850E-001  0.873186E-001  0.591747E+000
  0.272325E-001  0.101254E+000  0.591760E+000
  0.309800E-001  0.115190E+000  0.591773E+000
  0.309800E-001  0.653813E+000  0.335886E+001
  0.347275E-001  0.129128E+000  0.591788E+000
  0.347275E-001  0.695039E+000  0.318534E+001
  0.384750E-001  0.143066E+000  0.591805E+000
  0.384750E-001  0.734533E+000  0.303846E+001
  0.422225E-001  0.157006E+000  0.591824E+000
  0.422225E-001  0.772562E+000  0.291212E+001
  0.459700E-001  0.170947E+000  0.591845E+000
  0.459700E-001  0.809334E+000  0.280203E+001
  0.497175E-001  0.184890E+000  0.591868E+000
  0.497175E-001  0.845014E+000  0.270505E+001
  0.534650E-001  0.198835E+000  0.591892E+000
  0.534650E-001  0.879737E+000  0.261881E+001
  0.572125E-001  0.212781E+000  0.591918E+000
  0.572125E-001  0.913614E+000  0.254151E+001
  0.609600E-001  0.226729E+000  0.591946E+000
  0.609600E-001  0.946736E+000  0.247175E+001
  0.647075E-001  0.240679E+000  0.591976E+000
  0.647075E-001  0.979183E+000  0.240840E+001
  0.684550E-001  0.254632E+000  0.592007E+000
  0.684550E-001  0.101102E+001  0.235058E+001
  0.722025E-001  0.268586E+000  0.592041E+000
  0.722025E-001  0.104230E+001  0.229753E+001
  0.759500E-001  0.282544E+000  0.592076E+000
  0.759500E-001  0.107308E+001  0.224867E+001
  0.796975E-001  0.296503E+000  0.592114E+000
  0.796975E-001  0.110340E+001  0.220348E+001
  0.834450E-001  0.310466E+000  0.592152E+000
  0.834450E-001  0.113330E+001  0.216155E+001
  0.871925E-001  0.324431E+000  0.592193E+000
  0.871925E-001  0.116281E+001  0.212252E+001
  0.909400E-001  0.338399E+000  0.592236E+000
  0.909400E-001  0.119197E+001  0.208607E+001
  0.946875E-001  0.352371E+000  0.592280E+000
  0.946875E-001  0.122079E+001  0.205195E+001
  0.984350E-001  0.366345E+000  0.592327E+000
  0.984350E-001  0.124930E+001  0.201993E+001
  0.102183E+000  0.380324E+000  0.592375E+000
  0.102183E+000  0.127753E+001  0.198982E+001
  0.105930E+000  0.394305E+000  0.592425E+000
  0.105930E+000  0.130549E+001  0.196144E+001
  0.109678E+000  0.408291E+000  0.592478E+000
  0.109678E+000  0.133320E+001  0.193463E+001
  0.113425E+000  0.422280E+000  0.592532E+000
  0.113425E+000  0.136068E+001  0.190927E+001
  0.117173E+000  0.436273E+000  0.592588E+000
  0.117173E+000  0.138794E+001  0.188524E+001
  0.120920E+000  0.450271E+000  0.592646E+000
  0.120920E+000  0.141500E+001  0.186243E+001
  0.124668E+000  0.464272E+000  0.592706E+000
  0.124668E+000  0.144187E+001  0.184074E+001
  0.128415E+000  0.478278E+000  0.592768E+000
  0.128415E+000  0.146855E+001  0.182010E+001
  0.132163E+000  0.492289E+000  0.592833E+000
  0.132163E+000  0.149507E+001  0.180042E+001
  0.135910E+000  0.506305E+000  0.592899E+000
  0.135910E+000  0.152143E+001  0.178164E+001
  0.139658E+000  0.520325E+000  0.592967E+000
  0.139658E+000  0.154763E+001  0.176370E+001
  0.143405E+000  0.534351E+000  0.593038E+000
  0.143405E+000  0.157369E+001  0.174653E+001
  0.147153E+000  0.548382E+000  0.593110E+000
  0.147153E+000  0.159962E+001  0.173009E+001
  0.150900E+000  0.562418E+000  0.593185E+000
  0.150900E+000  0.162542E+001  0.171434E+001
  0.154648E+000  0.576460E+000  0.593262E+000
  0.154648E+000  0.165110E+001  0.169922E+001
  0.158395E+000  0.590507E+000  0.593340E+000
  0.158395E+000  0.167666E+001  0.168471E+001
  0.162143E+000  0.604561E+000  0.593422E+000
  0.162143E+000  0.170212E+001  0.167075E+001
  0.165890E+000  0.618620E+000  0.593505E+000
  0.165890E+000  0.172747E+001  0.165733E+001
  0.169638E+000  0.632686E+000  0.593590E+000
  0.169638E+000  0.175272E+001  0.164442E+001
  0.173385E+000  0.646759E+000  0.593678E+000
  0.173385E+000  0.177788E+001  0.163197E+001
  0.177133E+000  0.660838E+000  0.593768E+000
  0.177133E+000  0.180295E+001  0.161997E+001
  0.180880E+000  0.674924E+000  0.593860E+000
  0.180880E+000  0.182794E+001  0.160839E+001
  0.184628E+000  0.689017E+000  0.593955E+000
  0.184628E+000  0.185285E+001  0.159722E+001
  0.188375E+000  0.703117E+000  0.594052E+000
  0.188375E+000  0.187768E+001  0.158642E+001
  0.192123E+000  0.717225E+000  0.594152E+000
  0.192123E+000  0.190244E+001  0.157599E+001
  0.195870E+000  0.731340E+000  0.594253E+000
  0.195870E+000  0.192713E+001  0.156589E+001
  0.199618E+000  0.745464E+000  0.594358E+000
  0.199618E+000  0.195175E+001  0.155613E+001
  0.203365E+000  0.759595E+000  0.594465E+000
  0.203365E+000  0.197631E+001  0.154667E+001
  0.207113E+000  0.773735E+000  0.594574E+000
  0.207113E+000  0.200081E+001  0.153752E+001
  0.210860E+000  0.787883E+000  0.594686E+000
  0.210860E+000  0.202525E+001  0.152864E+001
  0.214608E+000  0.802040E+000  0.594800E+000
  0.214608E+000  0.204964E+001  0.152003E+001
  0.218355E+000  0.816206E+000  0.594918E+000
  0.218355E+000  0.207397E+001  0.151168E+001
  0.222103E+000  0.830381E+000  0.595037E+000
  0.222103E+000  0.209826E+001  0.150358E+001
  0.225850E+000  0.844566E+000  0.595160E+000
  0.225850E+000  0.212250E+001  0.149571E+001
  0.229598E+000  0.858760E+000  0.595285E+000
  0.229598E+000  0.214669E+001  0.148807E+001
  0.233345E+000  0.872965E+000  0.595413E+000
  0.233345E+000  0.217084E+001  0.148064E+001
  0.237093E+000  0.887179E+000  0.595544E+000
  0.237093E+000  0.219495E+001  0.147342E+001
  0.240840E+000  0.901404E+000  0.595677E+000
  0.240840E+000  0.221902E+001  0.146640E+001
  0.244588E+000  0.915640E+000  0.595814E+000
  0.244588E+000  0.224305E+001  0.145957E+001
  0.248335E+000  0.929887E+000  0.595953E+000
  0.248335E+000  0.226705E+001  0.145292E+001
  0.252083E+000  0.944145E+000  0.596096E+000
  0.252083E+000  0.229101E+001  0.144645E+001
  0.255830E+000  0.958415E+000  0.596241E+000
  0.255830E+000  0.231493E+001  0.144015E+001
  0.259578E+000  0.972697E+000  0.596390E+000
  0.259578E+000  0.233883E+001  0.143401E+001
  0.263325E+000  0.986990E+000  0.596542E+000
  0.263325E+000  0.236270E+001  0.142803E+001
  0.267073E+000  0.100130E+001  0.596697E+000
  0.267073E+000  0.238654E+001  0.142219E+001
  0.270820E+000  0.101562E+001  0.596855E+000
  0.270820E+000  0.241035E+001  0.141651E+001
  0.274568E+000  0.102995E+001  0.597017E+000
  0.274568E+000  0.243413E+001  0.141096E+001
  0.278315E+000  0.104429E+001  0.597181E+000
  0.278315E+000  0.245789E+001  0.140555E+001
  0.282063E+000  0.105865E+001  0.597350E+000
  0.282063E+000  0.248163E+001  0.140027E+001
  0.285810E+000  0.107303E+001  0.597521E+000
  0.285810E+000  0.250535E+001  0.139512E+001
  0.289558E+000  0.108742E+001  0.597697E+000
  0.289558E+000  0.252904E+001  0.139008E+001
  0.293305E+000  0.110182E+001  0.597876E+000
  0.293305E+000  0.255271E+001  0.138517E+001
  0.297053E+000  0.111624E+001  0.598058E+000
  0.297053E+000  0.257636E+001  0.138036E+001
  0.300800E+000  0.113067E+001  0.598245E+000
  0.300800E+000  0.260000E+001  0.137567E+001
  0.304548E+000  0.114512E+001  0.598435E+000
  0.304548E+000  0.262361E+001  0.137109E+001
  0.308295E+000  0.115959E+001  0.598629E+000
  0.308295E+000  0.264721E+001  0.136660E+001
  0.312043E+000  0.117407E+001  0.598827E+000
  0.312043E+000  0.267080E+001  0.136222E+001
  0.315790E+000  0.118857E+001  0.599029E+000
  0.315790E+000  0.269437E+001  0.135793E+001
  0.319538E+000  0.120309E+001  0.599236E+000
  0.319538E+000  0.271792E+001  0.135374E+001
  0.323285E+000  0.121763E+001  0.599446E+000
  0.323285E+000  0.274146E+001  0.134964E+001
  0.327033E+000  0.123219E+001  0.599661E+000
  0.327033E+000  0.276499E+001  0.134562E+001
  0.330780E+000  0.124676E+001  0.599880E+000
  0.330780E+000  0.278851E+001  0.134169E+001
  0.334528E+000  0.126136E+001  0.600104E+000
  0.334528E+000  0.281201E+001  0.133784E+001
  0.338275E+000  0.127597E+001  0.600332E+000
  0.338275E+000  0.283550E+001  0.133408E+001
  0.342023E+000  0.129061E+001  0.600565E+000
  0.342023E+000  0.285899E+001  0.133039E+001
  0.345770E+000  0.130527E+001  0.600803E+000
  0.345770E+000  0.288246E+001  0.132677E+001
  0.349518E+000  0.131995E+001  0.601045E+000
  0.349518E+000  0.290592E+001  0.132323E+001
  0.353265E+000  0.133465E+001  0.601293E+000
  0.353265E+000  0.292938E+001  0.131976E+001
  0.357013E+000  0.134937E+001  0.601545E+000
  0.357013E+000  0.295283E+001  0.131636E+001
  0.360760E+000  0.136412E+001  0.601803E+000
  0.360760E+000  0.297627E+001  0.131303E+001
  0.364508E+000  0.137889E+001  0.602067E+000
  0.364508E+000  0.299970E+001  0.130976E+001
  0.368255E+000  0.139369E+001  0.602336E+000
  0.368255E+000  0.302313E+001  0.130656E+001
  0.372003E+000  0.140852E+001  0.602610E+000
  0.372003E+000  0.304655E+001  0.130341E+001
  0.375750E+000  0.142337E+001  0.602890E+000
  0.375750E+000  0.306996E+001  0.130033E+001
  0.379498E+000  0.143825E+001  0.603176E+000
  0.379498E+000  0.309337E+001  0.129731E+001
  0.383245E+000  0.145315E+001  0.603468E+000
  0.383245E+000  0.311678E+001  0.129434E+001
  0.386993E+000  0.146809E+001  0.603766E+000
  0.386993E+000  0.314018E+001  0.129143E+001
  0.390740E+000  0.148305E+001  0.604071E+000
  0.390740E+000  0.316357E+001  0.128858E+001
  0.394488E+000  0.149804E+001  0.604382E+000
  0.394488E+000  0.318696E+001  0.128577E+001
  0.398235E+000  0.151307E+001  0.604700E+000
  0.398235E+000  0.321036E+001  0.128302E+001
  0.401983E+000  0.152813E+001  0.605024E+000
  0.401983E+000  0.323374E+001  0.128032E+001
  0.405730E+000  0.154322E+001  0.605356E+000
  0.405730E+000  0.325712E+001  0.127767E+001
  0.409478E+000  0.155834E+001  0.605694E+000
  0.409478E+000  0.328051E+001  0.127506E+001
  0.413225E+000  0.157351E+001  0.606041E+000
  0.413225E+000  0.330388E+001  0.127250E+001
  0.416973E+000  0.158870E+001  0.606394E+000
  0.416973E+000  0.332726E+001  0.126999E+001
  0.420720E+000  0.160394E+001  0.606756E+000
  0.420720E+000  0.335064E+001  0.126752E+001
  0.424468E+000  0.161921E+001  0.607125E+000
  0.424468E+000  0.337401E+001  0.126509E+001
  0.428215E+000  0.163452E+001  0.607503E+000
  0.428215E+000  0.339739E+001  0.126271E+001
  0.431963E+000  0.164987E+001  0.607889E+000
  0.431963E+000  0.342076E+001  0.126037E+001
  0.435710E+000  0.166527E+001  0.608284E+000
  0.435710E+000  0.344413E+001  0.125806E+001
  0.439458E+000  0.168070E+001  0.608688E+000
  0.439458E+000  0.346751E+001  0.125580E+001
  0.443205E+000  0.169619E+001  0.609101E+000
  0.443205E+000  0.349088E+001  0.125358E+001
  0.446953E+000  0.171172E+001  0.609523E+000
  0.446953E+000  0.351425E+001  0.125139E+001
  0.450700E+000  0.172729E+001  0.609956E+000
  0.450700E+000  0.353763E+001  0.124924E+001
  0.454448E+000  0.174292E+001  0.610398E+000
  0.454448E+000  0.356100E+001  0.124712E+001
  0.458195E+000  0.175859E+001  0.610851E+000
  0.458195E+000  0.358438E+001  0.124504E+001
  0.461943E+000  0.177432E+001  0.611315E+000
  0.461943E+000  0.360775E+001  0.124299E+001
  0.465690E+000  0.179011E+001  0.611789E+000
  0.465690E+000  0.363113E+001  0.124098E+001
  0.469438E+000  0.180594E+001  0.612275E+000
  0.469438E+000  0.365451E+001  0.123900E+001
  0.473185E+000  0.182184E+001  0.612773E+000
  0.473185E+000  0.367790E+001  0.123705E+001
  0.476933E+000  0.183780E+001  0.613283E+000
  0.476933E+000  0.370128E+001  0.123514E+001
  0.480680E+000  0.185381E+001  0.613805E+000
  0.480680E+000  0.372466E+001  0.123325E+001
  0.484428E+000  0.186990E+001  0.614341E+000
  0.484428E+000  0.374805E+001  0.123139E+001
  0.488175E+000  0.188605E+001  0.614889E+000
  0.488175E+000  0.377144E+001  0.122957E+001
  0.491923E+000  0.190226E+001  0.615452E+000
  0.491923E+000  0.379484E+001  0.122777E+001
  0.495670E+000  0.191855E+001  0.616028E+000
  0.495670E+000  0.381823E+001  0.122600E+001
  0.499418E+000  0.193491E+001  0.616620E+000
  0.499418E+000  0.384163E+001  0.122425E+001
  0.503165E+000  0.191109E+000  0.604491E-001
  0.503165E+000  0.195135E+001  0.617227E+000
  0.503165E+000  0.386503E+001  0.122254E+001
  0.506913E+000  0.283402E+000  0.889794E-001
  0.506913E+000  0.196787E+001  0.617850E+000
  0.506913E+000  0.388843E+001  0.122085E+001
  0.510660E+000  0.353136E+000  0.110060E+000
  0.510660E+000  0.198447E+001  0.618489E+000
  0.510660E+000  0.391184E+001  0.121919E+001
  0.514408E+000  0.411937E+000  0.127451E+000
  0.514408E+000  0.200115E+001  0.619145E+000
  0.514408E+000  0.393525E+001  0.121755E+001
  0.518155E+000  0.463976E+000  0.142513E+000
  0.518155E+000  0.201792E+001  0.619819E+000
  0.518155E+000  0.395867E+001  0.121593E+001
  0.521903E+000  0.511323E+000  0.155929E+000
  0.521903E+000  0.203479E+001  0.620511E+000
  0.521903E+000  0.398209E+001  0.121434E+001
  0.525650E+000  0.555179E+000  0.168096E+000
  0.525650E+000  0.205175E+001  0.621222E+000
  0.525650E+000  0.400551E+001  0.121278E+001
  0.529398E+000  0.596316E+000  0.179273E+000
  0.529398E+000  0.206881E+001  0.621954E+000
  0.529398E+000  0.402893E+001  0.121123E+001
  0.533145E+000  0.635263E+000  0.189639E+000
  0.533145E+000  0.208597E+001  0.622704E+000
  0.533145E+000  0.405236E+001  0.120971E+001
  0.536893E+000  0.672397E+000  0.199324E+000
  0.536893E+000  0.210323E+001  0.623477E+000
  0.536893E+000  0.407580E+001  0.120822E+001
  0.540640E+000  0.708006E+000  0.208425E+000
  0.540640E+000  0.212061E+001  0.624272E+000
  0.540640E+000  0.409923E+001  0.120674E+001
  0.544388E+000  0.742311E+000  0.217019E+000
  0.544388E+000  0.213811E+001  0.625089E+000
  0.544388E+000  0.412267E+001  0.120529E+001
  0.548135E+000  0.775483E+000  0.225167E+000
  0.548135E+000  0.215573E+001  0.625931E+000
  0.548135E+000  0.414612E+001  0.120386E+001
  0.551883E+000  0.807662E+000  0.232918E+000
  0.551883E+000  0.217347E+001  0.626797E+000
  0.551883E+000  0.416957E+001  0.120244E+001
  0.555630E+000  0.838961E+000  0.240312E+000
  0.555630E+000  0.219134E+001  0.627689E+000
  0.555630E+000  0.419302E+001  0.120105E+001
  0.559378E+000  0.869478E+000  0.247385E+000
  0.559378E+000  0.220935E+001  0.628607E+000
  0.559378E+000  0.421648E+001  0.119968E+001
  0.563125E+000  0.899293E+000  0.254166E+000
  0.563125E+000  0.222750E+001  0.629554E+000
  0.563125E+000  0.423995E+001  0.119833E+001
  0.566873E+000  0.928469E+000  0.260677E+000
  0.566873E+000  0.224580E+001  0.630530E+000
  0.566873E+000  0.426342E+001  0.119700E+001
  0.570620E+000  0.957070E+000  0.266942E+000
  0.570620E+000  0.226426E+001  0.631537E+000
  0.570620E+000  0.428689E+001  0.119568E+001
  0.574368E+000  0.985145E+000  0.272980E+000
  0.574368E+000  0.228287E+001  0.632574E+000
  0.574368E+000  0.431037E+001  0.119439E+001
  0.578115E+000  0.101274E+001  0.278806E+000
  0.578115E+000  0.230166E+001  0.633646E+000
  0.578115E+000  0.433385E+001  0.119311E+001
  0.581863E+000  0.103988E+001  0.284435E+000
  0.581863E+000  0.232062E+001  0.634751E+000
  0.581863E+000  0.435734E+001  0.119185E+001
  0.585610E+000  0.106662E+001  0.289882E+000
  0.585610E+000  0.233977E+001  0.635893E+000
  0.585610E+000  0.438083E+001  0.119061E+001
  0.589358E+000  0.109298E+001  0.295156E+000
  0.589358E+000  0.235911E+001  0.637073E+000
  0.589358E+000  0.440433E+001  0.118938E+001
  0.593105E+000  0.111898E+001  0.300270E+000
  0.593105E+000  0.237865E+001  0.638292E+000
  0.593105E+000  0.442783E+001  0.118817E+001
  0.596853E+000  0.114466E+001  0.305231E+000
  0.596853E+000  0.239840E+001  0.639551E+000
  0.596853E+000  0.445134E+001  0.118698E+001
  0.600600E+000  0.117003E+001  0.310049E+000
  0.600600E+000  0.241838E+001  0.640854E+000
  0.600600E+000  0.447485E+001  0.118580E+001
  0.604348E+000  0.119511E+001  0.314732E+000
  0.604348E+000  0.243858E+001  0.642201E+000
  0.604348E+000  0.449837E+001  0.118465E+001
  0.608095E+000  0.121992E+001  0.319287E+000
  0.608095E+000  0.245903E+001  0.643596E+000
  0.608095E+000  0.452189E+001  0.118350E+001
  0.611843E+000  0.124449E+001  0.323721E+000
  0.611843E+000  0.247974E+001  0.645040E+000
  0.611843E+000  0.454542E+001  0.118237E+001
  0.615590E+000  0.126881E+001  0.328039E+000
  0.615590E+000  0.250071E+001  0.646535E+000
  0.615590E+000  0.456895E+001  0.118126E+001
  0.619338E+000  0.129291E+001  0.332247E+000
  0.619338E+000  0.252196E+001  0.648084E+000
  0.619338E+000  0.459249E+001  0.118016E+001
  0.623085E+000  0.131680E+001  0.336351E+000
  0.623085E+000  0.254351E+001  0.649690E+000
  0.623085E+000  0.461604E+001  0.117908E+001
  0.626833E+000  0.134049E+001  0.340355E+000
  0.626833E+000  0.256536E+001  0.651354E+000
  0.626833E+000  0.463959E+001  0.117801E+001
  0.630580E+000  0.136399E+001  0.344264E+000
  0.630580E+000  0.258754E+001  0.653080E+000
  0.630580E+000  0.466314E+001  0.117695E+001
  0.634328E+000  0.138732E+001  0.348082E+000
  0.634328E+000  0.261005E+001  0.654871E+000
  0.634328E+000  0.468671E+001  0.117591E+001
  0.638075E+000  0.141047E+001  0.351813E+000
  0.638075E+000  0.263292E+001  0.656728E+000
  0.638075E+000  0.471027E+001  0.117488E+001
  0.641823E+000  0.143346E+001  0.355461E+000
  0.641823E+000  0.265616E+001  0.658657E+000
  0.641823E+000  0.473384E+001  0.117387E+001
  0.645570E+000  0.145630E+001  0.359028E+000
  0.645570E+000  0.267979E+001  0.660660E+000
  0.645570E+000  0.475742E+001  0.117287E+001
  0.649318E+000  0.147900E+001  0.362518E+000
  0.649318E+000  0.270383E+001  0.662740E+000
  0.649318E+000  0.478101E+001  0.117188E+001
  0.653065E+000  0.150155E+001  0.365935E+000
  0.653065E+000  0.272830E+001  0.664900E+000
  0.653065E+000  0.480460E+001  0.117090E+001
  0.656813E+000  0.152397E+001  0.369280E+000
  0.656813E+000  0.275322E+001  0.667145E+000
  0.656813E+000  0.482819E+001  0.116994E+001
  0.660560E+000  0.154627E+001  0.372558E+000
  0.660560E+000  0.277861E+001  0.669477E+000
  0.660560E+000  0.485179E+001  0.116899E+001
  0.664308E+000  0.156845E+001  0.375770E+000
  0.664308E+000  0.280449E+001  0.671901E+000
  0.664308E+000  0.487540E+001  0.116805E+001
  0.668055E+000  0.159051E+001  0.378918E+000
  0.668055E+000  0.283088E+001  0.674419E+000
  0.668055E+000  0.489901E+001  0.116712E+001
  0.671803E+000  0.161247E+001  0.382006E+000
  0.671803E+000  0.285781E+001  0.677036E+000
  0.671803E+000  0.492263E+001  0.116621E+001
  0.675550E+000  0.163432E+001  0.385034E+000
  0.675550E+000  0.288529E+001  0.679755E+000
  0.675550E+000  0.494625E+001  0.116530E+001
  0.679298E+000  0.165607E+001  0.388006E+000
  0.679298E+000  0.291335E+001  0.682579E+000
  0.679298E+000  0.496988E+001  0.116441E+001
  0.683045E+000  0.167772E+001  0.390923E+000
  0.683045E+000  0.294201E+001  0.685513E+000
  0.683045E+000  0.499352E+001  0.116353E+001
  0.686793E+000  0.169929E+001  0.393787E+000
  0.686793E+000  0.297129E+001  0.688558E+000
  0.686793E+000  0.501716E+001  0.116266E+001
  0.690540E+000  0.172076E+001  0.396599E+000
  0.690540E+000  0.300122E+001  0.691717E+000
  0.690540E+000  0.504081E+001  0.116180E+001
  0.694288E+000  0.174215E+001  0.399362E+000
  0.694288E+000  0.303180E+001  0.694994E+000
  0.694288E+000  0.506446E+001  0.116095E+001
  0.698035E+000  0.176347E+001  0.402078E+000
  0.698035E+000  0.306305E+001  0.698389E+000
  0.698035E+000  0.508812E+001  0.116011E+001
  0.701783E+000  0.178470E+001  0.404746E+000
  0.701783E+000  0.309500E+001  0.701904E+000
  0.701783E+000  0.511178E+001  0.115928E+001
  0.705530E+000  0.180586E+001  0.407370E+000
  0.705530E+000  0.312764E+001  0.705541E+000
  0.705530E+000  0.513545E+001  0.115847E+001
  0.709278E+000  0.182695E+001  0.409950E+000
  0.709278E+000  0.316100E+001  0.709298E+000
  0.709278E+000  0.515913E+001  0.115766E+001
  0.713025E+000  0.184798E+001  0.412488E+000
  0.713025E+000  0.319507E+001  0.713174E+000
  0.713025E+000  0.518281E+001  0.115686E+001
  0.716773E+000  0.186893E+001  0.414985E+000
  0.716773E+000  0.322986E+001  0.717170E+000
  0.716773E+000  0.520650E+001  0.115607E+001
  0.720520E+000  0.188983E+001  0.417443E+000
  0.720520E+000  0.326535E+001  0.721280E+000
  0.720520E+000  0.523019E+001  0.115529E+001
  0.724268E+000  0.191067E+001  0.419862E+000
  0.724268E+000  0.330155E+001  0.725502E+000
  0.724268E+000  0.525389E+001  0.115452E+001
  0.728015E+000  0.193145E+001  0.422244E+000
  0.728015E+000  0.333843E+001  0.729830E+000
  0.728015E+000  0.527760E+001  0.115376E+001
  0.731763E+000  0.195218E+001  0.424589E+000
  0.731763E+000  0.337597E+001  0.734258E+000
  0.731763E+000  0.530131E+001  0.115301E+001
  0.735510E+000  0.197285E+001  0.426899E+000
  0.735510E+000  0.341416E+001  0.738781E+000
  0.735510E+000  0.532503E+001  0.115227E+001
  0.739258E+000  0.199348E+001  0.429176E+000
  0.739258E+000  0.345297E+001  0.743390E+000
  0.739258E+000  0.534876E+001  0.115153E+001
  0.743005E+000  0.201405E+001  0.431419E+000
  0.743005E+000  0.349235E+001  0.748076E+000
  0.743005E+000  0.537248E+001  0.115081E+001
  0.746753E+000  0.203458E+001  0.433630E+000
  0.746753E+000  0.353226E+001  0.752829E+000
  0.746753E+000  0.539622E+001  0.115009E+001
  0.750500E+000  0.205507E+001  0.435809E+000
  0.750500E+000  0.357268E+001  0.757641E+000
  0.750500E+000  0.541996E+001  0.114939E+001
  0.754248E+000  0.207552E+001  0.437958E+000
  0.754248E+000  0.361355E+001  0.762500E+000
  0.754248E+000  0.544371E+001  0.114869E+001
  0.757995E+000  0.209593E+001  0.440078E+000
  0.757995E+000  0.365481E+001  0.767395E+000
  0.757995E+000  0.546746E+001  0.114799E+001
  0.761743E+000  0.211629E+001  0.442168E+000
  0.761743E+000  0.369644E+001  0.772317E+000
  0.761743E+000  0.549123E+001  0.114731E+001
  0.765490E+000  0.213663E+001  0.444231E+000
  0.765490E+000  0.373837E+001  0.777253E+000
  0.765490E+000  0.551499E+001  0.114664E+001
  0.769238E+000  0.215693E+001  0.446267E+000
  0.769238E+000  0.378055E+001  0.782195E+000
  0.769238E+000  0.553876E+001  0.114597E+001
  0.772985E+000  0.217719E+001  0.448276E+000
  0.772985E+000  0.382295E+001  0.787131E+000
  0.772985E+000  0.556254E+001  0.114531E+001
  0.776733E+000  0.219743E+001  0.450260E+000
  0.776733E+000  0.386550E+001  0.792053E+000
  0.776733E+000  0.558633E+001  0.114466E+001
  0.780480E+000  0.221763E+001  0.452218E+000
  0.780480E+000  0.390817E+001  0.796951E+000
  0.780480E+000  0.561011E+001  0.114401E+001
  0.784228E+000  0.223781E+001  0.454152E+000
  0.784228E+000  0.395092E+001  0.801818E+000
  0.784228E+000  0.563391E+001  0.114337E+001
  0.787975E+000  0.225796E+001  0.456063E+000
  0.787975E+000  0.399370E+001  0.806645E+000
  0.787975E+000  0.565771E+001  0.114274E+001
  0.791723E+000  0.227809E+001  0.457950E+000
  0.791723E+000  0.403647E+001  0.811427E+000
  0.791723E+000  0.568152E+001  0.114212E+001
  0.795470E+000  0.229819E+001  0.459814E+000
  0.795470E+000  0.407922E+001  0.816157E+000
  0.795470E+000  0.570533E+001  0.114150E+001
  0.799218E+000  0.231827E+001  0.461658E+000
  0.799218E+000  0.412190E+001  0.820829E+000
  0.799218E+000  0.572915E+001  0.114089E+001
  0.802965E+000  0.233833E+001  0.463479E+000
  0.802965E+000  0.416449E+001  0.825440E+000
  0.802965E+000  0.575297E+001  0.114029E+001
  0.806713E+000  0.235838E+001  0.465280E+000
  0.806713E+000  0.420697E+001  0.829985E+000
  0.806713E+000  0.577681E+001  0.113970E+001
  0.810460E+000  0.237840E+001  0.467060E+000
  0.810460E+000  0.424930E+001  0.834461E+000
  0.810460E+000  0.580064E+001  0.113911E+001
  0.814208E+000  0.239841E+001  0.468822E+000
  0.814208E+000  0.429148E+001  0.838866E+000
  0.814208E+000  0.582449E+001  0.113853E+001
  0.817955E+000  0.241840E+001  0.470564E+000
  0.817955E+000  0.433349E+001  0.843196E+000
  0.817955E+000  0.584833E+001  0.113795E+001
  0.821703E+000  0.243838E+001  0.472288E+000
  0.821703E+000  0.437532E+001  0.847452E+000
  0.821703E+000  0.587219E+001  0.113738E+001
  0.825450E+000  0.245834E+001  0.473992E+000
  0.825450E+000  0.441695E+001  0.851631E+000
  0.825450E+000  0.589605E+001  0.113682E+001
  0.829198E+000  0.247830E+001  0.475680E+000
  0.829198E+000  0.445837E+001  0.855733E+000
  0.829198E+000  0.591991E+001  0.113626E+001
  0.832945E+000  0.249824E+001  0.477350E+000
  0.832945E+000  0.449958E+001  0.859758E+000
  0.832945E+000  0.594379E+001  0.113571E+001
  0.836693E+000  0.251817E+001  0.479004E+000
  0.836693E+000  0.454057E+001  0.863704E+000
  0.836693E+000  0.596766E+001  0.113516E+001
  0.840440E+000  0.253810E+001  0.480642E+000
  0.840440E+000  0.458134E+001  0.867573E+000
  0.840440E+000  0.599155E+001  0.113463E+001
  0.844188E+000  0.255802E+001  0.482264E+000
  0.844188E+000  0.462187E+001  0.871363E+000
  0.844188E+000  0.601544E+001  0.113409E+001
  0.847935E+000  0.257793E+001  0.483870E+000
  0.847935E+000  0.466218E+001  0.875078E+000
  0.847935E+000  0.603933E+001  0.113357E+001
  0.851683E+000  0.259784E+001  0.485461E+000
  0.851683E+000  0.470226E+001  0.878716E+000
  0.851683E+000  0.606324E+001  0.113304E+001
  0.855430E+000  0.261775E+001  0.487038E+000
  0.855430E+000  0.474210E+001  0.882280E+000
  0.855430E+000  0.608714E+001  0.113253E+001
  0.859178E+000  0.263765E+001  0.488601E+000
  0.859178E+000  0.478171E+001  0.885770E+000
  0.859178E+000  0.611106E+001  0.113202E+001
  0.862925E+000  0.265755E+001  0.490150E+000
  0.862925E+000  0.482109E+001  0.889186E+000
  0.862925E+000  0.613497E+001  0.113151E+001
  0.866673E+000  0.267745E+001  0.491685E+000
  0.866673E+000  0.486024E+001  0.892530E+000
  0.866673E+000  0.615890E+001  0.113101E+001
  0.870420E+000  0.147991E+001  0.270600E+000
  0.870420E+000  0.186441E+001  0.340904E+000
  0.870420E+000  0.269736E+001  0.493208E+000
  0.870420E+000  0.489916E+001  0.895804E+000
  0.870420E+000  0.618283E+001  0.113052E+001
  0.874168E+000  0.130999E+001  0.238502E+000
  0.874168E+000  0.201174E+001  0.366267E+000
  0.874168E+000  0.271726E+001  0.494717E+000
  0.874168E+000  0.493786E+001  0.899009E+000
  0.874168E+000  0.620676E+001  0.113003E+001
  0.877915E+000  0.119167E+001  0.216036E+000
  0.877915E+000  0.210747E+001  0.382059E+000
  0.877915E+000  0.273717E+001  0.496215E+000
  0.877915E+000  0.497633E+001  0.902145E+000
  0.877915E+000  0.623070E+001  0.112955E+001
  0.881663E+000  0.109357E+001  0.197408E+000
  0.881663E+000  0.218298E+001  0.394064E+000
  0.881663E+000  0.275709E+001  0.497701E+000
  0.881663E+000  0.501458E+001  0.905215E+000
  0.881663E+000  0.625465E+001  0.112907E+001
  0.885410E+000  0.100702E+001  0.181015E+000
  0.885410E+000  0.224685E+001  0.403877E+000
  0.885410E+000  0.277701E+001  0.499175E+000
  0.885410E+000  0.505261E+001  0.908220E+000
  0.885410E+000  0.627860E+001  0.112860E+001
  0.889158E+000  0.928120E+000  0.166129E+000
  0.889158E+000  0.230294E+001  0.412216E+000
  0.889158E+000  0.279693E+001  0.500637E+000
  0.889158E+000  0.509042E+001  0.911161E+000
  0.889158E+000  0.630256E+001  0.112813E+001
  0.892905E+000  0.854664E+000  0.152339E+000
  0.892905E+000  0.235340E+001  0.419479E+000
  0.892905E+000  0.281686E+001  0.502089E+000
  0.892905E+000  0.512803E+001  0.914040E+000
  0.892905E+000  0.632653E+001  0.112767E+001
  0.896653E+000  0.785249E+000  0.139381E+000
  0.896653E+000  0.239953E+001  0.425914E+000
  0.896653E+000  0.283681E+001  0.503530E+000
  0.896653E+000  0.516542E+001  0.916857E+000
  0.896653E+000  0.635050E+001  0.112721E+001
  0.900400E+000  0.718874E+000  0.127068E+000
  0.900400E+000  0.244222E+001  0.431688E+000
  0.900400E+000  0.285676E+001  0.504961E+000
  0.900400E+000  0.520261E+001  0.919615E+000
  0.900400E+000  0.637447E+001  0.112675E+001
  0.904148E+000  0.654759E+000  0.115256E+000
  0.904148E+000  0.248210E+001  0.436919E+000
  0.904148E+000  0.287672E+001  0.506382E+000
  0.904148E+000  0.523960E+001  0.922315E+000
  0.904148E+000  0.639845E+001  0.112630E+001
  0.907895E+000  0.592239E+000  0.103820E+000
  0.907895E+000  0.251964E+001  0.441696E+000
  0.907895E+000  0.289669E+001  0.507793E+000
  0.907895E+000  0.527640E+001  0.924958E+000
  0.907895E+000  0.642244E+001  0.112586E+001
  0.911643E+000  0.530666E+000  0.926439E-001
  0.911643E+000  0.255519E+001  0.446087E+000
  0.911643E+000  0.291668E+001  0.509195E+000
  0.911643E+000  0.531300E+001  0.927546E+000
  0.911643E+000  0.644643E+001  0.112542E+001
  0.915390E+000  0.469347E+000  0.816033E-001
  0.915390E+000  0.258904E+001  0.450145E+000
  0.915390E+000  0.293669E+001  0.510589E+000
  0.915390E+000  0.534941E+001  0.930079E+000
  0.915390E+000  0.647043E+001  0.112499E+001
  0.919138E+000  0.407387E+000  0.705419E-001
  0.919138E+000  0.262138E+001  0.453910E+000
  0.919138E+000  0.295670E+001  0.511973E+000
  0.919138E+000  0.538563E+001  0.932559E+000
  0.919138E+000  0.649443E+001  0.112456E+001
  0.922885E+000  0.343470E+000  0.592327E-001
  0.922885E+000  0.265243E+001  0.457421E+000
  0.922885E+000  0.297673E+001  0.513349E+000
  0.922885E+000  0.542167E+001  0.934988E+000
  0.922885E+000  0.651844E+001  0.112413E+001
  0.926633E+000  0.275225E+000  0.472716E-001
  0.926633E+000  0.268231E+001  0.460704E+000
  0.926633E+000  0.299679E+001  0.514717E+000
  0.926633E+000  0.545753E+001  0.937366E+000
  0.926633E+000  0.654246E+001  0.112371E+001
  0.930380E+000  0.197040E+000  0.337066E-001
  0.930380E+000  0.271117E+001  0.463784E+000
  0.930380E+000  0.301685E+001  0.516077E+000
  0.930380E+000  0.549322E+001  0.939695E+000
  0.930380E+000  0.656648E+001  0.112329E+001
  0.934128E+000  0.824218E-001  0.140429E-001
  0.934128E+000  0.273910E+001  0.466682E+000
  0.934128E+000  0.303694E+001  0.517428E+000
  0.934128E+000  0.552873E+001  0.941976E+000
  0.934128E+000  0.659051E+001  0.112288E+001
  0.937875E+000  0.276619E+001  0.469415E+000
  0.937875E+000  0.305705E+001  0.518774E+000
  0.937875E+000  0.556408E+001  0.944210E+000
  0.937875E+000  0.661454E+001  0.112247E+001
  0.941623E+000  0.279252E+001  0.471998E+000
  0.941623E+000  0.307718E+001  0.520112E+000
  0.941623E+000  0.559926E+001  0.946399E+000
  0.941623E+000  0.663857E+001  0.112206E+001
  0.945370E+000  0.281817E+001  0.474445E+000
  0.945370E+000  0.309734E+001  0.521443E+000
  0.945370E+000  0.563428E+001  0.948543E+000
  0.945370E+000  0.666261E+001  0.112166E+001
  0.949118E+000  0.284319E+001  0.476767E+000
  0.949118E+000  0.311751E+001  0.522767E+000
  0.949118E+000  0.566915E+001  0.950644E+000
  0.949118E+000  0.668666E+001  0.112127E+001
  0.952865E+000  0.286763E+001  0.478975E+000
  0.952865E+000  0.313772E+001  0.524086E+000
  0.952865E+000  0.570385E+001  0.952702E+000
  0.952865E+000  0.671072E+001  0.112088E+001
  0.956613E+000  0.289155E+001  0.481077E+000
  0.956613E+000  0.315795E+001  0.525398E+000
  0.956613E+000  0.573841E+001  0.954719E+000
  0.956613E+000  0.673477E+001  0.112049E+001
  0.960360E+000  0.291497E+001  0.483081E+000
  0.960360E+000  0.317820E+001  0.526705E+000
  0.960360E+000  0.577282E+001  0.956695E+000
  0.960360E+000  0.675884E+001  0.112010E+001
  0.964108E+000  0.293794E+001  0.484996E+000
  0.964108E+000  0.319849E+001  0.528007E+000
  0.964108E+000  0.580708E+001  0.958633E+000
  0.964108E+000  0.678291E+001  0.111972E+001
  0.967855E+000  0.296049E+001  0.486826E+000
  0.967855E+000  0.321880E+001  0.529303E+000
  0.967855E+000  0.584120E+001  0.960532E+000
  0.967855E+000  0.680698E+001  0.111935E+001
  0.971603E+000  0.298266E+001  0.488579E+000
  0.971603E+000  0.323915E+001  0.530594E+000
  0.971603E+000  0.587517E+001  0.962392E+000
  0.971603E+000  0.683106E+001  0.111897E+001
  0.975350E+000  0.300445E+001  0.490259E+000
  0.975350E+000  0.325953E+001  0.531881E+000
  0.975350E+000  0.590902E+001  0.964217E+000
  0.975350E+000  0.685515E+001  0.111860E+001
  0.979098E+000  0.302592E+001  0.491871E+000
  0.979098E+000  0.327994E+001  0.533163E+000
  0.979098E+000  0.594273E+001  0.966006E+000
  0.979098E+000  0.687924E+001  0.111824E+001
  0.982845E+000  0.304706E+001  0.493420E+000
  0.982845E+000  0.330039E+001  0.534441E+000
  0.982845E+000  0.597631E+001  0.967761E+000
  0.982845E+000  0.690334E+001  0.111788E+001
  0.986593E+000  0.306791E+001  0.494909E+000
  0.986593E+000  0.332087E+001  0.535716E+000
  0.986593E+000  0.600976E+001  0.969481E+000
  0.986593E+000  0.692744E+001  0.111752E+001
  0.990340E+000  0.308849E+001  0.496343E+000
  0.990340E+000  0.334139E+001  0.536986E+000
  0.990340E+000  0.604308E+001  0.971168E+000
  0.990340E+000  0.695155E+001  0.111716E+001
  0.994088E+000  0.310880E+001  0.497723E+000
  0.994088E+000  0.336195E+001  0.538253E+000
  0.994088E+000  0.607629E+001  0.972823E+000
  0.994088E+000  0.697566E+001  0.111681E+001
  0.997835E+000  0.312887E+001  0.499055E+000
  0.997835E+000  0.338255E+001  0.539517E+000
  0.997835E+000  0.610937E+001  0.974446E+000
  0.997835E+000  0.699978E+001  0.111647E+001
  0.100158E+001  0.974192E-001  0.154802E-001
  0.100158E+001  0.314870E+001  0.500340E+000
  0.100158E+001  0.340319E+001  0.540778E+000
  0.100158E+001  0.614233E+001  0.976038E+000
  0.100158E+001  0.702390E+001  0.111612E+001
  0.100533E+001  0.182714E+000  0.289257E-001
  0.100533E+001  0.316832E+001  0.501581E+000
  0.100533E+001  0.342387E+001  0.542036E+000
  0.100533E+001  0.617519E+001  0.977601E+000
  0.100533E+001  0.704803E+001  0.111578E+001
  0.100908E+001  0.243365E+000  0.383843E-001
  0.100908E+001  0.318774E+001  0.502780E+000
  0.100908E+001  0.344459E+001  0.543292E+000
  0.100908E+001  0.620792E+001  0.979133E+000
  0.100908E+001  0.707216E+001  0.111544E+001
  0.101283E+001  0.294898E+000  0.463402E-001
  0.101283E+001  0.320696E+001  0.503940E+000
  0.101283E+001  0.346536E+001  0.544545E+000
  0.101283E+001  0.624054E+001  0.980636E+000
  0.101283E+001  0.709630E+001  0.111511E+001
  0.101657E+001  0.341396E+000  0.534490E-001
  0.101657E+001  0.322600E+001  0.505063E+000
  0.101657E+001  0.348618E+001  0.545797E+000
  0.101657E+001  0.627306E+001  0.982112E+000
  0.101657E+001  0.712044E+001  0.111478E+001
  0.102032E+001  0.384627E+000  0.599962E-001
  0.102032E+001  0.324486E+001  0.506151E+000
  0.102032E+001  0.350704E+001  0.547046E+000
  0.102032E+001  0.630547E+001  0.983561E+000
  0.102032E+001  0.714459E+001  0.111445E+001
  0.102407E+001  0.425533E+000  0.661339E-001
  0.102407E+001  0.326356E+001  0.507205E+000
  0.102407E+001  0.352795E+001  0.548295E+000
  0.102407E+001  0.633778E+001  0.984982E+000
  0.102407E+001  0.716875E+001  0.111413E+001
  0.102781E+001  0.464685E+000  0.719555E-001
  0.102781E+001  0.328211E+001  0.508227E+000
  0.102781E+001  0.354891E+001  0.549542E+000
  0.102781E+001  0.636998E+001  0.986377E+000
  0.102781E+001  0.719291E+001  0.111381E+001
  0.103156E+001  0.502454E+000  0.775213E-001
  0.103156E+001  0.330050E+001  0.509219E+000
  0.103156E+001  0.356993E+001  0.550788E+000
  0.103156E+001  0.640208E+001  0.987747E+000
  0.103156E+001  0.721707E+001  0.111349E+001
  0.103531E+001  0.539099E+000  0.828740E-001
  0.103531E+001  0.331876E+001  0.510182E+000
  0.103531E+001  0.359100E+001  0.552032E+000
  0.103531E+001  0.643409E+001  0.989092E+000
  0.103531E+001  0.724124E+001  0.111317E+001
  0.103906E+001  0.574801E+000  0.880437E-001
  0.103906E+001  0.333688E+001  0.511119E+000
  0.103906E+001  0.361212E+001  0.553277E+000
  0.103906E+001  0.646599E+001  0.990412E+000
  0.103906E+001  0.726542E+001  0.111286E+001
  0.104280E+001  0.609703E+000  0.930541E-001
  0.104280E+001  0.335488E+001  0.512029E+000
  0.104280E+001  0.363330E+001  0.554521E+000
  0.104280E+001  0.649781E+001  0.991708E+000
  0.104280E+001  0.728959E+001  0.111255E+001
  0.104655E+001  0.643906E+000  0.979223E-001
  0.104655E+001  0.337276E+001  0.512914E+000
  0.104655E+001  0.365454E+001  0.555765E+000
  0.104655E+001  0.652953E+001  0.992981E+000
  0.104655E+001  0.731378E+001  0.111225E+001
  0.105030E+001  0.677500E+000  0.102663E+000
  0.105030E+001  0.339052E+001  0.513775E+000
  0.105030E+001  0.367583E+001  0.557009E+000
  0.105030E+001  0.656116E+001  0.994231E+000
  0.105030E+001  0.733797E+001  0.111194E+001
  0.105405E+001  0.710541E+000  0.107287E+000
  0.105405E+001  0.340817E+001  0.514614E+000
  0.105405E+001  0.369719E+001  0.558254E+000
  0.105405E+001  0.659270E+001  0.995459E+000
  0.105405E+001  0.736216E+001  0.111164E+001
  0.105780E+001  0.743094E+000  0.111805E+000
  0.105780E+001  0.342572E+001  0.515430E+000
  0.105780E+001  0.371861E+001  0.559499E+000
  0.105780E+001  0.662416E+001  0.996665E+000
  0.105780E+001  0.738637E+001  0.111135E+001
  0.106154E+001  0.775205E+000  0.116225E+000
  0.106154E+001  0.344316E+001  0.516227E+000
  0.106154E+001  0.374009E+001  0.560745E+000
  0.106154E+001  0.665552E+001  0.997849E+000
  0.106154E+001  0.741057E+001  0.111105E+001
  0.106529E+001  0.806902E+000  0.120552E+000
  0.106529E+001  0.346052E+001  0.517003E+000
  0.106529E+001  0.376164E+001  0.561991E+000
  0.106529E+001  0.668681E+001  0.999013E+000
  0.106529E+001  0.743478E+001  0.111076E+001
  0.106904E+001  0.838230E+000  0.124793E+000
  0.106904E+001  0.347778E+001  0.517761E+000
  0.106904E+001  0.378326E+001  0.563240E+000
  0.106904E+001  0.671801E+001  0.100016E+001
  0.106904E+001  0.745899E+001  0.111047E+001
  0.107279E+001  0.869205E+000  0.128953E+000
  0.107279E+001  0.349495E+001  0.518500E+000
  0.107279E+001  0.380494E+001  0.564489E+000
  0.107279E+001  0.674913E+001  0.100128E+001
  0.107279E+001  0.748322E+001  0.111019E+001
  0.107653E+001  0.899861E+000  0.133036E+000
  0.107653E+001  0.351204E+001  0.519222E+000
  0.107653E+001  0.382670E+001  0.565741E+000
  0.107653E+001  0.678017E+001  0.100238E+001
  0.107653E+001  0.750744E+001  0.110990E+001
  0.108028E+001  0.930216E+000  0.137046E+000
  0.108028E+001  0.352905E+001  0.519927E+000
  0.108028E+001  0.384853E+001  0.566994E+000
  0.108028E+001  0.681113E+001  0.100347E+001
  0.108028E+001  0.753167E+001  0.110962E+001
  0.108403E+001  0.960286E+000  0.140987E+000
  0.108403E+001  0.354599E+001  0.520616E+000
  0.108403E+001  0.387043E+001  0.568249E+000
  0.108403E+001  0.684202E+001  0.100453E+001
  0.108403E+001  0.755591E+001  0.110934E+001
  0.108777E+001  0.990087E+000  0.144862E+000
  0.108777E+001  0.356286E+001  0.521290E+000
  0.108777E+001  0.389241E+001  0.569507E+000
  0.108777E+001  0.687283E+001  0.100558E+001
  0.108777E+001  0.758015E+001  0.110907E+001
  0.109152E+001  0.101964E+001  0.148674E+000
  0.109152E+001  0.357965E+001  0.521949E+000
  0.109152E+001  0.391447E+001  0.570768E+000
  0.109152E+001  0.690357E+001  0.100661E+001
  0.109152E+001  0.760439E+001  0.110880E+001
  0.109527E+001  0.104895E+001  0.152424E+000
  0.109527E+001  0.359638E+001  0.522595E+000
  0.109527E+001  0.393660E+001  0.572032E+000
  0.109527E+001  0.693423E+001  0.100762E+001
  0.109527E+001  0.762864E+001  0.110853E+001
  0.109902E+001  0.107803E+001  0.156116E+000
  0.109902E+001  0.361305E+001  0.523226E+000
  0.109902E+001  0.395881E+001  0.573298E+000
  0.109902E+001  0.696482E+001  0.100862E+001
  0.109902E+001  0.765290E+001  0.110826E+001
  0.110276E+001  0.110691E+001  0.159753E+000
  0.110276E+001  0.362965E+001  0.523844E+000
  0.110276E+001  0.398111E+001  0.574568E+000
  0.110276E+001  0.699534E+001  0.100959E+001
  0.110276E+001  0.767716E+001  0.110799E+001
  0.110651E+001  0.113557E+001  0.163334E+000
  0.110651E+001  0.364620E+001  0.524450E+000
  0.110651E+001  0.400350E+001  0.575842E+000
  0.110651E+001  0.702580E+001  0.101055E+001
  0.110651E+001  0.770142E+001  0.110773E+001
  0.111026E+001  0.116404E+001  0.166864E+000
  0.111026E+001  0.366269E+001  0.525044E+000
  0.111026E+001  0.402597E+001  0.577120E+000
  0.111026E+001  0.705619E+001  0.101150E+001
  0.111026E+001  0.772569E+001  0.110747E+001
  0.111401E+001  0.119232E+001  0.170343E+000
  0.111401E+001  0.367912E+001  0.525626E+000
  0.111401E+001  0.404853E+001  0.578401E+000
  0.111401E+001  0.708651E+001  0.101243E+001
  0.111401E+001  0.774996E+001  0.110721E+001
  0.111776E+001  0.122041E+001  0.173772E+000
  0.111776E+001  0.369551E+001  0.526197E+000
  0.111776E+001  0.407118E+001  0.579687E+000
  0.111776E+001  0.711676E+001  0.101334E+001
  0.111776E+001  0.777424E+001  0.110696E+001
  0.112150E+001  0.124834E+001  0.177154E+000
  0.112150E+001  0.371185E+001  0.526756E+000
  0.112150E+001  0.409392E+001  0.580978E+000
  0.112150E+001  0.714696E+001  0.101424E+001
  0.112150E+001  0.779853E+001  0.110671E+001
  0.112525E+001  0.127610E+001  0.180491E+000
  0.112525E+001  0.372814E+001  0.527306E+000
  0.112525E+001  0.411676E+001  0.582273E+000
  0.112525E+001  0.717708E+001  0.101512E+001
  0.112525E+001  0.782282E+001  0.110646E+001
  0.112900E+001  0.130370E+001  0.183782E+000
  0.112900E+001  0.413969E+001  0.583573E+000
  0.112900E+001  0.720715E+001  0.101599E+001
  0.112900E+001  0.784711E+001  0.110621E+001
  0.113275E+001  0.133114E+001  0.187030E+000
  0.113275E+001  0.376058E+001  0.528376E+000
  0.113275E+001  0.416272E+001  0.584878E+000
  0.113275E+001  0.723715E+001  0.101685E+001
  0.113275E+001  0.787141E+001  0.110596E+001
  0.113649E+001  0.135843E+001  0.190235E+000
  0.113649E+001  0.377675E+001  0.528898E+000
  0.113649E+001  0.418585E+001  0.586189E+000
  0.113649E+001  0.726710E+001  0.101769E+001
  0.113649E+001  0.789571E+001  0.110572E+001
  0.114024E+001  0.138558E+001  0.193400E+000
  0.114024E+001  0.420909E+001  0.587505E+000
  0.114024E+001  0.729699E+001  0.101852E+001
  0.114024E+001  0.792002E+001  0.110548E+001
  0.114399E+001  0.141259E+001  0.196524E+000
  0.114399E+001  0.423242E+001  0.588827E+000
  0.114399E+001  0.732682E+001  0.101933E+001
  0.114399E+001  0.794433E+001  0.110524E+001
  0.114773E+001  0.143947E+001  0.199609E+000
  0.114773E+001  0.382500E+001  0.530408E+000
  0.114773E+001  0.425587E+001  0.590156E+000
  0.114773E+001  0.735659E+001  0.102013E+001
  0.114773E+001  0.796865E+001  0.110500E+001
  0.115148E+001  0.146621E+001  0.202656E+000
  0.115148E+001  0.427942E+001  0.591491E+000
  0.115148E+001  0.738631E+001  0.102092E+001
  0.115148E+001  0.799297E+001  0.110477E+001
  0.115523E+001  0.149283E+001  0.205666E+000
  0.115523E+001  0.430308E+001  0.592832E+000
  0.115523E+001  0.741597E+001  0.102169E+001
  0.115523E+001  0.801730E+001  0.110454E+001
  0.115898E+001  0.151933E+001  0.208639E+000
  0.115898E+001  0.432686E+001  0.594180E+000
  0.115898E+001  0.744558E+001  0.102245E+001
  0.115898E+001  0.804163E+001  0.110431E+001
  0.116273E+001  0.154571E+001  0.211578E+000
  0.116273E+001  0.435076E+001  0.595536E+000
  0.116273E+001  0.747514E+001  0.102320E+001
  0.116273E+001  0.806596E+001  0.110408E+001
  0.116647E+001  0.157197E+001  0.214481E+000
  0.116647E+001  0.437476E+001  0.596898E+000
  0.116647E+001  0.750464E+001  0.102394E+001
  0.116647E+001  0.809031E+001  0.110385E+001
  0.117022E+001  0.159812E+001  0.217351E+000
  0.117022E+001  0.439889E+001  0.598268E+000
  0.117022E+001  0.753409E+001  0.102467E+001
  0.117022E+001  0.811465E+001  0.110363E+001
  0.117397E+001  0.162416E+001  0.220187E+000
  0.117397E+001  0.442314E+001  0.599645E+000
  0.117397E+001  0.756349E+001  0.102538E+001
  0.117397E+001  0.813900E+001  0.110341E+001
  0.117772E+001  0.165009E+001  0.222991E+000
  0.117772E+001  0.444751E+001  0.601031E+000
  0.117772E+001  0.759284E+001  0.102609E+001
  0.117772E+001  0.816336E+001  0.110319E+001
  0.118146E+001  0.167593E+001  0.225764E+000
  0.118146E+001  0.447200E+001  0.602424E+000
  0.118146E+001  0.762215E+001  0.102678E+001
  0.118146E+001  0.818772E+001  0.110297E+001
  0.118521E+001  0.170165E+001  0.228505E+000
  0.118521E+001  0.449663E+001  0.603826E+000
  0.118521E+001  0.765140E+001  0.102746E+001
  0.118521E+001  0.821208E+001  0.110275E+001
  0.118896E+001  0.172729E+001  0.231216E+000
  0.118896E+001  0.452138E+001  0.605235E+000
  0.118896E+001  0.768061E+001  0.102813E+001
  0.118896E+001  0.823645E+001  0.110254E+001
  0.119271E+001  0.175283E+001  0.233898E+000
  0.119271E+001  0.454626E+001  0.606655E+000
  0.119271E+001  0.770977E+001  0.102879E+001
  0.119271E+001  0.826082E+001  0.110233E+001
  0.119645E+001  0.177827E+001  0.236550E+000
  0.119645E+001  0.457127E+001  0.608082E+000
  0.119645E+001  0.773889E+001  0.102945E+001
  0.119645E+001  0.828520E+001  0.110212E+001
  0.120020E+001  0.180363E+001  0.239173E+000
  0.120020E+001  0.459643E+001  0.609518E+000
  0.120020E+001  0.776796E+001  0.103009E+001
  0.120020E+001  0.830958E+001  0.110191E+001
  0.120395E+001  0.182889E+001  0.241769E+000
  0.120395E+001  0.462172E+001  0.610964E+000
  0.120395E+001  0.779698E+001  0.103072E+001
  0.120395E+001  0.833396E+001  0.110170E+001
  0.120769E+001  0.185408E+001  0.244338E+000
  0.120769E+001  0.464714E+001  0.612419E+000
  0.120769E+001  0.782596E+001  0.103134E+001
  0.120769E+001  0.835835E+001  0.110150E+001
  0.121144E+001  0.187917E+001  0.246879E+000
  0.121144E+001  0.467271E+001  0.613884E+000
  0.121144E+001  0.785490E+001  0.103195E+001
  0.121144E+001  0.838275E+001  0.110130E+001
  0.121519E+001  0.190419E+001  0.249394E+000
  0.121519E+001  0.469842E+001  0.615358E+000
  0.121519E+001  0.788380E+001  0.103255E+001
  0.121519E+001  0.840715E+001  0.110109E+001
  0.121894E+001  0.192912E+001  0.251883E+000
  0.121894E+001  0.472428E+001  0.616842E+000
  0.121894E+001  0.791265E+001  0.103314E+001
  0.121894E+001  0.843155E+001  0.110090E+001
  0.122269E+001  0.195398E+001  0.254347E+000
  0.122269E+001  0.475028E+001  0.618336E+000
  0.122269E+001  0.794147E+001  0.103373E+001
  0.122269E+001  0.845596E+001  0.110070E+001
  0.122643E+001  0.197877E+001  0.256786E+000
  0.122643E+001  0.477643E+001  0.619840E+000
  0.122643E+001  0.797024E+001  0.103430E+001
  0.122643E+001  0.848037E+001  0.110050E+001
  0.123018E+001  0.200347E+001  0.259200E+000
  0.123018E+001  0.417156E+001  0.539697E+000
  0.123018E+001  0.480273E+001  0.621354E+000
  0.123018E+001  0.799897E+001  0.103487E+001
  0.123018E+001  0.850479E+001  0.110031E+001
  0.123393E+001  0.202811E+001  0.261590E+000
  0.123393E+001  0.418711E+001  0.540064E+000
  0.123393E+001  0.482918E+001  0.622879E+000
  0.123393E+001  0.802766E+001  0.103543E+001
  0.123393E+001  0.852921E+001  0.110012E+001
  0.123768E+001  0.205267E+001  0.263957E+000
  0.123768E+001  0.420266E+001  0.540428E+000
  0.123768E+001  0.485578E+001  0.624414E+000
  0.123768E+001  0.805632E+001  0.103598E+001
  0.123768E+001  0.855364E+001  0.109993E+001
  0.124142E+001  0.207717E+001  0.266301E+000
  0.124142E+001  0.421820E+001  0.540788E+000
  0.124142E+001  0.488254E+001  0.625960E+000
  0.124142E+001  0.808493E+001  0.103652E+001
  0.124142E+001  0.857807E+001  0.109974E+001
  0.124517E+001  0.210159E+001  0.268621E+000
  0.124517E+001  0.423373E+001  0.541146E+000
  0.124517E+001  0.490945E+001  0.627516E+000
  0.124517E+001  0.811351E+001  0.103705E+001
  0.124517E+001  0.860251E+001  0.109955E+001
  0.124892E+001  0.212596E+001  0.270920E+000
  0.124892E+001  0.424925E+001  0.541501E+000
  0.124892E+001  0.493652E+001  0.629083E+000
  0.124892E+001  0.814206E+001  0.103758E+001
  0.124892E+001  0.862694E+001  0.109937E+001
  0.125266E+001  0.215025E+001  0.273196E+000
  0.125266E+001  0.426477E+001  0.541852E+000
  0.125266E+001  0.496375E+001  0.630660E+000
  0.125266E+001  0.817056E+001  0.103809E+001
  0.125266E+001  0.865138E+001  0.109919E+001
  0.125641E+001  0.217448E+001  0.275451E+000
  0.125641E+001  0.428028E+001  0.542200E+000
  0.125641E+001  0.499114E+001  0.632248E+000
  0.125641E+001  0.819903E+001  0.103860E+001
  0.125641E+001  0.867584E+001  0.109900E+001
  0.126016E+001  0.219866E+001  0.277685E+000
  0.126016E+001  0.429578E+001  0.542546E+000
  0.126016E+001  0.501869E+001  0.633847E+000
  0.126016E+001  0.822747E+001  0.103911E+001
  0.126016E+001  0.870029E+001  0.109882E+001
  0.126391E+001  0.222277E+001  0.279897E+000
  0.126391E+001  0.431128E+001  0.542889E+000
  0.126391E+001  0.504640E+001  0.635457E+000
  0.126391E+001  0.825586E+001  0.103960E+001
  0.126391E+001  0.872475E+001  0.109865E+001
  0.126765E+001  0.224682E+001  0.282090E+000
  0.126765E+001  0.432678E+001  0.543230E+000
  0.126765E+001  0.507427E+001  0.637078E+000
  0.126765E+001  0.828423E+001  0.104009E+001
  0.126765E+001  0.874920E+001  0.109847E+001
  0.127140E+001  0.227081E+001  0.284261E+000
  0.127140E+001  0.434227E+001  0.543568E+000
  0.127140E+001  0.510230E+001  0.638709E+000
  0.127140E+001  0.831256E+001  0.104057E+001
  0.127140E+001  0.877367E+001  0.109829E+001
  0.127515E+001  0.229475E+001  0.286413E+000
  0.127515E+001  0.435776E+001  0.543904E+000
  0.127515E+001  0.513049E+001  0.640351E+000
  0.127515E+001  0.834086E+001  0.104104E+001
  0.127515E+001  0.879814E+001  0.109812E+001
  0.127890E+001  0.231863E+001  0.288547E+000
  0.127890E+001  0.437325E+001  0.544238E+000
  0.127890E+001  0.515885E+001  0.642004E+000
  0.127890E+001  0.836912E+001  0.104151E+001
  0.127890E+001  0.882261E+001  0.109795E+001
  0.128265E+001  0.234245E+001  0.290660E+000
  0.128265E+001  0.438874E+001  0.544570E+000
  0.128265E+001  0.518737E+001  0.643667E+000
  0.128265E+001  0.839735E+001  0.104197E+001
  0.128265E+001  0.884709E+001  0.109778E+001
  0.128639E+001  0.236623E+001  0.292754E+000
  0.128639E+001  0.440423E+001  0.544899E+000
  0.128639E+001  0.521606E+001  0.645341E+000
  0.128639E+001  0.842555E+001  0.104243E+001
  0.128639E+001  0.887157E+001  0.109761E+001
  0.129014E+001  0.238995E+001  0.294831E+000
  0.129014E+001  0.441971E+001  0.545227E+000
  0.129014E+001  0.524491E+001  0.647026E+000
  0.129014E+001  0.845372E+001  0.104287E+001
  0.129014E+001  0.889606E+001  0.109744E+001
  0.129389E+001  0.241362E+001  0.296888E+000
  0.129389E+001  0.443520E+001  0.545553E+000
  0.129389E+001  0.527392E+001  0.648720E+000
  0.129389E+001  0.848186E+001  0.104331E+001
  0.129389E+001  0.892055E+001  0.109727E+001
  0.129764E+001  0.243725E+001  0.298928E+000
  0.129764E+001  0.445069E+001  0.545877E+000
  0.129764E+001  0.530310E+001  0.650425E+000
  0.129764E+001  0.850997E+001  0.104375E+001
  0.129764E+001  0.894504E+001  0.109711E+001
  0.130138E+001  0.246082E+001  0.300950E+000
  0.130138E+001  0.446618E+001  0.546200E+000
  0.130138E+001  0.533244E+001  0.652140E+000
  0.130138E+001  0.853804E+001  0.104418E+001
  0.130138E+001  0.896954E+001  0.109695E+001
  0.130513E+001  0.248434E+001  0.302955E+000
  0.130513E+001  0.448168E+001  0.546521E+000
  0.130513E+001  0.536194E+001  0.653865E+000
  0.130513E+001  0.856609E+001  0.104460E+001
  0.130513E+001  0.899404E+001  0.109678E+001
  0.130888E+001  0.250782E+001  0.304942E+000
  0.130888E+001  0.449717E+001  0.546840E+000
  0.130888E+001  0.539160E+001  0.655600E+000
  0.130888E+001  0.859411E+001  0.104501E+001
  0.130888E+001  0.901855E+001  0.109662E+001
  0.131262E+001  0.253125E+001  0.306913E+000
  0.131262E+001  0.451267E+001  0.547159E+000
  0.131262E+001  0.542142E+001  0.657344E+000
  0.131262E+001  0.862209E+001  0.104542E+001
  0.131262E+001  0.904306E+001  0.109647E+001
  0.131637E+001  0.255464E+001  0.308866E+000
  0.131637E+001  0.452818E+001  0.547475E+000
  0.131637E+001  0.545141E+001  0.659098E+000
  0.131637E+001  0.865006E+001  0.104583E+001
  0.131637E+001  0.906758E+001  0.109631E+001
  0.132012E+001  0.257798E+001  0.310804E+000
  0.132012E+001  0.454368E+001  0.547791E+000
  0.132012E+001  0.548155E+001  0.660860E+000
  0.132012E+001  0.867799E+001  0.104623E+001
  0.132012E+001  0.909209E+001  0.109615E+001
  0.132387E+001  0.260128E+001  0.312725E+000
  0.132387E+001  0.455920E+001  0.548106E+000
  0.132387E+001  0.551185E+001  0.662632E+000
  0.132387E+001  0.870589E+001  0.104662E+001
  0.132387E+001  0.911661E+001  0.109600E+001
  0.132761E+001  0.262454E+001  0.314631E+000
  0.132761E+001  0.457472E+001  0.548419E+000
  0.132761E+001  0.554229E+001  0.664412E+000
  0.132761E+001  0.873377E+001  0.104701E+001
  0.132761E+001  0.914114E+001  0.109584E+001
  0.133136E+001  0.264775E+001  0.316520E+000
  0.133136E+001  0.459025E+001  0.548732E+000
  0.133136E+001  0.557290E+001  0.666200E+000
  0.133136E+001  0.876162E+001  0.104739E+001
  0.133136E+001  0.916567E+001  0.109569E+001
  0.133511E+001  0.267093E+001  0.318395E+000
  0.133511E+001  0.460578E+001  0.549043E+000
  0.133511E+001  0.560365E+001  0.667997E+000
  0.133511E+001  0.878944E+001  0.104777E+001
  0.133511E+001  0.919021E+001  0.109554E+001
  0.133886E+001  0.269407E+001  0.320254E+000
  0.133886E+001  0.462133E+001  0.549355E+000
  0.133886E+001  0.563456E+001  0.669801E+000
  0.133886E+001  0.881723E+001  0.104814E+001
  0.133886E+001  0.921475E+001  0.109539E+001
  0.134261E+001  0.271717E+001  0.322098E+000
  0.134261E+001  0.463688E+001  0.549665E+000
  0.134261E+001  0.566561E+001  0.671612E+000
  0.134261E+001  0.884501E+001  0.104850E+001
  0.134261E+001  0.923929E+001  0.109524E+001
  0.134635E+001  0.274023E+001  0.323928E+000
  0.134635E+001  0.465244E+001  0.549974E+000
  0.134635E+001  0.569681E+001  0.673431E+000
  0.134635E+001  0.887275E+001  0.104887E+001
  0.134635E+001  0.926384E+001  0.109510E+001
  0.135010E+001  0.276325E+001  0.325743E+000
  0.135010E+001  0.466802E+001  0.550284E+000
  0.135010E+001  0.572815E+001  0.675256E+000
  0.135010E+001  0.890047E+001  0.104922E+001
  0.135010E+001  0.928839E+001  0.109495E+001
  0.135385E+001  0.278624E+001  0.327543E+000
  0.135385E+001  0.468360E+001  0.550592E+000
  0.135385E+001  0.575963E+001  0.677087E+000
  0.135385E+001  0.892816E+001  0.104957E+001
  0.135385E+001  0.931294E+001  0.109481E+001
  0.135760E+001  0.280919E+001  0.329330E+000
  0.135760E+001  0.469919E+001  0.550900E+000
  0.135760E+001  0.579124E+001  0.678924E+000
  0.135760E+001  0.895583E+001  0.104992E+001
  0.135760E+001  0.933750E+001  0.109466E+001
  0.136134E+001  0.283210E+001  0.331102E+000
  0.136134E+001  0.471479E+001  0.551208E+000
  0.136134E+001  0.582299E+001  0.680767E+000
  0.136134E+001  0.898348E+001  0.105026E+001
  0.136134E+001  0.936207E+001  0.109452E+001
  0.136509E+001  0.285498E+001  0.332861E+000
  0.136509E+001  0.473041E+001  0.551515E+000
  0.136509E+001  0.585486E+001  0.682615E+000
  0.136509E+001  0.901110E+001  0.105060E+001
  0.136509E+001  0.938664E+001  0.109438E+001
  0.136884E+001  0.287783E+001  0.334606E+000
  0.136884E+001  0.474604E+001  0.551823E+000
  0.136884E+001  0.588687E+001  0.684467E+000
  0.136884E+001  0.903870E+001  0.105093E+001
  0.136884E+001  0.941121E+001  0.109424E+001
  0.137258E+001  0.290065E+001  0.336338E+000
  0.137258E+001  0.476168E+001  0.552130E+000
  0.137258E+001  0.591900E+001  0.686324E+000
  0.137258E+001  0.906627E+001  0.105126E+001
  0.137258E+001  0.943578E+001  0.109410E+001
  0.137633E+001  0.292343E+001  0.338057E+000
  0.137633E+001  0.477734E+001  0.552437E+000
  0.137633E+001  0.595125E+001  0.688185E+000
  0.137633E+001  0.909382E+001  0.105158E+001
  0.137633E+001  0.946036E+001  0.109397E+001
  0.138008E+001  0.294618E+001  0.339762E+000
  0.138008E+001  0.479301E+001  0.552745E+000
  0.138008E+001  0.598362E+001  0.690049E+000
  0.138008E+001  0.912135E+001  0.105190E+001
  0.138008E+001  0.948494E+001  0.109383E+001
  0.138383E+001  0.296890E+001  0.341456E+000
  0.138383E+001  0.480870E+001  0.553052E+000
  0.138383E+001  0.601610E+001  0.691916E+000
  0.138383E+001  0.914886E+001  0.105222E+001
  0.138383E+001  0.950953E+001  0.109370E+001
  0.138758E+001  0.299159E+001  0.343136E+000
  0.138758E+001  0.482440E+001  0.553359E+000
  0.138758E+001  0.604869E+001  0.693785E+000
  0.138758E+001  0.917634E+001  0.105253E+001
  0.138758E+001  0.953412E+001  0.109356E+001
  0.139132E+001  0.301425E+001  0.344804E+000
  0.139132E+001  0.484012E+001  0.553667E+000
  0.139132E+001  0.608139E+001  0.695657E+000
  0.139132E+001  0.920380E+001  0.105283E+001
  0.139132E+001  0.955871E+001  0.109343E+001
  0.139507E+001  0.303689E+001  0.346460E+000
  0.139507E+001  0.485586E+001  0.553975E+000
  0.139507E+001  0.611419E+001  0.697530E+000
  0.139507E+001  0.923124E+001  0.105314E+001
  0.139507E+001  0.958331E+001  0.109330E+001
  0.139882E+001  0.305949E+001  0.348104E+000
  0.139882E+001  0.487161E+001  0.554283E+000
  0.139882E+001  0.614708E+001  0.699404E+000
  0.139882E+001  0.925865E+001  0.105343E+001
  0.139882E+001  0.960791E+001  0.109317E+001
  0.140257E+001  0.308207E+001  0.349735E+000
  0.140257E+001  0.488739E+001  0.554592E+000
  0.140257E+001  0.618008E+001  0.701279E+000
  0.140257E+001  0.928606E+001  0.105373E+001
  0.140257E+001  0.963252E+001  0.109304E+001
  0.140631E+001  0.310461E+001  0.351355E+000
  0.140631E+001  0.490318E+001  0.554902E+000
  0.140631E+001  0.621316E+001  0.703154E+000
  0.140631E+001  0.931343E+001  0.105402E+001
  0.140631E+001  0.965713E+001  0.109291E+001
  0.141006E+001  0.312714E+001  0.352963E+000
  0.141006E+001  0.491899E+001  0.555211E+000
  0.141006E+001  0.624632E+001  0.705029E+000
  0.141006E+001  0.934078E+001  0.105430E+001
  0.141006E+001  0.968174E+001  0.109279E+001
  0.141381E+001  0.314964E+001  0.354560E+000
  0.141381E+001  0.493482E+001  0.555522E+000
  0.141381E+001  0.627958E+001  0.706904E+000
  0.141381E+001  0.936813E+001  0.105459E+001
  0.141381E+001  0.970636E+001  0.109266E+001
  0.141756E+001  0.317210E+001  0.356146E+000
  0.141756E+001  0.495067E+001  0.555833E+000
  0.141756E+001  0.631291E+001  0.708777E+000
  0.141756E+001  0.939544E+001  0.105487E+001
  0.141756E+001  0.973098E+001  0.109254E+001
  0.142130E+001  0.319455E+001  0.357720E+000
  0.142130E+001  0.496655E+001  0.556146E+000
  0.142130E+001  0.634631E+001  0.710649E+000
  0.142130E+001  0.942273E+001  0.105514E+001
  0.142130E+001  0.975560E+001  0.109242E+001
  0.142505E+001  0.321697E+001  0.359283E+000
  0.142505E+001  0.498244E+001  0.556458E+000
  0.142505E+001  0.637978E+001  0.712518E+000
  0.142505E+001  0.945001E+001  0.105541E+001
  0.142505E+001  0.978023E+001  0.109229E+001
  0.142880E+001  0.323936E+001  0.360835E+000
  0.142880E+001  0.499837E+001  0.556772E+000
  0.142880E+001  0.641333E+001  0.714386E+000
  0.142880E+001  0.947727E+001  0.105568E+001
  0.142880E+001  0.980487E+001  0.109217E+001
  0.143254E+001  0.326174E+001  0.362377E+000
  0.143254E+001  0.501431E+001  0.557087E+000
  0.143254E+001  0.644693E+001  0.716250E+000
  0.143254E+001  0.950451E+001  0.105595E+001
  0.143254E+001  0.982950E+001  0.109205E+001
  0.143629E+001  0.328409E+001  0.363909E+000
  0.143629E+001  0.503028E+001  0.557403E+000
  0.143629E+001  0.648059E+001  0.718111E+000
  0.143629E+001  0.953172E+001  0.105621E+001
  0.143629E+001  0.985414E+001  0.109193E+001
  0.144004E+001  0.330642E+001  0.365429E+000
  0.144004E+001  0.504627E+001  0.557720E+000
  0.144004E+001  0.651430E+001  0.719969E+000
  0.144004E+001  0.955892E+001  0.105646E+001
  0.144004E+001  0.987878E+001  0.109182E+001
  0.144379E+001  0.332872E+001  0.366939E+000
  0.144379E+001  0.506230E+001  0.558039E+000
  0.144379E+001  0.654807E+001  0.721822E+000
  0.144379E+001  0.958611E+001  0.105672E+001
  0.144379E+001  0.990343E+001  0.109170E+001
  0.144754E+001  0.335100E+001  0.368439E+000
  0.144754E+001  0.507834E+001  0.558358E+000
  0.144754E+001  0.658188E+001  0.723671E+000
  0.144754E+001  0.961327E+001  0.105697E+001
  0.144754E+001  0.992808E+001  0.109158E+001
  0.145128E+001  0.337326E+001  0.369929E+000
  0.145128E+001  0.509441E+001  0.558679E+000
  0.145128E+001  0.661574E+001  0.725515E+000
  0.145128E+001  0.964041E+001  0.105722E+001
  0.145128E+001  0.995273E+001  0.109147E+001
  0.145503E+001  0.339550E+001  0.371409E+000
  0.145503E+001  0.511052E+001  0.559002E+000
  0.145503E+001  0.664963E+001  0.727354E+000
  0.145503E+001  0.966754E+001  0.105746E+001
  0.145503E+001  0.997739E+001  0.109135E+001
  0.145878E+001  0.341772E+001  0.372879E+000
  0.145878E+001  0.512665E+001  0.559325E+000
  0.145878E+001  0.668356E+001  0.729187E+000
  0.145878E+001  0.969465E+001  0.105770E+001
  0.145878E+001  0.100020E+002  0.109124E+001
  0.146253E+001  0.343992E+001  0.374340E+000
  0.146253E+001  0.514281E+001  0.559651E+000
  0.146253E+001  0.671752E+001  0.731014E+000
  0.146253E+001  0.972174E+001  0.105794E+001
  0.146253E+001  0.100267E+002  0.109113E+001
  0.146627E+001  0.346210E+001  0.375790E+000
  0.146627E+001  0.515900E+001  0.559979E+000
  0.146627E+001  0.675151E+001  0.732836E+000
  0.146627E+001  0.974882E+001  0.105817E+001
  0.146627E+001  0.100514E+002  0.109102E+001
  0.147002E+001  0.348426E+001  0.377231E+000
  0.147002E+001  0.517523E+001  0.560308E+000
  0.147002E+001  0.678552E+001  0.734650E+000
  0.147002E+001  0.977588E+001  0.105841E+001
  0.147002E+001  0.100761E+002  0.109091E+001
  0.147377E+001  0.350640E+001  0.378663E+000
  0.147377E+001  0.519149E+001  0.560638E+000
  0.147377E+001  0.681956E+001  0.736457E+000
  0.147377E+001  0.980292E+001  0.105864E+001
  0.147377E+001  0.101007E+002  0.109080E+001
  0.147752E+001  0.352852E+001  0.380085E+000
  0.147752E+001  0.520777E+001  0.560971E+000
  0.147752E+001  0.685361E+001  0.738257E+000
  0.147752E+001  0.982995E+001  0.105886E+001
  0.147752E+001  0.101254E+002  0.109069E+001
  0.148126E+001  0.355063E+001  0.381499E+000
  0.148126E+001  0.522410E+001  0.561305E+000
  0.148126E+001  0.688768E+001  0.740050E+000
  0.148126E+001  0.985696E+001  0.105909E+001
  0.148126E+001  0.101501E+002  0.109058E+001
  0.148501E+001  0.357272E+001  0.382903E+000
  0.148501E+001  0.524046E+001  0.561642E+000
  0.148501E+001  0.692176E+001  0.741835E+000
  0.148501E+001  0.988395E+001  0.105931E+001
  0.148501E+001  0.101748E+002  0.109048E+001
  0.148876E+001  0.359478E+001  0.384299E+000
  0.148876E+001  0.525685E+001  0.561981E+000
  0.148876E+001  0.695584E+001  0.743611E+000
  0.148876E+001  0.991093E+001  0.105952E+001
  0.148876E+001  0.101995E+002  0.109037E+001
  0.149250E+001  0.361683E+001  0.385685E+000
  0.149250E+001  0.527328E+001  0.562322E+000
  0.149250E+001  0.698994E+001  0.745380E+000
  0.149250E+001  0.993789E+001  0.105974E+001
  0.149250E+001  0.102242E+002  0.109027E+001
  0.149625E+001  0.363887E+001  0.387063E+000
  0.149625E+001  0.528975E+001  0.562665E+000
  0.149625E+001  0.702403E+001  0.747140E+000
  0.149625E+001  0.996484E+001  0.105995E+001
  0.149625E+001  0.102489E+002  0.109016E+001
