  0.116311E-001  0.213963E+000
  0.127131E-001  0.223904E+000
  0.138397E-001  0.233840E+000
  0.150102E-001  0.243772E+000
  0.162241E-001  0.253698E+000
  0.174809E-001  0.263618E+000
  0.187799E-001  0.273534E+000
  0.201207E-001  0.283443E+000
  0.215026E-001  0.293347E+000
  0.229252E-001  0.303246E+000
  0.243878E-001  0.313138E+000
  0.258899E-001  0.323025E+000
  0.274310E-001  0.332905E+000
  0.290106E-001  0.342780E+000
  0.306280E-001  0.352648E+000
  0.322827E-001  0.362510E+000
  0.339743E-001  0.372366E+000
  0.357021E-001  0.382216E+000
  0.374657E-001  0.392059E+000
  0.392646E-001  0.401896E+000
  0.410982E-001  0.411726E+000
  0.429660E-001  0.421550E+000
  0.448676E-001  0.431368E+000
  0.468025E-001  0.441179E+000
  0.487702E-001  0.450983E+000
  0.507701E-001  0.460781E+000
  0.528020E-001  0.470573E+000
  0.548652E-001  0.480358E+000
  0.569594E-001  0.490136E+000
  0.590840E-001  0.499907E+000
  0.612387E-001  0.509673E+000
  0.634230E-001  0.519431E+000
  0.656366E-001  0.529183E+000
  0.678788E-001  0.538928E+000
  0.701495E-001  0.548667E+000
  0.724481E-001  0.558399E+000
  0.747743E-001  0.568125E+000
  0.771276E-001  0.577844E+000
  0.795076E-001  0.587557E+000
  0.819141E-001  0.597263E+000
  0.843465E-001  0.606963E+000
  0.868045E-001  0.616656E+000
  0.892878E-001  0.626343E+000
  0.917960E-001  0.636023E+000
  0.943287E-001  0.645697E+000
  0.968855E-001  0.655365E+000
  0.994662E-001  0.665026E+000
  0.102070E+000  0.674681E+000
  0.104697E+000  0.684330E+000
  0.107347E+000  0.693972E+000
  0.110020E+000  0.703608E+000
  0.112714E+000  0.713238E+000
  0.115430E+000  0.722863E+000
  0.118168E+000  0.732480E+000
  0.120927E+000  0.742092E+000
  0.123706E+000  0.751698E+000
  0.126506E+000  0.761298E+000
  0.129327E+000  0.770892E+000
  0.132167E+000  0.780481E+000
  0.135026E+000  0.790063E+000
  0.137905E+000  0.799640E+000
  0.140802E+000  0.809211E+000
  0.143719E+000  0.818776E+000
  0.146653E+000  0.828336E+000
  0.149606E+000  0.837890E+000
  0.152576E+000  0.847439E+000
  0.155563E+000  0.856982E+000
  0.158568E+000  0.866520E+000
  0.161589E+000  0.876053E+000
  0.164627E+000  0.885580E+000
  0.167682E+000  0.895102E+000
  0.170752E+000  0.904619E+000
  0.173837E+000  0.914131E+000
  0.176939E+000  0.923638E+000
  0.180055E+000  0.933140E+000
  0.183186E+000  0.942638E+000
  0.186331E+000  0.952130E+000
  0.189491E+000  0.961618E+000
  0.192664E+000  0.971101E+000
  0.195851E+000  0.980579E+000
  0.199052E+000  0.990053E+000
  0.202265E+000  0.999523E+000
  0.205492E+000  0.100899E+001
  0.208730E+000  0.101845E+001
  0.211981E+000  0.102791E+001
  0.215244E+000  0.103736E+001
  0.218519E+000  0.104681E+001
  0.221804E+000  0.105625E+001
  0.225101E+000  0.106569E+001
  0.228408E+000  0.107513E+001
  0.231726E+000  0.108456E+001
  0.235054E+000  0.109399E+001
  0.238391E+000  0.110342E+001
  0.241738E+000  0.111284E+001
  0.245095E+000  0.112226E+001
  0.248459E+000  0.113168E+001
  0.251833E+000  0.114109E+001
  0.255214E+000  0.115051E+001
  0.258603E+000  0.115991E+001
  0.262000E+000  0.116932E+001
  0.265403E+000  0.117872E+001
  0.268813E+000  0.118812E+001
  0.272230E+000  0.119752E+001
  0.275652E+000  0.120692E+001
  0.279079E+000  0.121631E+001
  0.282511E+000  0.122570E+001
  0.285948E+000  0.123510E+001
  0.289388E+000  0.124448E+001
  0.292832E+000  0.125387E+001
  0.296279E+000  0.126326E+001
  0.299728E+000  0.127265E+001
  0.303178E+000  0.128203E+001
  0.306629E+000  0.129142E+001
  0.310080E+000  0.130080E+001
  0.313531E+000  0.131019E+001
  0.316980E+000  0.131958E+001
  0.320426E+000  0.132896E+001
  0.323869E+000  0.133835E+001
  0.327307E+000  0.134774E+001
  0.330739E+000  0.135714E+001
  0.334164E+000  0.136653E+001
  0.337580E+000  0.137593E+001
  0.340985E+000  0.138533E+001
  0.344377E+000  0.139474E+001
  0.347754E+000  0.140415E+001
  0.351114E+000  0.141357E+001
  0.354454E+000  0.142300E+001
  0.357771E+000  0.143243E+001
  0.361060E+000  0.144187E+001
  0.364319E+000  0.145133E+001
  0.367542E+000  0.146079E+001
  0.370724E+000  0.147027E+001
  0.373859E+000  0.147977E+001
  0.376940E+000  0.148928E+001
  0.379961E+000  0.149882E+001
  0.382914E+000  0.150837E+001
  0.385790E+000  0.151795E+001
  0.388581E+000  0.152755E+001
  0.391278E+000  0.153718E+001
  0.393873E+000  0.154684E+001
  0.396359E+000  0.155652E+001
  0.398730E+000  0.156624E+001
  0.400983E+000  0.157598E+001
  0.403115E+000  0.158575E+001
  0.405127E+000  0.159555E+001
  0.407022E+000  0.160537E+001
  0.408804E+000  0.161520E+001
  0.410480E+000  0.162506E+001
  0.412057E+000  0.163494E+001
  0.413542E+000  0.164483E+001
  0.414943E+000  0.165473E+001
  0.416267E+000  0.166464E+001
  0.417523E+000  0.167456E+001
  0.418715E+000  0.168449E+001
  0.419852E+000  0.169443E+001
  0.420937E+000  0.170437E+001
  0.421976E+000  0.171431E+001
  0.422974E+000  0.172426E+001
  0.423934E+000  0.173422E+001
  0.424860E+000  0.174417E+001
  0.425756E+000  0.175413E+001
  0.426622E+000  0.176410E+001
  0.427464E+000  0.177406E+001
  0.428281E+000  0.178403E+001
  0.429077E+000  0.179399E+001
  0.429853E+000  0.180396E+001
  0.430611E+000  0.181394E+001
  0.431353E+000  0.182391E+001
  0.432078E+000  0.183388E+001
  0.432790E+000  0.184386E+001
  0.433488E+000  0.185383E+001
  0.434174E+000  0.186381E+001
  0.434849E+000  0.187379E+001
  0.435513E+000  0.188376E+001
  0.436168E+000  0.189374E+001
  0.436814E+000  0.190372E+001
  0.437451E+000  0.191370E+001
  0.438081E+000  0.192368E+001
  0.438704E+000  0.193366E+001
  0.439320E+000  0.194364E+001
  0.439930E+000  0.195362E+001
  0.440535E+000  0.196361E+001
  0.441134E+000  0.197359E+001
  0.441729E+000  0.198357E+001
  0.442319E+000  0.199355E+001
  0.442906E+000  0.200354E+001
  0.443489E+000  0.201352E+001
  0.444069E+000  0.202350E+001
  0.444645E+000  0.203349E+001
  0.445220E+000  0.204347E+001
  0.445792E+000  0.205345E+001
  0.446362E+000  0.206344E+001
  0.446930E+000  0.207342E+001
  0.447496E+000  0.208340E+001
  0.448062E+000  0.209339E+001
  0.448626E+000  0.210337E+001
  0.449190E+000  0.211336E+001
  0.449752E+000  0.212334E+001
  0.450315E+000  0.213332E+001
  0.450877E+000  0.214331E+001
  0.451439E+000  0.215329E+001
  0.452001E+000  0.216328E+001
  0.452564E+000  0.217326E+001
  0.453126E+000  0.218325E+001
  0.453690E+000  0.219323E+001
  0.454254E+000  0.220321E+001
  0.454819E+000  0.221320E+001
  0.455385E+000  0.222318E+001
  0.455952E+000  0.223317E+001
  0.456520E+000  0.224315E+001
  0.457090E+000  0.225313E+001
  0.457661E+000  0.226312E+001
  0.458234E+000  0.227310E+001
  0.458808E+000  0.228308E+001
  0.459384E+000  0.229307E+001
  0.459962E+000  0.230305E+001
  0.460542E+000  0.231303E+001
  0.461124E+000  0.232302E+001
  0.461708E+000  0.233300E+001
  0.462294E+000  0.234298E+001
  0.462882E+000  0.235296E+001
  0.463473E+000  0.236295E+001
  0.464067E+000  0.237293E+001
  0.464662E+000  0.238291E+001
  0.465260E+000  0.239289E+001
  0.465861E+000  0.240288E+001
  0.466465E+000  0.241286E+001
  0.467071E+000  0.242284E+001
  0.467680E+000  0.243282E+001
  0.468291E+000  0.244280E+001
  0.468906E+000  0.245278E+001
  0.469523E+000  0.246276E+001
  0.470144E+000  0.247274E+001
  0.470767E+000  0.248273E+001
  0.471394E+000  0.249271E+001
  0.472023E+000  0.250269E+001
  0.472656E+000  0.251267E+001
  0.473291E+000  0.252265E+001
  0.473930E+000  0.253263E+001
  0.474572E+000  0.254260E+001
  0.475217E+000  0.255258E+001
  0.475865E+000  0.256256E+001
  0.476517E+000  0.257254E+001
  0.477172E+000  0.258252E+001
  0.477830E+000  0.259250E+001
  0.478492E+000  0.260248E+001
  0.479156E+000  0.261245E+001
  0.479825E+000  0.262243E+001
  0.480496E+000  0.263241E+001
  0.481171E+000  0.264239E+001
  0.481850E+000  0.265236E+001
  0.482531E+000  0.266234E+001
  0.483217E+000  0.267232E+001
  0.483905E+000  0.268229E+001
  0.484597E+000  0.269227E+001
  0.485293E+000  0.270224E+001
  0.485992E+000  0.271222E+001
  0.486694E+000  0.272220E+001
  0.487400E+000  0.273217E+001
  0.488110E+000  0.274215E+001
  0.488823E+000  0.275212E+001
  0.489539E+000  0.276209E+001
  0.490259E+000  0.277207E+001
  0.490982E+000  0.278204E+001
  0.491709E+000  0.279202E+001
  0.492440E+000  0.280199E+001
  0.493173E+000  0.281196E+001
  0.493911E+000  0.282193E+001
  0.494652E+000  0.283191E+001
  0.495396E+000  0.284188E+001
  0.496144E+000  0.285185E+001
  0.496895E+000  0.286182E+001
  0.497650E+000  0.287179E+001
  0.498408E+000  0.288177E+001
  0.499170E+000  0.289174E+001
  0.499935E+000  0.290171E+001
  0.500704E+000  0.291168E+001
  0.501476E+000  0.292165E+001
  0.502252E+000  0.293162E+001
  0.503031E+000  0.294159E+001
  0.503813E+000  0.295156E+001
  0.504599E+000  0.296153E+001
  0.505389E+000  0.297150E+001
  0.506181E+000  0.298146E+001
  0.506978E+000  0.299143E+001
  0.507777E+000  0.300140E+001
  0.508580E+000  0.301137E+001
  0.509387E+000  0.302133E+001
  0.510196E+000  0.303130E+001
  0.511009E+000  0.304127E+001
  0.511826E+000  0.305124E+001
  0.512645E+000  0.306120E+001
  0.513469E+000  0.307117E+001
  0.514295E+000  0.308113E+001
  0.515125E+000  0.309110E+001
  0.515958E+000  0.310106E+001
  0.516794E+000  0.311103E+001
  0.517634E+000  0.312099E+001
  0.518476E+000  0.313096E+001
  0.519322E+000  0.314092E+001
  0.520172E+000  0.315089E+001
  0.521024E+000  0.316085E+001
  0.521880E+000  0.317081E+001
  0.522739E+000  0.318078E+001
  0.523601E+000  0.319074E+001
  0.524466E+000  0.320070E+001
  0.525335E+000  0.321066E+001
  0.526206E+000  0.322063E+001
  0.527081E+000  0.323059E+001
  0.527959E+000  0.324055E+001
  0.528839E+000  0.325051E+001
  0.529723E+000  0.326047E+001
  0.530610E+000  0.327043E+001
  0.531501E+000  0.328039E+001
  0.532394E+000  0.329035E+001
  0.533290E+000  0.330031E+001
  0.534189E+000  0.331027E+001
  0.535091E+000  0.332023E+001
  0.535996E+000  0.333019E+001
  0.536904E+000  0.334015E+001
  0.537816E+000  0.335011E+001
  0.538730E+000  0.336006E+001
  0.539647E+000  0.337002E+001
  0.540566E+000  0.337998E+001
  0.541489E+000  0.338994E+001
  0.542415E+000  0.339989E+001
  0.543343E+000  0.340985E+001
  0.544275E+000  0.341981E+001
  0.545209E+000  0.342976E+001
  0.546146E+000  0.343972E+001
  0.547086E+000  0.344968E+001
  0.548028E+000  0.345963E+001
  0.548974E+000  0.346959E+001
  0.549922E+000  0.347954E+001
  0.550873E+000  0.348950E+001
  0.551826E+000  0.349945E+001
  0.552782E+000  0.350940E+001
  0.553741E+000  0.351936E+001
  0.554703E+000  0.352931E+001
  0.555668E+000  0.353927E+001
  0.556635E+000  0.354922E+001
  0.557604E+000  0.355917E+001
  0.558576E+000  0.356912E+001
  0.559551E+000  0.357908E+001
  0.560529E+000  0.358903E+001
  0.561509E+000  0.359898E+001
  0.562491E+000  0.360893E+001
  0.563477E+000  0.361888E+001
  0.564464E+000  0.362883E+001
  0.565455E+000  0.363879E+001
  0.566447E+000  0.364874E+001
  0.567442E+000  0.365869E+001
  0.568440E+000  0.366864E+001
  0.569440E+000  0.367859E+001
  0.570443E+000  0.368854E+001
  0.571448E+000  0.369849E+001
  0.572455E+000  0.370843E+001
  0.573465E+000  0.371838E+001
  0.574477E+000  0.372833E+001
  0.575492E+000  0.373828E+001
  0.576509E+000  0.374823E+001
  0.577528E+000  0.375818E+001
  0.578550E+000  0.376812E+001
  0.579574E+000  0.377807E+001
  0.580600E+000  0.378802E+001
  0.581628E+000  0.379797E+001
  0.582659E+000  0.380791E+001
  0.583692E+000  0.381786E+001
  0.584727E+000  0.382781E+001
  0.585765E+000  0.383775E+001
  0.586804E+000  0.384770E+001
  0.587846E+000  0.385764E+001
  0.588890E+000  0.386759E+001
  0.589937E+000  0.387753E+001
  0.590985E+000  0.388748E+001
  0.592036E+000  0.389742E+001
  0.593088E+000  0.390737E+001
  0.594143E+000  0.391731E+001
  0.595200E+000  0.392726E+001
  0.596259E+000  0.393720E+001
  0.597320E+000  0.394714E+001
  0.598383E+000  0.395709E+001
  0.599448E+000  0.396703E+001
  0.600516E+000  0.397697E+001
  0.601585E+000  0.398691E+001
  0.602656E+000  0.399686E+001
  0.603729E+000  0.400680E+001
  0.604805E+000  0.401674E+001
  0.605882E+000  0.402668E+001
  0.606961E+000  0.403663E+001
  0.608042E+000  0.404657E+001
  0.609125E+000  0.405651E+001
  0.610210E+000  0.406645E+001
  0.611297E+000  0.407639E+001
  0.612386E+000  0.408633E+001
  0.613476E+000  0.409627E+001
  0.614569E+000  0.410621E+001
  0.615663E+000  0.411615E+001
  0.616759E+000  0.412609E+001
  0.617857E+000  0.413603E+001
  0.618957E+000  0.414597E+001
  0.620059E+000  0.415591E+001
  0.621162E+000  0.416585E+001
  0.622268E+000  0.417579E+001
  0.623375E+000  0.418572E+001
  0.624483E+000  0.419566E+001
  0.625594E+000  0.420560E+001
  0.626706E+000  0.421554E+001
  0.627820E+000  0.422548E+001
  0.628936E+000  0.423541E+001
  0.630053E+000  0.424535E+001
  0.631173E+000  0.425529E+001
  0.632293E+000  0.426523E+001
  0.633416E+000  0.427516E+001
  0.634540E+000  0.428510E+001
  0.635666E+000  0.429504E+001
  0.636793E+000  0.430497E+001
  0.637922E+000  0.431491E+001
  0.639053E+000  0.432484E+001
  0.640185E+000  0.433478E+001
  0.641319E+000  0.434471E+001
  0.642454E+000  0.435465E+001
  0.643591E+000  0.436459E+001
  0.644730E+000  0.437452E+001
  0.645870E+000  0.438446E+001
  0.647011E+000  0.439439E+001
  0.648154E+000  0.440432E+001
  0.649299E+000  0.441426E+001
  0.650445E+000  0.442419E+001
  0.651593E+000  0.443413E+001
  0.652742E+000  0.444406E+001
  0.653893E+000  0.445399E+001
  0.655045E+000  0.446393E+001
  0.656198E+000  0.447386E+001
  0.657353E+000  0.448379E+001
  0.658510E+000  0.449373E+001
  0.659668E+000  0.450366E+001
  0.660827E+000  0.451359E+001
  0.661988E+000  0.452352E+001
  0.663150E+000  0.453346E+001
  0.664313E+000  0.454339E+001
  0.665478E+000  0.455332E+001
  0.666644E+000  0.456325E+001
  0.667812E+000  0.457318E+001
  0.668981E+000  0.458312E+001
  0.670151E+000  0.459305E+001
  0.671323E+000  0.460298E+001
  0.672496E+000  0.461291E+001
  0.673670E+000  0.462284E+001
  0.674846E+000  0.463277E+001
  0.676023E+000  0.464270E+001
  0.677201E+000  0.465263E+001
  0.678380E+000  0.466256E+001
  0.679561E+000  0.467249E+001
  0.680743E+000  0.468242E+001
  0.681926E+000  0.469235E+001
  0.683110E+000  0.470228E+001
  0.684296E+000  0.471221E+001
  0.685483E+000  0.472214E+001
  0.686671E+000  0.473207E+001
  0.687861E+000  0.474200E+001
  0.689051E+000  0.475193E+001
  0.690243E+000  0.476186E+001
  0.691436E+000  0.477178E+001
  0.692630E+000  0.478171E+001
  0.693825E+000  0.479164E+001
  0.695022E+000  0.480157E+001
  0.696219E+000  0.481150E+001
  0.697418E+000  0.482142E+001
  0.698618E+000  0.483135E+001
  0.699819E+000  0.484128E+001
  0.701021E+000  0.485121E+001
  0.702224E+000  0.486113E+001
  0.703429E+000  0.487106E+001
  0.704634E+000  0.488099E+001
  0.705841E+000  0.489092E+001
  0.707048E+000  0.490084E+001
  0.708257E+000  0.491077E+001
  0.709467E+000  0.492070E+001
  0.710678E+000  0.493062E+001
  0.711890E+000  0.494055E+001
  0.713103E+000  0.495047E+001
  0.714317E+000  0.496040E+001
  0.715532E+000  0.497033E+001
  0.716748E+000  0.498025E+001
  0.717965E+000  0.499018E+001
  0.719183E+000  0.500010E+001
  0.720402E+000  0.501003E+001
  0.721622E+000  0.501995E+001
  0.722843E+000  0.502988E+001
  0.724065E+000  0.503980E+001
  0.725288E+000  0.504973E+001
  0.726512E+000  0.505965E+001
  0.727737E+000  0.506958E+001
  0.728963E+000  0.507950E+001
  0.730190E+000  0.508943E+001
  0.731418E+000  0.509935E+001
  0.732647E+000  0.510928E+001
  0.733876E+000  0.511920E+001
  0.735107E+000  0.512912E+001
  0.736339E+000  0.513905E+001
  0.737571E+000  0.514897E+001
  0.738805E+000  0.515890E+001
  0.740039E+000  0.516882E+001
  0.741274E+000  0.517874E+001
  0.742510E+000  0.518867E+001
  0.743747E+000  0.519859E+001
  0.744985E+000  0.520851E+001
  0.746224E+000  0.521844E+001
  0.747463E+000  0.522836E+001
  0.748704E+000  0.523828E+001
  0.749945E+000  0.524820E+001
  0.751187E+000  0.525813E+001
  0.752430E+000  0.526805E+001
  0.753674E+000  0.527797E+001
  0.754918E+000  0.528789E+001
  0.756164E+000  0.529782E+001
  0.757410E+000  0.530774E+001
  0.758657E+000  0.531766E+001
  0.759905E+000  0.532758E+001
  0.761154E+000  0.533750E+001
  0.762403E+000  0.534742E+001
  0.763654E+000  0.535735E+001
  0.764905E+000  0.536727E+001
  0.766157E+000  0.537719E+001
  0.767409E+000  0.538711E+001
  0.768663E+000  0.539703E+001
  0.769917E+000  0.540695E+001
  0.771172E+000  0.541687E+001
  0.772428E+000  0.542679E+001
  0.773684E+000  0.543671E+001
  0.774941E+000  0.544664E+001
  0.776199E+000  0.545656E+001
  0.777458E+000  0.546648E+001
  0.778717E+000  0.547640E+001
  0.779977E+000  0.548632E+001
  0.781238E+000  0.549624E+001
  0.782500E+000  0.550616E+001
  0.783762E+000  0.551608E+001
  0.785025E+000  0.552600E+001
  0.786289E+000  0.553592E+001
  0.787553E+000  0.554584E+001
  0.788818E+000  0.555576E+001
  0.790084E+000  0.556568E+001
  0.791350E+000  0.557560E+001
  0.792617E+000  0.558552E+001
  0.793885E+000  0.559543E+001
  0.795154E+000  0.560535E+001
  0.796423E+000  0.561527E+001
  0.797692E+000  0.562519E+001
  0.798963E+000  0.563511E+001
  0.800234E+000  0.564503E+001
  0.801506E+000  0.565495E+001
  0.802778E+000  0.566487E+001
  0.804051E+000  0.567479E+001
  0.805325E+000  0.568470E+001
  0.806599E+000  0.569462E+001
  0.807874E+000  0.570454E+001
  0.809149E+000  0.571446E+001
  0.810425E+000  0.572438E+001
  0.811702E+000  0.573430E+001
  0.812980E+000  0.574421E+001
  0.814258E+000  0.575413E+001
  0.815536E+000  0.576405E+001
  0.816815E+000  0.577397E+001
  0.818095E+000  0.578389E+001
  0.819375E+000  0.579380E+001
  0.820656E+000  0.580372E+001
  0.821938E+000  0.581364E+001
  0.823220E+000  0.582356E+001
  0.824503E+000  0.583347E+001
  0.825786E+000  0.584339E+001
