  0.357134E-001  0.482965E-001
  0.357134E-001  0.482965E-001
  0.416352E-001  0.563545E-001
  0.475458E-001  0.644208E-001
  0.534432E-001  0.724968E-001
  0.593255E-001  0.805837E-001
  0.651905E-001  0.886832E-001
  0.710362E-001  0.967966E-001
  0.768601E-001  0.104926E+000
  0.826596E-001  0.113072E+000
  0.884320E-001  0.121238E+000
  0.941744E-001  0.129425E+000
  0.998834E-001  0.137635E+000
  0.105556E+000  0.145871E+000
  0.111188E+000  0.154134E+000
  0.116775E+000  0.162428E+000
  0.122313E+000  0.170754E+000
  0.127797E+000  0.179116E+000
  0.133222E+000  0.187516E+000
  0.138583E+000  0.195958E+000
  0.143873E+000  0.204444E+000
  0.149086E+000  0.212978E+000
  0.154216E+000  0.221562E+000
  0.159256E+000  0.230199E+000
  0.164199E+000  0.238892E+000
  0.169037E+000  0.247643E+000
  0.173765E+000  0.256456E+000
  0.178374E+000  0.265330E+000
  0.182859E+000  0.274268E+000
  0.187215E+000  0.283269E+000
  0.191436E+000  0.292335E+000
  0.195520E+000  0.301463E+000
  0.199463E+000  0.310652E+000
  0.203267E+000  0.319901E+000
  0.206930E+000  0.329206E+000
  0.210455E+000  0.338564E+000
  0.213846E+000  0.347971E+000
  0.217107E+000  0.357425E+000
  0.220243E+000  0.366920E+000
  0.223262E+000  0.376454E+000
  0.226169E+000  0.386022E+000
  0.228973E+000  0.395621E+000
  0.231680E+000  0.405247E+000
  0.234298E+000  0.414898E+000
  0.236834E+000  0.424572E+000
  0.239295E+000  0.434264E+000
  0.241687E+000  0.443974E+000
  0.244018E+000  0.453698E+000
  0.246292E+000  0.463436E+000
  0.248515E+000  0.473186E+000
  0.250691E+000  0.482946E+000
  0.252827E+000  0.492716E+000
  0.254925E+000  0.502493E+000
  0.256989E+000  0.512278E+000
  0.259024E+000  0.522068E+000
  0.261031E+000  0.531865E+000
  0.263014E+000  0.541666E+000
  0.264975E+000  0.551472E+000
  0.266916E+000  0.561282E+000
  0.268841E+000  0.571095E+000
  0.270749E+000  0.580911E+000
  0.272643E+000  0.590730E+000
  0.274525E+000  0.600552E+000
  0.276395E+000  0.610375E+000
  0.278255E+000  0.620201E+000
  0.280106E+000  0.630028E+000
  0.281949E+000  0.639857E+000
  0.283784E+000  0.649687E+000
  0.285612E+000  0.659518E+000
  0.287435E+000  0.669351E+000
  0.289252E+000  0.679184E+000
  0.291063E+000  0.689019E+000
  0.292871E+000  0.698854E+000
  0.294674E+000  0.708690E+000
  0.296472E+000  0.718527E+000
  0.298268E+000  0.728365E+000
  0.300059E+000  0.738203E+000
  0.301848E+000  0.748042E+000
  0.303633E+000  0.757881E+000
  0.305415E+000  0.767721E+000
  0.307193E+000  0.777562E+000
  0.308969E+000  0.787403E+000
  0.310742E+000  0.797244E+000
  0.312512E+000  0.807086E+000
  0.314279E+000  0.816929E+000
  0.316042E+000  0.826772E+000
  0.317803E+000  0.836616E+000
  0.319560E+000  0.846461E+000
  0.321314E+000  0.856306E+000
  0.323064E+000  0.866151E+000
  0.324811E+000  0.875997E+000
  0.326554E+000  0.885844E+000
  0.328293E+000  0.895692E+000
  0.330028E+000  0.905540E+000
  0.331758E+000  0.915389E+000
  0.333484E+000  0.925239E+000
  0.335206E+000  0.935090E+000
  0.336922E+000  0.944942E+000
  0.338633E+000  0.954794E+000
  0.340339E+000  0.964648E+000
  0.342039E+000  0.974502E+000
  0.343734E+000  0.984357E+000
  0.345422E+000  0.994214E+000
  0.347104E+000  0.100407E+001
  0.348780E+000  0.101393E+001
  0.350449E+000  0.102379E+001
  0.352110E+000  0.103365E+001
  0.353765E+000  0.104351E+001
  0.355412E+000  0.105338E+001
  0.357051E+000  0.106324E+001
  0.358682E+000  0.107311E+001
  0.360305E+000  0.108297E+001
  0.361919E+000  0.109284E+001
  0.363525E+000  0.110271E+001
  0.365122E+000  0.111259E+001
  0.366710E+000  0.112246E+001
  0.368288E+000  0.113233E+001
  0.369857E+000  0.114221E+001
  0.371416E+000  0.115209E+001
  0.372965E+000  0.116197E+001
  0.374504E+000  0.117185E+001
  0.376033E+000  0.118173E+001
  0.377552E+000  0.119161E+001
  0.379061E+000  0.120150E+001
  0.380560E+000  0.121139E+001
  0.382048E+000  0.122127E+001
  0.383526E+000  0.123116E+001
  0.384994E+000  0.124106E+001
  0.386452E+000  0.125095E+001
  0.387900E+000  0.126084E+001
  0.389339E+000  0.127074E+001
  0.390768E+000  0.128064E+001
  0.392189E+000  0.129054E+001
  0.393601E+000  0.130044E+001
  0.395006E+000  0.131034E+001
  0.396404E+000  0.132024E+001
  0.397795E+000  0.133014E+001
  0.399181E+000  0.134004E+001
  0.400563E+000  0.134995E+001
  0.401942E+000  0.135985E+001
  0.403319E+000  0.136976E+001
  0.404697E+000  0.137966E+001
  0.406078E+000  0.138957E+001
  0.407462E+000  0.139947E+001
  0.408855E+000  0.140937E+001
  0.410257E+000  0.141927E+001
  0.411674E+000  0.142917E+001
  0.413108E+000  0.143907E+001
  0.414565E+000  0.144896E+001
  0.416049E+000  0.145885E+001
  0.417567E+000  0.146874E+001
  0.419124E+000  0.147861E+001
  0.420729E+000  0.148849E+001
  0.422388E+000  0.149835E+001
  0.424110E+000  0.150820E+001
  0.425903E+000  0.151804E+001
  0.427776E+000  0.152786E+001
  0.429736E+000  0.153766E+001
  0.431790E+000  0.154745E+001
  0.433943E+000  0.155722E+001
  0.436199E+000  0.156696E+001
  0.438559E+000  0.157668E+001
  0.441022E+000  0.158637E+001
  0.443585E+000  0.159603E+001
  0.446243E+000  0.160567E+001
  0.448989E+000  0.161529E+001
  0.451816E+000  0.162488E+001
  0.454717E+000  0.163445E+001
  0.457684E+000  0.164400E+001
  0.460709E+000  0.165353E+001
  0.463785E+000  0.166305E+001
  0.466906E+000  0.167255E+001
  0.470065E+000  0.168204E+001
  0.473257E+000  0.169151E+001
  0.476477E+000  0.170098E+001
  0.479721E+000  0.171044E+001
  0.482984E+000  0.171989E+001
  0.486264E+000  0.172934E+001
  0.489557E+000  0.173878E+001
  0.492860E+000  0.174822E+001
  0.496170E+000  0.175766E+001
  0.499487E+000  0.176709E+001
  0.502806E+000  0.177652E+001
  0.506127E+000  0.178596E+001
  0.509448E+000  0.179539E+001
  0.512768E+000  0.180482E+001
  0.516084E+000  0.181426E+001
  0.519396E+000  0.182369E+001
  0.522701E+000  0.183313E+001
  0.526000E+000  0.184257E+001
  0.529292E+000  0.185201E+001
  0.532574E+000  0.186146E+001
  0.535846E+000  0.187091E+001
  0.539107E+000  0.188036E+001
  0.542357E+000  0.188982E+001
  0.545594E+000  0.189928E+001
  0.548818E+000  0.190875E+001
  0.552027E+000  0.191822E+001
  0.555223E+000  0.192769E+001
  0.558403E+000  0.193717E+001
  0.561567E+000  0.194666E+001
  0.564715E+000  0.195615E+001
  0.567846E+000  0.196565E+001
  0.570959E+000  0.197515E+001
  0.574055E+000  0.198466E+001
  0.577133E+000  0.199418E+001
  0.580192E+000  0.200370E+001
  0.583232E+000  0.201322E+001
  0.586253E+000  0.202276E+001
  0.589254E+000  0.203229E+001
  0.592236E+000  0.204184E+001
  0.595198E+000  0.205139E+001
  0.598140E+000  0.206095E+001
  0.601062E+000  0.207051E+001
  0.603964E+000  0.208008E+001
  0.606845E+000  0.208966E+001
  0.609707E+000  0.209924E+001
  0.612548E+000  0.210883E+001
  0.615369E+000  0.211842E+001
  0.618171E+000  0.212802E+001
  0.620952E+000  0.213763E+001
  0.623714E+000  0.214724E+001
  0.626456E+000  0.215685E+001
  0.629178E+000  0.216648E+001
  0.631881E+000  0.217610E+001
  0.634566E+000  0.218574E+001
  0.637231E+000  0.219537E+001
  0.639878E+000  0.220502E+001
  0.642507E+000  0.221467E+001
  0.645117E+000  0.222432E+001
  0.647710E+000  0.223398E+001
  0.650286E+000  0.224364E+001
  0.652844E+000  0.225331E+001
  0.655386E+000  0.226298E+001
  0.657911E+000  0.227265E+001
  0.660420E+000  0.228234E+001
  0.662913E+000  0.229202E+001
  0.665390E+000  0.230171E+001
  0.667853E+000  0.231140E+001
  0.670300E+000  0.232110E+001
  0.672732E+000  0.233080E+001
  0.675150E+000  0.234050E+001
  0.677554E+000  0.235021E+001
  0.679944E+000  0.235992E+001
  0.682321E+000  0.236963E+001
  0.684685E+000  0.237935E+001
  0.687035E+000  0.238907E+001
  0.689373E+000  0.239879E+001
  0.691698E+000  0.240851E+001
  0.694012E+000  0.241824E+001
  0.696313E+000  0.242797E+001
  0.698602E+000  0.243771E+001
  0.700881E+000  0.244745E+001
  0.703148E+000  0.245719E+001
  0.705403E+000  0.246693E+001
  0.707649E+000  0.247667E+001
  0.709883E+000  0.248642E+001
  0.712107E+000  0.249617E+001
  0.714321E+000  0.250592E+001
  0.716525E+000  0.251568E+001
  0.718719E+000  0.252543E+001
  0.720903E+000  0.253519E+001
  0.723078E+000  0.254495E+001
  0.725243E+000  0.255471E+001
  0.727399E+000  0.256448E+001
  0.729546E+000  0.257425E+001
  0.731684E+000  0.258401E+001
  0.733814E+000  0.259378E+001
  0.735934E+000  0.260356E+001
  0.738046E+000  0.261333E+001
  0.740150E+000  0.262311E+001
  0.742245E+000  0.263289E+001
  0.744332E+000  0.264267E+001
  0.746411E+000  0.265245E+001
  0.748481E+000  0.266223E+001
  0.750544E+000  0.267202E+001
  0.752599E+000  0.268180E+001
  0.754646E+000  0.269159E+001
  0.756685E+000  0.270138E+001
  0.758717E+000  0.271117E+001
  0.760741E+000  0.272096E+001
  0.762758E+000  0.273076E+001
  0.764767E+000  0.274056E+001
  0.766769E+000  0.275035E+001
  0.768764E+000  0.276015E+001
  0.770751E+000  0.276995E+001
  0.772731E+000  0.277975E+001
  0.774704E+000  0.278956E+001
  0.776670E+000  0.279936E+001
  0.778629E+000  0.280917E+001
  0.780581E+000  0.281898E+001
  0.782525E+000  0.282879E+001
  0.784463E+000  0.283860E+001
  0.786394E+000  0.284841E+001
  0.788318E+000  0.285822E+001
  0.790236E+000  0.286804E+001
  0.792146E+000  0.287785E+001
  0.794050E+000  0.288767E+001
  0.795947E+000  0.289749E+001
  0.797837E+000  0.290731E+001
  0.799721E+000  0.291713E+001
  0.801598E+000  0.292695E+001
  0.803468E+000  0.293677E+001
  0.805332E+000  0.294660E+001
  0.807189E+000  0.295642E+001
  0.809040E+000  0.296625E+001
  0.810884E+000  0.297608E+001
  0.812721E+000  0.298591E+001
  0.814552E+000  0.299574E+001
  0.816377E+000  0.300557E+001
  0.818195E+000  0.301541E+001
  0.820006E+000  0.302524E+001
  0.821811E+000  0.303508E+001
  0.823610E+000  0.304491E+001
  0.825402E+000  0.305475E+001
  0.827188E+000  0.306459E+001
  0.828967E+000  0.307443E+001
  0.830740E+000  0.308427E+001
  0.832507E+000  0.309412E+001
  0.834267E+000  0.310396E+001
  0.836021E+000  0.311380E+001
  0.837769E+000  0.312365E+001
  0.839510E+000  0.313350E+001
  0.841245E+000  0.314335E+001
  0.842973E+000  0.315320E+001
  0.844696E+000  0.316305E+001
  0.846412E+000  0.317290E+001
  0.848122E+000  0.318275E+001
  0.849825E+000  0.319260E+001
  0.851522E+000  0.320246E+001
  0.853213E+000  0.321232E+001
  0.854898E+000  0.322217E+001
  0.856577E+000  0.323203E+001
  0.858249E+000  0.324189E+001
  0.859915E+000  0.325175E+001
  0.861575E+000  0.326161E+001
  0.863229E+000  0.327147E+001
  0.864876E+000  0.328134E+001
  0.866518E+000  0.329120E+001
  0.868153E+000  0.330107E+001
  0.869782E+000  0.331093E+001
  0.871405E+000  0.332080E+001
  0.873022E+000  0.333067E+001
  0.874633E+000  0.334054E+001
  0.876238E+000  0.335041E+001
  0.877837E+000  0.336028E+001
  0.879429E+000  0.337015E+001
  0.881016E+000  0.338003E+001
  0.882596E+000  0.338990E+001
  0.884171E+000  0.339977E+001
  0.885739E+000  0.340965E+001
  0.887302E+000  0.341953E+001
  0.888858E+000  0.342941E+001
  0.890409E+000  0.343929E+001
  0.891954E+000  0.344917E+001
  0.893493E+000  0.345905E+001
  0.895025E+000  0.346893E+001
  0.896552E+000  0.347881E+001
  0.898074E+000  0.348869E+001
  0.899589E+000  0.349858E+001
  0.901098E+000  0.350846E+001
  0.902602E+000  0.351835E+001
  0.904100E+000  0.352824E+001
  0.905592E+000  0.353813E+001
  0.907078E+000  0.354801E+001
  0.908559E+000  0.355790E+001
  0.910034E+000  0.356780E+001
  0.911503E+000  0.357769E+001
  0.912967E+000  0.358758E+001
  0.914425E+000  0.359747E+001
  0.915877E+000  0.360737E+001
  0.917324E+000  0.361726E+001
  0.918765E+000  0.362716E+001
  0.920201E+000  0.363705E+001
  0.921631E+000  0.364695E+001
  0.923055E+000  0.365685E+001
  0.924475E+000  0.366675E+001
  0.925888E+000  0.367665E+001
  0.927297E+000  0.368655E+001
  0.928700E+000  0.369645E+001
  0.930097E+000  0.370635E+001
  0.931490E+000  0.371625E+001
  0.932877E+000  0.372616E+001
  0.934259E+000  0.373606E+001
  0.935635E+000  0.374596E+001
  0.937006E+000  0.375587E+001
  0.938373E+000  0.376578E+001
  0.939734E+000  0.377568E+001
  0.941089E+000  0.378559E+001
  0.942440E+000  0.379550E+001
  0.943786E+000  0.380541E+001
  0.945127E+000  0.381532E+001
  0.946463E+000  0.382523E+001
  0.947793E+000  0.383514E+001
  0.949119E+000  0.384505E+001
  0.950440E+000  0.385496E+001
  0.951756E+000  0.386488E+001
  0.953068E+000  0.387479E+001
  0.954374E+000  0.388470E+001
  0.955676E+000  0.389462E+001
  0.956973E+000  0.390454E+001
  0.958266E+000  0.391445E+001
  0.959554E+000  0.392437E+001
  0.960837E+000  0.393429E+001
  0.962115E+000  0.394420E+001
  0.963389E+000  0.395412E+001
  0.964659E+000  0.396404E+001
  0.965924E+000  0.397396E+001
  0.967185E+000  0.398388E+001
  0.968441E+000  0.399380E+001
  0.969693E+000  0.400372E+001
  0.970941E+000  0.401364E+001
  0.972184E+000  0.402357E+001
  0.973423E+000  0.403349E+001
  0.974658E+000  0.404341E+001
  0.975889E+000  0.405334E+001
  0.977116E+000  0.406326E+001
  0.978338E+000  0.407319E+001
  0.979557E+000  0.408311E+001
  0.980772E+000  0.409304E+001
  0.981982E+000  0.410296E+001
  0.983189E+000  0.411289E+001
  0.984392E+000  0.412282E+001
  0.985591E+000  0.413275E+001
  0.986786E+000  0.414268E+001
  0.987977E+000  0.415260E+001
  0.989165E+000  0.416253E+001
  0.990349E+000  0.417246E+001
  0.991529E+000  0.418239E+001
  0.992705E+000  0.419232E+001
  0.993878E+000  0.420225E+001
  0.995048E+000  0.421219E+001
  0.996214E+000  0.422212E+001
  0.997377E+000  0.423205E+001
  0.998536E+000  0.424198E+001
  0.999692E+000  0.425192E+001
  0.100084E+001  0.426185E+001
  0.100199E+001  0.427178E+001
  0.100314E+001  0.428172E+001
  0.100428E+001  0.429165E+001
  0.100542E+001  0.430159E+001
  0.100656E+001  0.431152E+001
  0.100769E+001  0.432146E+001
  0.100882E+001  0.433139E+001
  0.100995E+001  0.434133E+001
  0.101107E+001  0.435127E+001
  0.101219E+001  0.436120E+001
  0.101331E+001  0.437114E+001
  0.101443E+001  0.438108E+001
  0.101554E+001  0.439102E+001
  0.101665E+001  0.440095E+001
  0.101776E+001  0.441089E+001
  0.101886E+001  0.442083E+001
  0.101996E+001  0.443077E+001
  0.102106E+001  0.444071E+001
  0.102216E+001  0.445065E+001
  0.102325E+001  0.446059E+001
  0.102434E+001  0.447053E+001
  0.102543E+001  0.448047E+001
  0.102651E+001  0.449041E+001
  0.102760E+001  0.450035E+001
  0.102868E+001  0.451029E+001
  0.102976E+001  0.452024E+001
  0.103083E+001  0.453018E+001
  0.103191E+001  0.454012E+001
  0.103298E+001  0.455006E+001
  0.103405E+001  0.456000E+001
  0.103512E+001  0.456995E+001
  0.103618E+001  0.457989E+001
  0.103725E+001  0.458983E+001
  0.103831E+001  0.459978E+001
  0.103937E+001  0.460972E+001
  0.104042E+001  0.461966E+001
  0.104148E+001  0.462961E+001
  0.104253E+001  0.463955E+001
  0.104358E+001  0.464950E+001
  0.104463E+001  0.465944E+001
  0.104568E+001  0.466939E+001
  0.104673E+001  0.467933E+001
  0.104777E+001  0.468928E+001
  0.104881E+001  0.469922E+001
  0.104985E+001  0.470917E+001
  0.105089E+001  0.471912E+001
  0.105193E+001  0.472906E+001
  0.105296E+001  0.473901E+001
  0.105400E+001  0.474895E+001
  0.105503E+001  0.475890E+001
  0.105606E+001  0.476885E+001
  0.105709E+001  0.477879E+001
  0.105811E+001  0.478874E+001
  0.105914E+001  0.479869E+001
  0.106016E+001  0.480864E+001
  0.106119E+001  0.481858E+001
  0.106221E+001  0.482853E+001
  0.106323E+001  0.483848E+001
  0.106425E+001  0.484843E+001
  0.106527E+001  0.485838E+001
  0.106628E+001  0.486832E+001
  0.106730E+001  0.487827E+001
  0.106831E+001  0.488822E+001
  0.106932E+001  0.489817E+001
  0.107034E+001  0.490812E+001
  0.107135E+001  0.491807E+001
  0.107236E+001  0.492802E+001
  0.107336E+001  0.493796E+001
  0.107437E+001  0.494791E+001
  0.107538E+001  0.495786E+001
  0.107638E+001  0.496781E+001
  0.107739E+001  0.497776E+001
  0.107839E+001  0.498771E+001
  0.107939E+001  0.499766E+001
  0.108039E+001  0.500761E+001
  0.108139E+001  0.501756E+001
  0.108239E+001  0.502751E+001
  0.108339E+001  0.503746E+001
  0.108439E+001  0.504741E+001
  0.108539E+001  0.505736E+001
  0.108638E+001  0.506731E+001
  0.108738E+001  0.507726E+001
  0.108837E+001  0.508721E+001
  0.108937E+001  0.509716E+001
  0.109036E+001  0.510711E+001
  0.109135E+001  0.511706E+001
  0.109234E+001  0.512701E+001
  0.109334E+001  0.513697E+001
  0.109433E+001  0.514692E+001
  0.109532E+001  0.515687E+001
  0.109631E+001  0.516682E+001
  0.109729E+001  0.517677E+001
  0.109828E+001  0.518672E+001
  0.109927E+001  0.519667E+001
  0.110026E+001  0.520662E+001
  0.110125E+001  0.521657E+001
  0.110223E+001  0.522652E+001
  0.110322E+001  0.523648E+001
  0.110420E+001  0.524643E+001
  0.110519E+001  0.525638E+001
  0.110617E+001  0.526633E+001
  0.110716E+001  0.527628E+001
  0.110814E+001  0.528623E+001
  0.110913E+001  0.529618E+001
  0.111011E+001  0.530614E+001
  0.111109E+001  0.531609E+001
  0.111208E+001  0.532604E+001
  0.111306E+001  0.533599E+001
  0.111404E+001  0.534594E+001
  0.111502E+001  0.535589E+001
  0.111600E+001  0.536585E+001
  0.111699E+001  0.537580E+001
  0.111797E+001  0.538575E+001
  0.111895E+001  0.539570E+001
  0.111993E+001  0.540565E+001
  0.112091E+001  0.541560E+001
  0.112189E+001  0.542556E+001
  0.112287E+001  0.543551E+001
  0.112385E+001  0.544546E+001
  0.112483E+001  0.545541E+001
  0.112581E+001  0.546536E+001
  0.112679E+001  0.547531E+001
  0.112777E+001  0.548527E+001
  0.112875E+001  0.549522E+001
  0.112973E+001  0.550517E+001
  0.113071E+001  0.551512E+001
  0.113169E+001  0.552507E+001
  0.113267E+001  0.553503E+001
  0.113365E+001  0.554498E+001
  0.113463E+001  0.555493E+001
  0.113561E+001  0.556488E+001
  0.113660E+001  0.557483E+001
  0.113758E+001  0.558479E+001
  0.113856E+001  0.559474E+001
  0.113954E+001  0.560469E+001
  0.114052E+001  0.561464E+001
  0.114150E+001  0.562459E+001
  0.114248E+001  0.563454E+001
  0.114346E+001  0.564450E+001
  0.114444E+001  0.565445E+001
  0.114542E+001  0.566440E+001
  0.114640E+001  0.567435E+001
  0.114739E+001  0.568430E+001
  0.114837E+001  0.569425E+001
  0.114935E+001  0.570421E+001
  0.115033E+001  0.571416E+001
  0.115131E+001  0.572411E+001
  0.115230E+001  0.573406E+001
  0.115328E+001  0.574401E+001
  0.115426E+001  0.575396E+001
  0.115525E+001  0.576392E+001
  0.115623E+001  0.577387E+001
  0.115722E+001  0.578382E+001
  0.115820E+001  0.579377E+001
  0.115918E+001  0.580372E+001
  0.116017E+001  0.581367E+001
  0.116115E+001  0.582362E+001
  0.116214E+001  0.583358E+001
  0.116313E+001  0.584353E+001
  0.116411E+001  0.585348E+001
  0.116510E+001  0.586343E+001
  0.116609E+001  0.587338E+001
  0.116707E+001  0.588333E+001
  0.116806E+001  0.589328E+001
  0.116905E+001  0.590323E+001
  0.117004E+001  0.591318E+001
  0.117103E+001  0.592314E+001
  0.117201E+001  0.593309E+001
  0.117300E+001  0.594304E+001
  0.117399E+001  0.595299E+001
  0.117498E+001  0.596294E+001
  0.117597E+001  0.597289E+001
  0.117697E+001  0.598284E+001
  0.117796E+001  0.599279E+001
  0.117895E+001  0.600274E+001
  0.117994E+001  0.601269E+001
  0.118094E+001  0.602264E+001
  0.118193E+001  0.603259E+001
  0.118292E+001  0.604254E+001
  0.118392E+001  0.605249E+001
  0.118491E+001  0.606245E+001
  0.118591E+001  0.607240E+001
  0.118690E+001  0.608235E+001
  0.118790E+001  0.609230E+001
  0.118890E+001  0.610225E+001
  0.118989E+001  0.611220E+001
  0.119089E+001  0.612215E+001
  0.119189E+001  0.613210E+001
  0.119289E+001  0.614205E+001
  0.119389E+001  0.615200E+001
  0.119489E+001  0.616195E+001
  0.119589E+001  0.617190E+001
  0.119689E+001  0.618185E+001
  0.119789E+001  0.619180E+001
  0.119889E+001  0.620175E+001
  0.119990E+001  0.621170E+001
  0.120090E+001  0.622164E+001
  0.120190E+001  0.623159E+001
  0.120291E+001  0.624154E+001
  0.120391E+001  0.625149E+001
  0.120492E+001  0.626144E+001
  0.120592E+001  0.627139E+001
  0.120693E+001  0.628134E+001
  0.120794E+001  0.629129E+001
  0.120894E+001  0.630124E+001
  0.120995E+001  0.631119E+001
  0.121096E+001  0.632114E+001
  0.121197E+001  0.633109E+001
  0.121298E+001  0.634103E+001
  0.121399E+001  0.635098E+001
  0.121500E+001  0.636093E+001
  0.121601E+001  0.637088E+001
  0.121703E+001  0.638083E+001
  0.121804E+001  0.639078E+001
  0.121905E+001  0.640073E+001
  0.122007E+001  0.641068E+001
  0.122108E+001  0.642062E+001
  0.122210E+001  0.643057E+001
  0.122312E+001  0.644052E+001
  0.122413E+001  0.645047E+001
  0.122515E+001  0.646042E+001
  0.122617E+001  0.647036E+001
  0.122719E+001  0.648031E+001
  0.122821E+001  0.649026E+001
  0.122923E+001  0.650021E+001
  0.123025E+001  0.651016E+001
  0.123127E+001  0.652010E+001
  0.123229E+001  0.653005E+001
  0.123331E+001  0.654000E+001
  0.123434E+001  0.654995E+001
  0.123536E+001  0.655989E+001
  0.123639E+001  0.656984E+001
  0.123741E+001  0.657979E+001
  0.123844E+001  0.658974E+001
  0.123947E+001  0.659968E+001
  0.124049E+001  0.660963E+001
  0.124152E+001  0.661958E+001
  0.124255E+001  0.662952E+001
  0.124358E+001  0.663947E+001
  0.124461E+001  0.664942E+001
  0.124564E+001  0.665936E+001
  0.124667E+001  0.666931E+001
  0.124770E+001  0.667926E+001
  0.124874E+001  0.668920E+001
  0.124977E+001  0.669915E+001
  0.125081E+001  0.670910E+001
  0.125184E+001  0.671904E+001
  0.125288E+001  0.672899E+001
  0.125391E+001  0.673893E+001
  0.125495E+001  0.674888E+001
  0.125599E+001  0.675883E+001
  0.125703E+001  0.676877E+001
  0.125807E+001  0.677872E+001
  0.125910E+001  0.678866E+001
  0.126015E+001  0.679861E+001
  0.126119E+001  0.680856E+001
  0.126223E+001  0.681850E+001
  0.126327E+001  0.682845E+001
  0.126432E+001  0.683839E+001
  0.126536E+001  0.684834E+001
  0.126640E+001  0.685828E+001
  0.126745E+001  0.686823E+001
  0.126850E+001  0.687817E+001
  0.126954E+001  0.688812E+001
  0.127059E+001  0.689806E+001
  0.127164E+001  0.690801E+001
  0.127269E+001  0.691795E+001
  0.127374E+001  0.692790E+001
  0.127479E+001  0.693784E+001
  0.127584E+001  0.694779E+001
  0.127689E+001  0.695773E+001
  0.127795E+001  0.696768E+001
  0.127900E+001  0.697762E+001
  0.128005E+001  0.698756E+001
  0.128111E+001  0.699751E+001
  0.128216E+001  0.700745E+001
  0.128322E+001  0.701740E+001
  0.128428E+001  0.702734E+001
  0.128533E+001  0.703728E+001
  0.128639E+001  0.704723E+001
  0.128745E+001  0.705717E+001
  0.128851E+001  0.706712E+001
  0.128957E+001  0.707706E+001
  0.129063E+001  0.708700E+001
  0.129170E+001  0.709695E+001
  0.129276E+001  0.710689E+001
  0.129382E+001  0.711683E+001
  0.129489E+001  0.712678E+001
  0.129595E+001  0.713672E+001
  0.129702E+001  0.714666E+001
  0.129809E+001  0.715661E+001
  0.129915E+001  0.716655E+001
  0.130022E+001  0.717649E+001
  0.130129E+001  0.718643E+001
  0.130236E+001  0.719638E+001
  0.130343E+001  0.720632E+001
  0.130450E+001  0.721626E+001
  0.130557E+001  0.722620E+001
  0.130664E+001  0.723615E+001
  0.130772E+001  0.724609E+001
  0.130879E+001  0.725603E+001
  0.130986E+001  0.726597E+001
  0.131094E+001  0.727591E+001
  0.131202E+001  0.728586E+001
  0.131309E+001  0.729580E+001
  0.131417E+001  0.730574E+001
  0.131525E+001  0.731568E+001
  0.131633E+001  0.732562E+001
  0.131741E+001  0.733557E+001
  0.131849E+001  0.734551E+001
  0.131957E+001  0.735545E+001
  0.132065E+001  0.736539E+001
  0.132173E+001  0.737533E+001
  0.132282E+001  0.738527E+001
  0.132390E+001  0.739521E+001
  0.132498E+001  0.740515E+001
  0.132607E+001  0.741509E+001
  0.132716E+001  0.742504E+001
  0.132824E+001  0.743498E+001
  0.132933E+001  0.744492E+001
  0.133042E+001  0.745486E+001
  0.133151E+001  0.746480E+001
  0.133260E+001  0.747474E+001
  0.133369E+001  0.748468E+001
  0.133478E+001  0.749462E+001
  0.133587E+001  0.750456E+001
  0.133696E+001  0.751450E+001
  0.133805E+001  0.752444E+001
  0.133915E+001  0.753438E+001
  0.134025E+001  0.754432E+001
  0.134134E+001  0.755426E+001
  0.134244E+001  0.756420E+001
  0.134353E+001  0.757414E+001
  0.134463E+001  0.758408E+001
  0.134573E+001  0.759402E+001
  0.134683E+001  0.760396E+001
  0.134793E+001  0.761390E+001
  0.134903E+001  0.762384E+001
  0.135013E+001  0.763378E+001
  0.135123E+001  0.764371E+001
  0.135234E+001  0.765365E+001
  0.135344E+001  0.766359E+001
  0.135454E+001  0.767353E+001
  0.135564E+001  0.768347E+001
  0.135675E+001  0.769341E+001
  0.135786E+001  0.770335E+001
  0.135897E+001  0.771329E+001
  0.136007E+001  0.772322E+001
  0.136118E+001  0.773316E+001
  0.136229E+001  0.774310E+001
  0.136340E+001  0.775304E+001
  0.136451E+001  0.776298E+001
  0.136561E+001  0.777292E+001
  0.136672E+001  0.778285E+001
  0.136783E+001  0.779279E+001
  0.136896E+001  0.780273E+001
  0.137009E+001  0.781267E+001
  0.137119E+001  0.782260E+001
  0.137229E+001  0.783254E+001
  0.137339E+001  0.784248E+001
  0.137449E+001  0.785242E+001
  0.137559E+001  0.786236E+001
  0.137669E+001  0.787230E+001
  0.137779E+001  0.788224E+001
  0.137889E+001  0.789218E+001
  0.137999E+001  0.790212E+001
  0.138109E+001  0.791206E+001
  0.138237E+001  0.792198E+001
  0.138349E+001  0.793191E+001
  0.138462E+001  0.794185E+001
  0.138574E+001  0.795179E+001
  0.138686E+001  0.796172E+001
  0.138798E+001  0.797166E+001
  0.138910E+001  0.798160E+001
  0.139023E+001  0.799153E+001
  0.139135E+001  0.800147E+001
  0.139247E+001  0.801141E+001
  0.139359E+001  0.802134E+001
  0.139472E+001  0.803128E+001
  0.139584E+001  0.804122E+001
  0.139696E+001  0.805115E+001
  0.139814E+001  0.806108E+001
  0.139933E+001  0.807101E+001
  0.140051E+001  0.808094E+001
  0.140154E+001  0.809089E+001
  0.140267E+001  0.810083E+001
  0.140381E+001  0.811076E+001
  0.140494E+001  0.812070E+001
  0.140608E+001  0.813063E+001
  0.140721E+001  0.814057E+001
  0.140834E+001  0.815050E+001
  0.140948E+001  0.816044E+001
  0.141061E+001  0.817037E+001
  0.141174E+001  0.818031E+001
  0.141288E+001  0.819025E+001
  0.141401E+001  0.820018E+001
  0.141515E+001  0.821012E+001
  0.141628E+001  0.822005E+001
  0.141741E+001  0.822999E+001
  0.141855E+001  0.823992E+001
  0.141976E+001  0.824985E+001
  0.142090E+001  0.825978E+001
  0.142205E+001  0.826972E+001
  0.142319E+001  0.827965E+001
  0.142434E+001  0.828959E+001
  0.142548E+001  0.829952E+001
  0.142663E+001  0.830946E+001
  0.142777E+001  0.831939E+001
  0.142891E+001  0.832932E+001
  0.143006E+001  0.833926E+001
  0.143120E+001  0.834919E+001
  0.143235E+001  0.835913E+001
  0.143349E+001  0.836906E+001
  0.143464E+001  0.837900E+001
  0.143578E+001  0.838893E+001
  0.143692E+001  0.839886E+001
  0.143807E+001  0.840880E+001
  0.143921E+001  0.841873E+001
  0.144036E+001  0.842867E+001
  0.144150E+001  0.843860E+001
  0.144265E+001  0.844854E+001
  0.144379E+001  0.845847E+001
  0.144493E+001  0.846840E+001
  0.144608E+001  0.847834E+001
  0.144722E+001  0.848827E+001
  0.144837E+001  0.849821E+001
  0.144951E+001  0.850814E+001
  0.145066E+001  0.851808E+001
  0.145180E+001  0.852801E+001
  0.145294E+001  0.853794E+001
  0.145409E+001  0.854788E+001
  0.145523E+001  0.855781E+001
  0.145638E+001  0.856775E+001
  0.145752E+001  0.857768E+001
  0.145867E+001  0.858762E+001
  0.145981E+001  0.859755E+001
  0.146095E+001  0.860748E+001
  0.146252E+001  0.861736E+001
  0.146409E+001  0.862724E+001
  0.146566E+001  0.863711E+001
  0.146723E+001  0.864699E+001
  0.146880E+001  0.865687E+001
  0.147037E+001  0.866674E+001
  0.147194E+001  0.867662E+001
  0.147351E+001  0.868649E+001
  0.147507E+001  0.869637E+001
  0.147664E+001  0.870625E+001
  0.147821E+001  0.871612E+001
  0.147978E+001  0.872600E+001
  0.148135E+001  0.873588E+001
  0.148292E+001  0.874575E+001
  0.148449E+001  0.875563E+001
  0.148606E+001  0.876550E+001
  0.148763E+001  0.877538E+001
  0.148919E+001  0.878526E+001
  0.149076E+001  0.879513E+001
  0.149233E+001  0.880501E+001
  0.149390E+001  0.881488E+001
  0.149547E+001  0.882476E+001
  0.149704E+001  0.883464E+001
  0.149861E+001  0.884451E+001
  0.150018E+001  0.885439E+001
  0.150174E+001  0.886427E+001
  0.150331E+001  0.887414E+001
  0.150488E+001  0.888402E+001
  0.150645E+001  0.889389E+001
  0.150802E+001  0.890377E+001
  0.150959E+001  0.891365E+001
  0.151116E+001  0.892352E+001
  0.151273E+001  0.893340E+001
  0.151430E+001  0.894327E+001
  0.151586E+001  0.895315E+001
  0.151743E+001  0.896303E+001
  0.151900E+001  0.897290E+001
  0.152057E+001  0.898278E+001
  0.152214E+001  0.899266E+001
  0.152371E+001  0.900253E+001
  0.152528E+001  0.901241E+001
  0.152685E+001  0.902228E+001
  0.152841E+001  0.903216E+001
  0.152998E+001  0.904204E+001
  0.153155E+001  0.905191E+001
  0.153312E+001  0.906179E+001
  0.153469E+001  0.907166E+001
  0.153626E+001  0.908154E+001
  0.153783E+001  0.909142E+001
  0.153940E+001  0.910129E+001
  0.154097E+001  0.911117E+001
  0.154253E+001  0.912105E+001
  0.154410E+001  0.913092E+001
  0.154567E+001  0.914080E+001
  0.154724E+001  0.915067E+001
  0.154881E+001  0.916055E+001
  0.155038E+001  0.917043E+001
  0.155195E+001  0.918030E+001
  0.155352E+001  0.919018E+001
  0.155509E+001  0.920006E+001
  0.155665E+001  0.920993E+001
  0.155822E+001  0.921981E+001
  0.155979E+001  0.922968E+001
  0.156136E+001  0.923956E+001
  0.156293E+001  0.924944E+001
  0.156450E+001  0.925931E+001
  0.156607E+001  0.926919E+001
  0.156764E+001  0.927906E+001
  0.156920E+001  0.928894E+001
  0.157077E+001  0.929882E+001
  0.157234E+001  0.930869E+001
  0.157391E+001  0.931857E+001
  0.157548E+001  0.932845E+001
  0.157705E+001  0.933832E+001
  0.157862E+001  0.934820E+001
  0.158019E+001  0.935807E+001
  0.158176E+001  0.936795E+001
  0.158332E+001  0.937783E+001
  0.158489E+001  0.938770E+001
  0.158646E+001  0.939758E+001
  0.158803E+001  0.940745E+001
  0.158960E+001  0.941733E+001
  0.159117E+001  0.942721E+001
  0.159274E+001  0.943708E+001
  0.159431E+001  0.944696E+001
  0.159588E+001  0.945684E+001
  0.159744E+001  0.946671E+001
  0.159901E+001  0.947659E+001
  0.160058E+001  0.948646E+001
  0.160215E+001  0.949634E+001
  0.160372E+001  0.950622E+001
  0.160529E+001  0.951609E+001
  0.160686E+001  0.952597E+001
  0.160843E+001  0.953584E+001
  0.160999E+001  0.954572E+001
  0.161156E+001  0.955560E+001
  0.161313E+001  0.956547E+001
  0.161470E+001  0.957535E+001
  0.161627E+001  0.958523E+001
  0.161784E+001  0.959510E+001
  0.161941E+001  0.960498E+001
  0.162098E+001  0.961485E+001
  0.162255E+001  0.962473E+001
  0.162411E+001  0.963461E+001
  0.162568E+001  0.964448E+001
  0.162725E+001  0.965436E+001
  0.162882E+001  0.966424E+001
  0.163039E+001  0.967411E+001
  0.163196E+001  0.968399E+001
  0.163353E+001  0.969386E+001
  0.163510E+001  0.970374E+001
  0.163667E+001  0.971362E+001
  0.163823E+001  0.972349E+001
  0.163980E+001  0.973337E+001
  0.164137E+001  0.974324E+001
  0.164294E+001  0.975312E+001
  0.164451E+001  0.976300E+001
  0.164608E+001  0.977287E+001
  0.164765E+001  0.978275E+001
  0.164922E+001  0.979263E+001
  0.165078E+001  0.980250E+001
  0.165235E+001  0.981238E+001
  0.165392E+001  0.982225E+001
  0.165549E+001  0.983213E+001
  0.165706E+001  0.984201E+001
  0.165863E+001  0.985188E+001
  0.166020E+001  0.986176E+001
  0.166177E+001  0.987163E+001
  0.166334E+001  0.988151E+001
  0.166490E+001  0.989139E+001
  0.166647E+001  0.990126E+001
  0.166804E+001  0.991114E+001
  0.166961E+001  0.992102E+001
  0.167118E+001  0.993089E+001
  0.167275E+001  0.994077E+001
  0.167432E+001  0.995064E+001
  0.167589E+001  0.996052E+001
  0.167746E+001  0.997040E+001
  0.167902E+001  0.998027E+001
  0.168059E+001  0.999015E+001
  0.168216E+001  0.100000E+002
  0.168373E+001  0.100099E+002
  0.168530E+001  0.100198E+002
  0.168687E+001  0.100297E+002
  0.168844E+001  0.100395E+002
  0.169001E+001  0.100494E+002
  0.169157E+001  0.100593E+002
  0.169314E+001  0.100692E+002
  0.169471E+001  0.100790E+002
  0.169628E+001  0.100889E+002
  0.169785E+001  0.100988E+002
  0.169942E+001  0.101087E+002
  0.170099E+001  0.101185E+002
  0.170256E+001  0.101284E+002
  0.170413E+001  0.101383E+002
  0.170569E+001  0.101482E+002
  0.170726E+001  0.101580E+002
  0.170883E+001  0.101679E+002
  0.171040E+001  0.101778E+002
  0.171197E+001  0.101877E+002
  0.171354E+001  0.101975E+002
  0.171511E+001  0.102074E+002
  0.171668E+001  0.102173E+002
  0.171824E+001  0.102272E+002
  0.171981E+001  0.102371E+002
  0.172138E+001  0.102469E+002
  0.172295E+001  0.102568E+002
  0.172452E+001  0.102667E+002
  0.172609E+001  0.102766E+002
  0.172766E+001  0.102864E+002
  0.172923E+001  0.102963E+002
  0.173080E+001  0.103062E+002
  0.173236E+001  0.103161E+002
  0.173393E+001  0.103259E+002
  0.173550E+001  0.103358E+002
  0.173707E+001  0.103457E+002
  0.173864E+001  0.103556E+002
  0.174021E+001  0.103654E+002
  0.174178E+001  0.103753E+002
  0.174335E+001  0.103852E+002
  0.174492E+001  0.103951E+002
  0.174648E+001  0.104049E+002
  0.174805E+001  0.104148E+002
  0.174962E+001  0.104247E+002
  0.175119E+001  0.104346E+002
  0.175276E+001  0.104445E+002
  0.175433E+001  0.104543E+002
  0.175590E+001  0.104642E+002
  0.175747E+001  0.104741E+002
  0.175903E+001  0.104840E+002
  0.176060E+001  0.104938E+002
  0.176217E+001  0.105037E+002
  0.176374E+001  0.105136E+002
  0.176531E+001  0.105235E+002
  0.176688E+001  0.105333E+002
  0.176845E+001  0.105432E+002
  0.177002E+001  0.105531E+002
  0.177159E+001  0.105630E+002
  0.177315E+001  0.105728E+002
  0.177472E+001  0.105827E+002
  0.177629E+001  0.105926E+002
  0.177786E+001  0.106025E+002
  0.177943E+001  0.106123E+002
  0.178100E+001  0.106222E+002
  0.178257E+001  0.106321E+002
  0.178414E+001  0.106420E+002
  0.178571E+001  0.106519E+002
  0.178727E+001  0.106617E+002
  0.178884E+001  0.106716E+002
  0.179041E+001  0.106815E+002
  0.179198E+001  0.106914E+002
  0.179355E+001  0.107012E+002
  0.179512E+001  0.107111E+002
  0.179669E+001  0.107210E+002
  0.179826E+001  0.107309E+002
  0.179982E+001  0.107407E+002
  0.180139E+001  0.107506E+002
  0.180296E+001  0.107605E+002
  0.180453E+001  0.107704E+002
  0.180610E+001  0.107802E+002
  0.180767E+001  0.107901E+002
  0.180924E+001  0.108000E+002
  0.181081E+001  0.108099E+002
  0.181238E+001  0.108197E+002
  0.181394E+001  0.108296E+002
  0.181551E+001  0.108395E+002
  0.181708E+001  0.108494E+002
  0.181865E+001  0.108593E+002
  0.182022E+001  0.108691E+002
  0.182179E+001  0.108790E+002
  0.182336E+001  0.108889E+002
  0.182493E+001  0.108988E+002
  0.182650E+001  0.109086E+002
  0.182806E+001  0.109185E+002
  0.182963E+001  0.109284E+002
  0.183120E+001  0.109383E+002
  0.183277E+001  0.109481E+002
  0.183434E+001  0.109580E+002
  0.183591E+001  0.109679E+002
  0.183748E+001  0.109778E+002
  0.183905E+001  0.109876E+002
  0.184061E+001  0.109975E+002
  0.184218E+001  0.110074E+002
  0.184375E+001  0.110173E+002
  0.184532E+001  0.110271E+002
  0.184689E+001  0.110370E+002
  0.184846E+001  0.110469E+002
  0.185003E+001  0.110568E+002
  0.185160E+001  0.110667E+002
  0.185317E+001  0.110765E+002
  0.185473E+001  0.110864E+002
  0.185630E+001  0.110963E+002
  0.185787E+001  0.111062E+002
  0.185944E+001  0.111160E+002
  0.186101E+001  0.111259E+002
  0.186258E+001  0.111358E+002
  0.186415E+001  0.111457E+002
  0.186572E+001  0.111555E+002
  0.186729E+001  0.111654E+002
  0.186885E+001  0.111753E+002
  0.187042E+001  0.111852E+002
  0.187199E+001  0.111950E+002
  0.187356E+001  0.112049E+002
  0.187513E+001  0.112148E+002
  0.187670E+001  0.112247E+002
  0.187827E+001  0.112345E+002
  0.187984E+001  0.112444E+002
  0.188140E+001  0.112543E+002
  0.188297E+001  0.112642E+002
  0.188454E+001  0.112741E+002
  0.188611E+001  0.112839E+002
  0.188768E+001  0.112938E+002
  0.188925E+001  0.113037E+002
  0.189082E+001  0.113136E+002
  0.189239E+001  0.113234E+002
  0.189396E+001  0.113333E+002
  0.189552E+001  0.113432E+002
  0.189709E+001  0.113531E+002
  0.189866E+001  0.113629E+002
  0.190023E+001  0.113728E+002
  0.190180E+001  0.113827E+002
  0.190337E+001  0.113926E+002
  0.190494E+001  0.114024E+002
  0.190651E+001  0.114123E+002
  0.190807E+001  0.114222E+002
  0.190964E+001  0.114321E+002
  0.191121E+001  0.114419E+002
  0.191278E+001  0.114518E+002
  0.191435E+001  0.114617E+002
  0.191592E+001  0.114716E+002
  0.191749E+001  0.114815E+002
  0.191906E+001  0.114913E+002
  0.192063E+001  0.115012E+002
  0.192219E+001  0.115111E+002
  0.192376E+001  0.115210E+002
  0.192533E+001  0.115308E+002
  0.192690E+001  0.115407E+002
  0.192847E+001  0.115506E+002
  0.193004E+001  0.115605E+002
  0.193161E+001  0.115703E+002
  0.193318E+001  0.115802E+002
  0.193475E+001  0.115901E+002
  0.193631E+001  0.116000E+002
  0.193788E+001  0.116098E+002
  0.193945E+001  0.116197E+002
  0.194102E+001  0.116296E+002
  0.194259E+001  0.116395E+002
  0.194416E+001  0.116493E+002
  0.194573E+001  0.116592E+002
  0.194730E+001  0.116691E+002
  0.194886E+001  0.116790E+002
  0.195043E+001  0.116888E+002
  0.195200E+001  0.116987E+002
  0.195357E+001  0.117086E+002
  0.195514E+001  0.117185E+002
  0.195671E+001  0.117284E+002
  0.195828E+001  0.117382E+002
  0.195985E+001  0.117481E+002
  0.196142E+001  0.117580E+002
  0.196298E+001  0.117679E+002
  0.196455E+001  0.117777E+002
  0.196612E+001  0.117876E+002
  0.196769E+001  0.117975E+002
  0.196926E+001  0.118074E+002
  0.197083E+001  0.118172E+002
  0.197240E+001  0.118271E+002
  0.197397E+001  0.118370E+002
  0.197554E+001  0.118469E+002
  0.197710E+001  0.118567E+002
  0.197867E+001  0.118666E+002
  0.198024E+001  0.118765E+002
  0.198181E+001  0.118864E+002
  0.198338E+001  0.118962E+002
  0.198495E+001  0.119061E+002
  0.198652E+001  0.119160E+002
  0.198809E+001  0.119259E+002
  0.198965E+001  0.119358E+002
  0.199122E+001  0.119456E+002
  0.199279E+001  0.119555E+002
  0.199436E+001  0.119654E+002
  0.199593E+001  0.119753E+002
  0.199750E+001  0.119851E+002
  0.199907E+001  0.119950E+002
  0.200064E+001  0.120049E+002
