  0.267907E+000  0.859556E-001
  0.267907E+000  0.859556E-001
  0.268787E+000  0.959167E-001
  0.269776E+000  0.105868E+000
  0.270877E+000  0.115807E+000
  0.272092E+000  0.125733E+000
  0.273428E+000  0.135643E+000
  0.274889E+000  0.145536E+000
  0.276479E+000  0.155409E+000
  0.278205E+000  0.165259E+000
  0.280072E+000  0.175083E+000
  0.282086E+000  0.184878E+000
  0.284252E+000  0.194641E+000
  0.286575E+000  0.204367E+000
  0.289062E+000  0.214053E+000
  0.291715E+000  0.223694E+000
  0.294540E+000  0.233287E+000
  0.297538E+000  0.242827E+000
  0.300710E+000  0.252311E+000
  0.304056E+000  0.261734E+000
  0.307575E+000  0.271095E+000
  0.311263E+000  0.280390E+000
  0.315116E+000  0.289618E+000
  0.319127E+000  0.298778E+000
  0.323289E+000  0.307871E+000
  0.327594E+000  0.316897E+000
  0.332033E+000  0.325857E+000
  0.336597E+000  0.334755E+000
  0.341277E+000  0.343592E+000
  0.346063E+000  0.352373E+000
  0.350945E+000  0.361100E+000
  0.355915E+000  0.369777E+000
  0.360964E+000  0.378409E+000
  0.366083E+000  0.387000E+000
  0.371265E+000  0.395552E+000
  0.376502E+000  0.404071E+000
  0.381787E+000  0.412561E+000
  0.387113E+000  0.421025E+000
  0.392473E+000  0.429466E+000
  0.397863E+000  0.437890E+000
  0.403274E+000  0.446299E+000
  0.408703E+000  0.454698E+000
  0.414142E+000  0.463089E+000
  0.419587E+000  0.471477E+000
  0.425031E+000  0.479864E+000
  0.430470E+000  0.488256E+000
  0.435896E+000  0.496656E+000
  0.441304E+000  0.505068E+000
  0.446687E+000  0.513495E+000
  0.452038E+000  0.521943E+000
  0.457349E+000  0.530416E+000
  0.462612E+000  0.538919E+000
  0.467818E+000  0.547457E+000
  0.472957E+000  0.556035E+000
  0.478018E+000  0.564660E+000
  0.482988E+000  0.573338E+000
  0.487855E+000  0.582074E+000
  0.492602E+000  0.590875E+000
  0.497216E+000  0.599747E+000
  0.501679E+000  0.608696E+000
  0.505973E+000  0.617727E+000
  0.510082E+000  0.626844E+000
  0.513987E+000  0.636050E+000
  0.517673E+000  0.645346E+000
  0.521127E+000  0.654730E+000
  0.524338E+000  0.664201E+000
  0.527299E+000  0.673752E+000
  0.530010E+000  0.683378E+000
  0.532473E+000  0.693070E+000
  0.534695E+000  0.702820E+000
  0.536687E+000  0.712619E+000
  0.538463E+000  0.722460E+000
  0.540039E+000  0.732335E+000
  0.541432E+000  0.742238E+000
  0.542659E+000  0.752162E+000
  0.543736E+000  0.762104E+000
  0.544681E+000  0.772059E+000
  0.545507E+000  0.782025E+000
  0.546229E+000  0.791999E+000
  0.546860E+000  0.801979E+000
  0.547410E+000  0.811964E+000
  0.547891E+000  0.821952E+000
  0.548311E+000  0.831944E+000
  0.548678E+000  0.841937E+000
  0.549000E+000  0.851932E+000
  0.549284E+000  0.861928E+000
  0.549535E+000  0.871924E+000
  0.549758E+000  0.881922E+000
  0.549958E+000  0.891920E+000
  0.550139E+000  0.901918E+000
  0.550306E+000  0.911917E+000
  0.550460E+000  0.921916E+000
  0.550606E+000  0.931915E+000
  0.550746E+000  0.941914E+000
  0.550883E+000  0.951913E+000
  0.551019E+000  0.961912E+000
  0.551156E+000  0.971911E+000
  0.551295E+000  0.981910E+000
  0.551440E+000  0.991909E+000
  0.551590E+000  0.100191E+001
  0.551749E+000  0.101191E+001
  0.551917E+000  0.102191E+001
  0.552096E+000  0.103190E+001
  0.552286E+000  0.104190E+001
  0.552490E+000  0.105190E+001
  0.552707E+000  0.106190E+001
  0.552940E+000  0.107189E+001
  0.553189E+000  0.108189E+001
  0.553454E+000  0.109189E+001
  0.553738E+000  0.110188E+001
  0.554040E+000  0.111188E+001
  0.554362E+000  0.112187E+001
  0.554704E+000  0.113187E+001
  0.555067E+000  0.114186E+001
  0.555452E+000  0.115185E+001
  0.555859E+000  0.116185E+001
  0.556289E+000  0.117184E+001
  0.556742E+000  0.118183E+001
  0.557220E+000  0.119182E+001
  0.557722E+000  0.120180E+001
  0.558249E+000  0.121179E+001
  0.558803E+000  0.122177E+001
  0.559382E+000  0.123176E+001
  0.559988E+000  0.124174E+001
  0.560621E+000  0.125172E+001
  0.561281E+000  0.126170E+001
  0.561969E+000  0.127167E+001
  0.562685E+000  0.128165E+001
  0.563430E+000  0.129162E+001
  0.564204E+000  0.130159E+001
  0.565007E+000  0.131156E+001
  0.565839E+000  0.132152E+001
  0.566701E+000  0.133148E+001
  0.567593E+000  0.134144E+001
  0.568515E+000  0.135140E+001
  0.569467E+000  0.136136E+001
  0.570450E+000  0.137131E+001
  0.571463E+000  0.138126E+001
  0.572508E+000  0.139120E+001
  0.573582E+000  0.140114E+001
  0.574688E+000  0.141108E+001
  0.575825E+000  0.142102E+001
  0.576993E+000  0.143095E+001
  0.578192E+000  0.144088E+001
  0.579422E+000  0.145080E+001
  0.580683E+000  0.146072E+001
  0.581975E+000  0.147064E+001
  0.583298E+000  0.148055E+001
  0.584652E+000  0.149046E+001
  0.586037E+000  0.150036E+001
  0.587452E+000  0.151026E+001
  0.588899E+000  0.152016E+001
  0.590376E+000  0.153005E+001
  0.591884E+000  0.153993E+001
  0.593423E+000  0.154981E+001
  0.594992E+000  0.155969E+001
  0.596591E+000  0.156956E+001
  0.598221E+000  0.157943E+001
  0.599880E+000  0.158929E+001
  0.601570E+000  0.159914E+001
  0.603289E+000  0.160900E+001
  0.605039E+000  0.161884E+001
  0.606818E+000  0.162868E+001
  0.608627E+000  0.163852E+001
  0.610465E+000  0.164835E+001
  0.612333E+000  0.165817E+001
  0.614231E+000  0.166799E+001
  0.616158E+000  0.167780E+001
  0.618114E+000  0.168761E+001
  0.620099E+000  0.169741E+001
  0.622113E+000  0.170720E+001
  0.624157E+000  0.171699E+001
  0.626230E+000  0.172678E+001
  0.628332E+000  0.173655E+001
  0.630463E+000  0.174632E+001
  0.632623E+000  0.175609E+001
  0.634812E+000  0.176584E+001
  0.637030E+000  0.177559E+001
  0.639278E+000  0.178534E+001
  0.641554E+000  0.179508E+001
  0.643860E+000  0.180481E+001
  0.646195E+000  0.181453E+001
  0.648559E+000  0.182425E+001
  0.650952E+000  0.183396E+001
  0.653374E+000  0.184366E+001
  0.655826E+000  0.185335E+001
  0.658306E+000  0.186304E+001
  0.660816E+000  0.187272E+001
  0.663355E+000  0.188239E+001
  0.665924E+000  0.189206E+001
  0.668521E+000  0.190171E+001
  0.671148E+000  0.191136E+001
  0.673803E+000  0.192100E+001
  0.676488E+000  0.193064E+001
  0.679201E+000  0.194026E+001
  0.681943E+000  0.194988E+001
  0.684714E+000  0.195949E+001
  0.687513E+000  0.196909E+001
  0.690340E+000  0.197868E+001
  0.693195E+000  0.198826E+001
  0.696079E+000  0.199784E+001
  0.698989E+000  0.200741E+001
  0.701927E+000  0.201696E+001
  0.704893E+000  0.202651E+001
  0.707884E+000  0.203606E+001
  0.710902E+000  0.204559E+001
  0.713946E+000  0.205512E+001
  0.717016E+000  0.206463E+001
  0.720111E+000  0.207414E+001
  0.723230E+000  0.208364E+001
  0.726374E+000  0.209314E+001
  0.729541E+000  0.210262E+001
  0.732732E+000  0.211210E+001
  0.735946E+000  0.212157E+001
  0.739181E+000  0.213103E+001
  0.742439E+000  0.214048E+001
  0.745718E+000  0.214993E+001
  0.749017E+000  0.215937E+001
  0.752337E+000  0.216880E+001
  0.755676E+000  0.217823E+001
  0.759033E+000  0.218765E+001
  0.762410E+000  0.219706E+001
  0.765804E+000  0.220647E+001
  0.769215E+000  0.221587E+001
  0.772643E+000  0.222526E+001
  0.776087E+000  0.223465E+001
  0.779547E+000  0.224403E+001
  0.783021E+000  0.225341E+001
  0.786510E+000  0.226278E+001
  0.790013E+000  0.227215E+001
  0.793529E+000  0.228151E+001
  0.797057E+000  0.229087E+001
  0.800598E+000  0.230022E+001
  0.804150E+000  0.230957E+001
  0.807714E+000  0.231891E+001
  0.811288E+000  0.232825E+001
  0.814872E+000  0.233759E+001
  0.818466E+000  0.234692E+001
  0.822068E+000  0.235625E+001
  0.825680E+000  0.236557E+001
  0.829299E+000  0.237489E+001
  0.832926E+000  0.238421E+001
  0.836560E+000  0.239353E+001
  0.840201E+000  0.240284E+001
  0.843848E+000  0.241215E+001
  0.847501E+000  0.242146E+001
  0.851159E+000  0.243077E+001
  0.854823E+000  0.244007E+001
  0.858490E+000  0.244938E+001
  0.862162E+000  0.245868E+001
  0.865838E+000  0.246798E+001
  0.869517E+000  0.247728E+001
  0.873199E+000  0.248658E+001
  0.876883E+000  0.249587E+001
  0.880570E+000  0.250517E+001
  0.884258E+000  0.251446E+001
  0.887948E+000  0.252376E+001
  0.891639E+000  0.253305E+001
  0.895330E+000  0.254234E+001
  0.899022E+000  0.255164E+001
  0.902714E+000  0.256093E+001
  0.906405E+000  0.257023E+001
  0.910096E+000  0.257952E+001
  0.913785E+000  0.258881E+001
  0.917473E+000  0.259811E+001
  0.921160E+000  0.260740E+001
  0.924844E+000  0.261670E+001
  0.928525E+000  0.262600E+001
  0.932204E+000  0.263530E+001
  0.935880E+000  0.264460E+001
  0.939552E+000  0.265390E+001
  0.943220E+000  0.266320E+001
  0.946884E+000  0.267251E+001
  0.950543E+000  0.268181E+001
  0.954198E+000  0.269112E+001
  0.957847E+000  0.270043E+001
  0.961491E+000  0.270974E+001
  0.965128E+000  0.271906E+001
  0.968759E+000  0.272838E+001
  0.972384E+000  0.273770E+001
  0.976001E+000  0.274702E+001
  0.979611E+000  0.275635E+001
  0.983213E+000  0.276567E+001
  0.986807E+000  0.277501E+001
  0.990392E+000  0.278434E+001
  0.993968E+000  0.279368E+001
  0.997534E+000  0.280302E+001
  0.100109E+001  0.281237E+001
  0.100464E+001  0.282172E+001
  0.100817E+001  0.283107E+001
  0.101170E+001  0.284043E+001
  0.101521E+001  0.284979E+001
  0.101871E+001  0.285916E+001
  0.102220E+001  0.286853E+001
  0.102568E+001  0.287791E+001
  0.102914E+001  0.288729E+001
  0.103259E+001  0.289668E+001
  0.103602E+001  0.290607E+001
  0.103944E+001  0.291547E+001
  0.104284E+001  0.292487E+001
  0.104623E+001  0.293428E+001
  0.104960E+001  0.294369E+001
  0.105295E+001  0.295312E+001
  0.105628E+001  0.296254E+001
  0.105960E+001  0.297198E+001
  0.106290E+001  0.298142E+001
  0.106618E+001  0.299087E+001
  0.106943E+001  0.300032E+001
  0.107267E+001  0.300978E+001
  0.107588E+001  0.301925E+001
  0.107907E+001  0.302873E+001
  0.108224E+001  0.303821E+001
  0.108539E+001  0.304771E+001
  0.108851E+001  0.305721E+001
  0.109160E+001  0.306672E+001
  0.109467E+001  0.307623E+001
  0.109771E+001  0.308576E+001
  0.110073E+001  0.309530E+001
  0.110371E+001  0.310484E+001
  0.110667E+001  0.311439E+001
  0.110959E+001  0.312395E+001
  0.111249E+001  0.313353E+001
  0.111535E+001  0.314311E+001
  0.111819E+001  0.315270E+001
  0.112098E+001  0.316230E+001
  0.112375E+001  0.317191E+001
  0.112648E+001  0.318153E+001
  0.112918E+001  0.319116E+001
  0.113184E+001  0.320080E+001
  0.113447E+001  0.321044E+001
  0.113706E+001  0.322010E+001
  0.113961E+001  0.322977E+001
  0.114213E+001  0.323945E+001
  0.114461E+001  0.324914E+001
  0.114705E+001  0.325883E+001
  0.114946E+001  0.326854E+001
  0.115183E+001  0.327826E+001
  0.115416E+001  0.328798E+001
  0.115646E+001  0.329771E+001
  0.115871E+001  0.330745E+001
  0.116094E+001  0.331721E+001
  0.116312E+001  0.332696E+001
  0.116527E+001  0.333673E+001
  0.116739E+001  0.334650E+001
  0.116947E+001  0.335628E+001
  0.117151E+001  0.336607E+001
  0.117353E+001  0.337587E+001
  0.117551E+001  0.338567E+001
  0.117746E+001  0.339548E+001
  0.117938E+001  0.340529E+001
  0.118127E+001  0.341511E+001
  0.118313E+001  0.342494E+001
  0.118497E+001  0.343477E+001
  0.118678E+001  0.344460E+001
  0.118856E+001  0.345444E+001
  0.119031E+001  0.346429E+001
  0.119205E+001  0.347413E+001
  0.119376E+001  0.348399E+001
  0.119545E+001  0.349384E+001
  0.119711E+001  0.350370E+001
  0.119876E+001  0.351357E+001
  0.120039E+001  0.352343E+001
  0.120200E+001  0.353330E+001
  0.120359E+001  0.354318E+001
  0.120516E+001  0.355305E+001
  0.120672E+001  0.356293E+001
  0.120827E+001  0.357281E+001
  0.120980E+001  0.358269E+001
  0.121132E+001  0.359258E+001
  0.121282E+001  0.360246E+001
  0.121431E+001  0.361235E+001
  0.121579E+001  0.362224E+001
  0.121726E+001  0.363213E+001
  0.121872E+001  0.364202E+001
  0.122017E+001  0.365192E+001
  0.122161E+001  0.366181E+001
  0.122304E+001  0.367171E+001
  0.122446E+001  0.368161E+001
  0.122587E+001  0.369151E+001
  0.122728E+001  0.370141E+001
  0.122868E+001  0.371131E+001
  0.123007E+001  0.372121E+001
  0.123146E+001  0.373112E+001
  0.123284E+001  0.374102E+001
  0.123422E+001  0.375093E+001
  0.123559E+001  0.376083E+001
  0.123695E+001  0.377074E+001
  0.123831E+001  0.378065E+001
  0.123967E+001  0.379055E+001
  0.124102E+001  0.380046E+001
  0.124237E+001  0.381037E+001
  0.124372E+001  0.382028E+001
  0.124506E+001  0.383019E+001
  0.124640E+001  0.384010E+001
  0.124773E+001  0.385001E+001
  0.124907E+001  0.385992E+001
  0.125040E+001  0.386983E+001
  0.125172E+001  0.387974E+001
  0.125305E+001  0.388965E+001
  0.125437E+001  0.389957E+001
  0.125569E+001  0.390948E+001
  0.125701E+001  0.391939E+001
  0.125833E+001  0.392930E+001
  0.125965E+001  0.393922E+001
  0.126096E+001  0.394913E+001
  0.126228E+001  0.395904E+001
  0.126359E+001  0.396896E+001
  0.126490E+001  0.397887E+001
  0.126621E+001  0.398878E+001
  0.126752E+001  0.399870E+001
  0.126883E+001  0.400861E+001
  0.127013E+001  0.401853E+001
  0.127144E+001  0.402844E+001
  0.127275E+001  0.403836E+001
  0.127405E+001  0.404827E+001
  0.127535E+001  0.405818E+001
  0.127666E+001  0.406810E+001
  0.127796E+001  0.407801E+001
  0.127926E+001  0.408793E+001
  0.128057E+001  0.409784E+001
  0.128187E+001  0.410776E+001
  0.128317E+001  0.411767E+001
  0.128447E+001  0.412759E+001
  0.128577E+001  0.413750E+001
  0.128707E+001  0.414742E+001
  0.128837E+001  0.415733E+001
  0.128967E+001  0.416725E+001
  0.129097E+001  0.417716E+001
  0.129227E+001  0.418708E+001
  0.129357E+001  0.419699E+001
  0.129487E+001  0.420691E+001
  0.129616E+001  0.421683E+001
  0.129746E+001  0.422674E+001
  0.129876E+001  0.423666E+001
  0.130006E+001  0.424657E+001
  0.130136E+001  0.425649E+001
  0.130265E+001  0.426640E+001
  0.130395E+001  0.427632E+001
  0.130525E+001  0.428623E+001
  0.130655E+001  0.429615E+001
  0.130784E+001  0.430606E+001
  0.130914E+001  0.431598E+001
  0.131044E+001  0.432590E+001
  0.131173E+001  0.433581E+001
  0.131303E+001  0.434573E+001
  0.131432E+001  0.435564E+001
  0.131562E+001  0.436556E+001
  0.131692E+001  0.437547E+001
  0.131821E+001  0.438539E+001
  0.131951E+001  0.439531E+001
  0.132080E+001  0.440522E+001
  0.132209E+001  0.441514E+001
  0.132339E+001  0.442505E+001
  0.132468E+001  0.443497E+001
  0.132598E+001  0.444489E+001
  0.132727E+001  0.445480E+001
  0.132856E+001  0.446472E+001
  0.132985E+001  0.447463E+001
  0.133114E+001  0.448455E+001
  0.133244E+001  0.449447E+001
  0.133373E+001  0.450438E+001
  0.133502E+001  0.451430E+001
  0.133631E+001  0.452421E+001
  0.133760E+001  0.453413E+001
  0.133889E+001  0.454405E+001
  0.134018E+001  0.455396E+001
  0.134146E+001  0.456388E+001
  0.134275E+001  0.457380E+001
  0.134404E+001  0.458371E+001
  0.134532E+001  0.459363E+001
  0.134661E+001  0.460355E+001
  0.134790E+001  0.461347E+001
  0.134918E+001  0.462338E+001
  0.135046E+001  0.463330E+001
  0.135175E+001  0.464322E+001
  0.135303E+001  0.465313E+001
  0.135431E+001  0.466305E+001
  0.135559E+001  0.467297E+001
  0.135687E+001  0.468289E+001
  0.135815E+001  0.469281E+001
  0.135943E+001  0.470272E+001
  0.136071E+001  0.471264E+001
  0.136199E+001  0.472256E+001
  0.136326E+001  0.473248E+001
  0.136454E+001  0.474240E+001
  0.136581E+001  0.475231E+001
  0.136709E+001  0.476223E+001
  0.136836E+001  0.477215E+001
  0.136963E+001  0.478207E+001
  0.137090E+001  0.479199E+001
  0.137217E+001  0.480191E+001
  0.137344E+001  0.481183E+001
  0.137471E+001  0.482175E+001
  0.137598E+001  0.483167E+001
  0.137724E+001  0.484159E+001
  0.137851E+001  0.485151E+001
  0.137977E+001  0.486143E+001
  0.138103E+001  0.487135E+001
  0.138230E+001  0.488127E+001
  0.138356E+001  0.489119E+001
  0.138482E+001  0.490111E+001
  0.138607E+001  0.491103E+001
  0.138733E+001  0.492095E+001
  0.138859E+001  0.493087E+001
  0.138984E+001  0.494079E+001
  0.139110E+001  0.495071E+001
  0.139235E+001  0.496063E+001
  0.139360E+001  0.497055E+001
  0.139485E+001  0.498047E+001
  0.139610E+001  0.499040E+001
  0.139734E+001  0.500032E+001
  0.139859E+001  0.501024E+001
  0.139984E+001  0.502016E+001
  0.140108E+001  0.503008E+001
  0.140232E+001  0.504001E+001
  0.140356E+001  0.504993E+001
  0.140480E+001  0.505985E+001
  0.140604E+001  0.506978E+001
  0.140728E+001  0.507970E+001
  0.140851E+001  0.508962E+001
  0.140975E+001  0.509955E+001
  0.141098E+001  0.510947E+001
  0.141221E+001  0.511939E+001
  0.141344E+001  0.512932E+001
  0.141467E+001  0.513924E+001
  0.141589E+001  0.514917E+001
  0.141712E+001  0.515909E+001
  0.141834E+001  0.516902E+001
  0.141957E+001  0.517894E+001
  0.142079E+001  0.518887E+001
  0.142201E+001  0.519879E+001
  0.142323E+001  0.520872E+001
  0.142444E+001  0.521864E+001
  0.142566E+001  0.522857E+001
  0.142687E+001  0.523849E+001
  0.142808E+001  0.524842E+001
  0.142929E+001  0.525835E+001
  0.143050E+001  0.526827E+001
  0.143171E+001  0.527820E+001
  0.143292E+001  0.528813E+001
  0.143412E+001  0.529805E+001
  0.143532E+001  0.530798E+001
  0.143653E+001  0.531791E+001
  0.143773E+001  0.532784E+001
  0.143892E+001  0.533777E+001
  0.144012E+001  0.534769E+001
  0.144132E+001  0.535762E+001
  0.144251E+001  0.536755E+001
  0.144370E+001  0.537748E+001
  0.144489E+001  0.538741E+001
  0.144608E+001  0.539734E+001
  0.144727E+001  0.540727E+001
  0.144846E+001  0.541720E+001
  0.144964E+001  0.542713E+001
  0.145082E+001  0.543706E+001
  0.145200E+001  0.544699E+001
  0.145318E+001  0.545692E+001
  0.145436E+001  0.546685E+001
  0.145554E+001  0.547678E+001
  0.145671E+001  0.548671E+001
  0.145789E+001  0.549664E+001
  0.145906E+001  0.550657E+001
  0.146023E+001  0.551650E+001
  0.146140E+001  0.552643E+001
  0.146256E+001  0.553636E+001
  0.146373E+001  0.554630E+001
  0.146489E+001  0.555623E+001
  0.146605E+001  0.556616E+001
  0.146721E+001  0.557609E+001
  0.146837E+001  0.558602E+001
  0.146953E+001  0.559596E+001
  0.147069E+001  0.560589E+001
  0.147184E+001  0.561582E+001
  0.147299E+001  0.562576E+001
  0.147414E+001  0.563569E+001
  0.147529E+001  0.564562E+001
  0.147644E+001  0.565556E+001
  0.147759E+001  0.566549E+001
  0.147873E+001  0.567543E+001
  0.147988E+001  0.568536E+001
  0.148102E+001  0.569530E+001
  0.148216E+001  0.570523E+001
  0.148330E+001  0.571517E+001
  0.148444E+001  0.572510E+001
  0.148557E+001  0.573504E+001
  0.148671E+001  0.574497E+001
  0.148784E+001  0.575491E+001
  0.148897E+001  0.576484E+001
  0.149010E+001  0.577478E+001
  0.149123E+001  0.578471E+001
  0.149235E+001  0.579465E+001
  0.149348E+001  0.580459E+001
  0.149460E+001  0.581452E+001
  0.149572E+001  0.582446E+001
  0.149685E+001  0.583440E+001
  0.149796E+001  0.584434E+001
  0.149908E+001  0.585427E+001
  0.150020E+001  0.586421E+001
  0.150131E+001  0.587415E+001
  0.150243E+001  0.588409E+001
  0.150354E+001  0.589402E+001
  0.150465E+001  0.590396E+001
  0.150576E+001  0.591390E+001
  0.150687E+001  0.592384E+001
  0.150797E+001  0.593378E+001
  0.150908E+001  0.594372E+001
  0.151018E+001  0.595365E+001
  0.151128E+001  0.596359E+001
  0.151238E+001  0.597353E+001
  0.151348E+001  0.598347E+001
  0.151458E+001  0.599341E+001
  0.151568E+001  0.600335E+001
  0.151677E+001  0.601329E+001
  0.151787E+001  0.602323E+001
  0.151896E+001  0.603317E+001
  0.152005E+001  0.604311E+001
  0.152114E+001  0.605305E+001
  0.152223E+001  0.606299E+001
  0.152332E+001  0.607293E+001
  0.152440E+001  0.608287E+001
  0.152549E+001  0.609282E+001
  0.152657E+001  0.610276E+001
  0.152765E+001  0.611270E+001
  0.152873E+001  0.612264E+001
  0.152981E+001  0.613258E+001
  0.153089E+001  0.614252E+001
  0.153197E+001  0.615246E+001
  0.153304E+001  0.616241E+001
  0.153412E+001  0.617235E+001
  0.153519E+001  0.618229E+001
  0.153626E+001  0.619223E+001
  0.153733E+001  0.620218E+001
  0.153840E+001  0.621212E+001
  0.153947E+001  0.622206E+001
  0.154054E+001  0.623200E+001
  0.154161E+001  0.624195E+001
  0.154267E+001  0.625189E+001
  0.154374E+001  0.626183E+001
  0.154480E+001  0.627178E+001
  0.154586E+001  0.628172E+001
  0.154692E+001  0.629166E+001
  0.154798E+001  0.630161E+001
  0.154904E+001  0.631155E+001
  0.155010E+001  0.632150E+001
  0.155115E+001  0.633144E+001
  0.155221E+001  0.634138E+001
  0.155326E+001  0.635133E+001
  0.155431E+001  0.636127E+001
  0.155537E+001  0.637122E+001
  0.155642E+001  0.638116E+001
  0.155747E+001  0.639111E+001
  0.155852E+001  0.640105E+001
  0.155956E+001  0.641100E+001
  0.156061E+001  0.642094E+001
  0.156166E+001  0.643089E+001
  0.156270E+001  0.644083E+001
  0.156374E+001  0.645078E+001
  0.156479E+001  0.646072E+001
  0.156583E+001  0.647067E+001
  0.156687E+001  0.648061E+001
  0.156791E+001  0.649056E+001
  0.156895E+001  0.650051E+001
  0.156999E+001  0.651045E+001
  0.157102E+001  0.652040E+001
  0.157206E+001  0.653034E+001
  0.157310E+001  0.654029E+001
  0.157413E+001  0.655024E+001
  0.157517E+001  0.656018E+001
  0.157620E+001  0.657013E+001
  0.157723E+001  0.658008E+001
  0.157826E+001  0.659002E+001
  0.157929E+001  0.659997E+001
  0.158032E+001  0.660992E+001
  0.158135E+001  0.661986E+001
  0.158238E+001  0.662981E+001
  0.158340E+001  0.663976E+001
  0.158443E+001  0.664970E+001
  0.158546E+001  0.665965E+001
  0.158648E+001  0.666960E+001
  0.158751E+001  0.667955E+001
  0.158853E+001  0.668949E+001
  0.158955E+001  0.669944E+001
  0.159057E+001  0.670939E+001
  0.159159E+001  0.671934E+001
  0.159261E+001  0.672928E+001
  0.159363E+001  0.673923E+001
  0.159465E+001  0.674918E+001
  0.159567E+001  0.675913E+001
  0.159669E+001  0.676908E+001
  0.159770E+001  0.677902E+001
  0.159872E+001  0.678897E+001
  0.159974E+001  0.679892E+001
  0.160075E+001  0.680887E+001
  0.160177E+001  0.681882E+001
  0.160278E+001  0.682877E+001
  0.160379E+001  0.683872E+001
  0.160480E+001  0.684866E+001
  0.160582E+001  0.685861E+001
  0.160683E+001  0.686856E+001
  0.160784E+001  0.687851E+001
  0.160885E+001  0.688846E+001
  0.160986E+001  0.689841E+001
  0.161087E+001  0.690836E+001
  0.161187E+001  0.691831E+001
  0.161288E+001  0.692825E+001
  0.161389E+001  0.693820E+001
  0.161489E+001  0.694815E+001
  0.161590E+001  0.695810E+001
  0.161691E+001  0.696805E+001
  0.161791E+001  0.697800E+001
  0.161892E+001  0.698795E+001
  0.161992E+001  0.699790E+001
  0.162092E+001  0.700785E+001
  0.162193E+001  0.701780E+001
  0.162293E+001  0.702775E+001
  0.162393E+001  0.703770E+001
  0.162493E+001  0.704765E+001
  0.162593E+001  0.705760E+001
  0.162693E+001  0.706755E+001
  0.162793E+001  0.707750E+001
  0.162893E+001  0.708745E+001
  0.162993E+001  0.709740E+001
  0.163093E+001  0.710735E+001
  0.163193E+001  0.711730E+001
  0.163293E+001  0.712725E+001
  0.163393E+001  0.713720E+001
  0.163493E+001  0.714715E+001
  0.163592E+001  0.715710E+001
  0.163692E+001  0.716705E+001
  0.163792E+001  0.717700E+001
  0.163891E+001  0.718695E+001
  0.163991E+001  0.719690E+001
  0.164090E+001  0.720685E+001
  0.164190E+001  0.721680E+001
  0.164289E+001  0.722675E+001
  0.164389E+001  0.723670E+001
  0.164488E+001  0.724665E+001
  0.164588E+001  0.725660E+001
  0.164687E+001  0.726655E+001
  0.164786E+001  0.727650E+001
  0.164885E+001  0.728645E+001
  0.164985E+001  0.729640E+001
  0.165084E+001  0.730635E+001
  0.165183E+001  0.731630E+001
  0.165282E+001  0.732626E+001
  0.165382E+001  0.733621E+001
  0.165481E+001  0.734616E+001
  0.165580E+001  0.735611E+001
  0.165679E+001  0.736606E+001
  0.165778E+001  0.737601E+001
  0.165877E+001  0.738596E+001
  0.165976E+001  0.739591E+001
  0.166075E+001  0.740586E+001
  0.166174E+001  0.741581E+001
  0.166273E+001  0.742576E+001
  0.166372E+001  0.743571E+001
  0.166471E+001  0.744567E+001
  0.166570E+001  0.745562E+001
  0.166669E+001  0.746557E+001
  0.166767E+001  0.747552E+001
  0.166866E+001  0.748547E+001
  0.166965E+001  0.749542E+001
  0.167064E+001  0.750537E+001
  0.167163E+001  0.751532E+001
  0.167262E+001  0.752527E+001
  0.167360E+001  0.753522E+001
  0.167459E+001  0.754518E+001
  0.167558E+001  0.755513E+001
  0.167657E+001  0.756508E+001
  0.167755E+001  0.757503E+001
  0.167854E+001  0.758498E+001
  0.167953E+001  0.759493E+001
  0.168052E+001  0.760488E+001
  0.168150E+001  0.761483E+001
  0.168249E+001  0.762479E+001
  0.168348E+001  0.763474E+001
  0.168446E+001  0.764469E+001
  0.168545E+001  0.765464E+001
  0.168644E+001  0.766459E+001
  0.168742E+001  0.767454E+001
  0.168841E+001  0.768449E+001
  0.168940E+001  0.769444E+001
  0.169038E+001  0.770439E+001
  0.169137E+001  0.771435E+001
  0.169236E+001  0.772430E+001
  0.169334E+001  0.773425E+001
  0.169433E+001  0.774420E+001
  0.169532E+001  0.775415E+001
  0.169630E+001  0.776410E+001
  0.169729E+001  0.777405E+001
  0.169828E+001  0.778400E+001
  0.169926E+001  0.779396E+001
  0.170025E+001  0.780391E+001
  0.170123E+001  0.781386E+001
  0.170222E+001  0.782381E+001
  0.170321E+001  0.783376E+001
  0.170419E+001  0.784371E+001
  0.170518E+001  0.785366E+001
  0.170617E+001  0.786361E+001
  0.170715E+001  0.787357E+001
  0.170814E+001  0.788352E+001
  0.170913E+001  0.789347E+001
  0.171011E+001  0.790342E+001
  0.171110E+001  0.791337E+001
  0.171209E+001  0.792332E+001
  0.171307E+001  0.793327E+001
  0.171406E+001  0.794322E+001
  0.171505E+001  0.795318E+001
  0.171604E+001  0.796313E+001
  0.171702E+001  0.797308E+001
  0.171801E+001  0.798303E+001
  0.171900E+001  0.799298E+001
  0.171999E+001  0.800293E+001
  0.172097E+001  0.801288E+001
  0.172196E+001  0.802283E+001
  0.172295E+001  0.803278E+001
  0.172394E+001  0.804274E+001
  0.172492E+001  0.805269E+001
  0.172591E+001  0.806264E+001
  0.172690E+001  0.807259E+001
  0.172789E+001  0.808254E+001
  0.172888E+001  0.809249E+001
  0.172987E+001  0.810244E+001
  0.173086E+001  0.811239E+001
  0.173184E+001  0.812234E+001
  0.173283E+001  0.813229E+001
  0.173382E+001  0.814225E+001
  0.173481E+001  0.815220E+001
  0.173580E+001  0.816215E+001
  0.173679E+001  0.817210E+001
  0.173778E+001  0.818205E+001
  0.173877E+001  0.819200E+001
  0.173976E+001  0.820195E+001
  0.174075E+001  0.821190E+001
  0.174174E+001  0.822185E+001
  0.174273E+001  0.823180E+001
  0.174372E+001  0.824175E+001
  0.174472E+001  0.825170E+001
  0.174571E+001  0.826166E+001
  0.174670E+001  0.827161E+001
  0.174769E+001  0.828156E+001
  0.174868E+001  0.829151E+001
  0.174967E+001  0.830146E+001
  0.175067E+001  0.831141E+001
  0.175166E+001  0.832136E+001
  0.175265E+001  0.833131E+001
  0.175364E+001  0.834126E+001
  0.175464E+001  0.835121E+001
  0.175563E+001  0.836116E+001
  0.175662E+001  0.837111E+001
  0.175762E+001  0.838106E+001
  0.175861E+001  0.839101E+001
  0.175961E+001  0.840096E+001
  0.176060E+001  0.841091E+001
  0.176159E+001  0.842086E+001
  0.176259E+001  0.843081E+001
  0.176358E+001  0.844077E+001
  0.176458E+001  0.845072E+001
  0.176558E+001  0.846067E+001
  0.176657E+001  0.847062E+001
  0.176757E+001  0.848057E+001
  0.176856E+001  0.849052E+001
  0.176956E+001  0.850047E+001
  0.177056E+001  0.851042E+001
  0.177155E+001  0.852037E+001
  0.177255E+001  0.853032E+001
  0.177355E+001  0.854027E+001
  0.177455E+001  0.855022E+001
  0.177555E+001  0.856017E+001
  0.177654E+001  0.857012E+001
  0.177754E+001  0.858007E+001
  0.177854E+001  0.859002E+001
  0.177954E+001  0.859997E+001
  0.178054E+001  0.860992E+001
  0.178154E+001  0.861987E+001
  0.178254E+001  0.862982E+001
  0.178354E+001  0.863977E+001
  0.178454E+001  0.864972E+001
  0.178554E+001  0.865967E+001
  0.178654E+001  0.866962E+001
  0.178754E+001  0.867957E+001
  0.178854E+001  0.868952E+001
  0.178954E+001  0.869947E+001
  0.179055E+001  0.870942E+001
  0.179157E+001  0.871936E+001
  0.179258E+001  0.872931E+001
  0.179360E+001  0.873926E+001
  0.179461E+001  0.874921E+001
  0.179563E+001  0.875916E+001
  0.179664E+001  0.876911E+001
  0.179766E+001  0.877905E+001
  0.179867E+001  0.878900E+001
  0.179969E+001  0.879895E+001
  0.180070E+001  0.880890E+001
  0.180160E+001  0.881886E+001
  0.180250E+001  0.882882E+001
  0.180340E+001  0.883878E+001
  0.180430E+001  0.884874E+001
  0.180563E+001  0.885865E+001
  0.180695E+001  0.886856E+001
  0.180828E+001  0.887847E+001
  0.180961E+001  0.888838E+001
  0.181094E+001  0.889829E+001
  0.181227E+001  0.890820E+001
  0.181360E+001  0.891812E+001
  0.181493E+001  0.892803E+001
  0.181626E+001  0.893794E+001
  0.181758E+001  0.894785E+001
  0.181891E+001  0.895776E+001
  0.182024E+001  0.896767E+001
  0.182157E+001  0.897758E+001
  0.182290E+001  0.898750E+001
  0.182423E+001  0.899741E+001
  0.182556E+001  0.900732E+001
  0.182688E+001  0.901723E+001
  0.182821E+001  0.902714E+001
  0.182954E+001  0.903705E+001
  0.183087E+001  0.904696E+001
  0.183220E+001  0.905687E+001
  0.183353E+001  0.906679E+001
  0.183486E+001  0.907670E+001
  0.183619E+001  0.908661E+001
  0.183751E+001  0.909652E+001
  0.183884E+001  0.910643E+001
  0.184017E+001  0.911634E+001
  0.184150E+001  0.912625E+001
  0.184283E+001  0.913617E+001
  0.184416E+001  0.914608E+001
  0.184549E+001  0.915599E+001
  0.184681E+001  0.916590E+001
  0.184814E+001  0.917581E+001
  0.184947E+001  0.918572E+001
  0.185080E+001  0.919563E+001
  0.185213E+001  0.920554E+001
  0.185346E+001  0.921546E+001
  0.185479E+001  0.922537E+001
  0.185612E+001  0.923528E+001
  0.185744E+001  0.924519E+001
  0.185877E+001  0.925510E+001
  0.186010E+001  0.926501E+001
  0.186143E+001  0.927492E+001
  0.186276E+001  0.928484E+001
  0.186409E+001  0.929475E+001
  0.186542E+001  0.930466E+001
  0.186675E+001  0.931457E+001
  0.186807E+001  0.932448E+001
  0.186940E+001  0.933439E+001
  0.187073E+001  0.934430E+001
  0.187206E+001  0.935422E+001
  0.187339E+001  0.936413E+001
  0.187472E+001  0.937404E+001
  0.187605E+001  0.938395E+001
  0.187737E+001  0.939386E+001
  0.187870E+001  0.940377E+001
  0.188003E+001  0.941368E+001
  0.188136E+001  0.942359E+001
  0.188269E+001  0.943351E+001
  0.188402E+001  0.944342E+001
  0.188535E+001  0.945333E+001
  0.188668E+001  0.946324E+001
  0.188800E+001  0.947315E+001
  0.188933E+001  0.948306E+001
  0.189066E+001  0.949297E+001
  0.189199E+001  0.950289E+001
  0.189332E+001  0.951280E+001
  0.189465E+001  0.952271E+001
  0.189598E+001  0.953262E+001
  0.189730E+001  0.954253E+001
  0.189863E+001  0.955244E+001
  0.189996E+001  0.956235E+001
  0.190129E+001  0.957226E+001
  0.190262E+001  0.958218E+001
  0.190395E+001  0.959209E+001
  0.190528E+001  0.960200E+001
  0.190661E+001  0.961191E+001
  0.190793E+001  0.962182E+001
  0.190926E+001  0.963173E+001
  0.191059E+001  0.964164E+001
  0.191192E+001  0.965156E+001
  0.191325E+001  0.966147E+001
  0.191458E+001  0.967138E+001
  0.191591E+001  0.968129E+001
  0.191724E+001  0.969120E+001
  0.191856E+001  0.970111E+001
  0.191989E+001  0.971102E+001
  0.192122E+001  0.972093E+001
  0.192255E+001  0.973085E+001
  0.192388E+001  0.974076E+001
  0.192521E+001  0.975067E+001
  0.192654E+001  0.976058E+001
  0.192786E+001  0.977049E+001
  0.192919E+001  0.978040E+001
  0.193052E+001  0.979031E+001
  0.193185E+001  0.980023E+001
  0.193318E+001  0.981014E+001
  0.193451E+001  0.982005E+001
  0.193584E+001  0.982996E+001
  0.193717E+001  0.983987E+001
  0.193849E+001  0.984978E+001
  0.193982E+001  0.985969E+001
  0.194115E+001  0.986960E+001
  0.194248E+001  0.987952E+001
  0.194381E+001  0.988943E+001
  0.194514E+001  0.989934E+001
  0.194647E+001  0.990925E+001
  0.194779E+001  0.991916E+001
  0.194912E+001  0.992907E+001
  0.195045E+001  0.993898E+001
  0.195178E+001  0.994890E+001
  0.195311E+001  0.995881E+001
  0.195444E+001  0.996872E+001
  0.195577E+001  0.997863E+001
  0.195710E+001  0.998854E+001
  0.195842E+001  0.999845E+001
  0.195975E+001  0.100084E+002
  0.196108E+001  0.100183E+002
  0.196241E+001  0.100282E+002
  0.196374E+001  0.100381E+002
  0.196507E+001  0.100480E+002
  0.196640E+001  0.100579E+002
  0.196773E+001  0.100678E+002
  0.196905E+001  0.100777E+002
  0.197038E+001  0.100877E+002
  0.197171E+001  0.100976E+002
  0.197304E+001  0.101075E+002
  0.197437E+001  0.101174E+002
  0.197570E+001  0.101273E+002
  0.197703E+001  0.101372E+002
  0.197835E+001  0.101471E+002
  0.197968E+001  0.101570E+002
  0.198101E+001  0.101669E+002
  0.198234E+001  0.101769E+002
  0.198367E+001  0.101868E+002
  0.198500E+001  0.101967E+002
  0.198633E+001  0.102066E+002
  0.198766E+001  0.102165E+002
  0.198898E+001  0.102264E+002
  0.199031E+001  0.102363E+002
  0.199164E+001  0.102462E+002
  0.199297E+001  0.102561E+002
  0.199430E+001  0.102661E+002
  0.199563E+001  0.102760E+002
  0.199696E+001  0.102859E+002
  0.199828E+001  0.102958E+002
  0.199961E+001  0.103057E+002
  0.200094E+001  0.103156E+002
