  0.637418E+000  0.756552E-001
  0.637418E+000  0.756552E-001
  0.637008E+000  0.856468E-001
  0.636556E+000  0.956366E-001
  0.636067E+000  0.105625E+000
  0.635541E+000  0.115611E+000
  0.634984E+000  0.125595E+000
  0.634396E+000  0.135578E+000
  0.633783E+000  0.145559E+000
  0.633145E+000  0.155539E+000
  0.632486E+000  0.165517E+000
  0.631808E+000  0.175494E+000
  0.631115E+000  0.185470E+000
  0.630408E+000  0.195445E+000
  0.629691E+000  0.205419E+000
  0.628964E+000  0.215393E+000
  0.628232E+000  0.225366E+000
  0.627495E+000  0.235339E+000
  0.626756E+000  0.245311E+000
  0.626017E+000  0.255284E+000
  0.625280E+000  0.265257E+000
  0.624547E+000  0.275230E+000
  0.623820E+000  0.285203E+000
  0.623101E+000  0.295178E+000
  0.622392E+000  0.305152E+000
  0.621695E+000  0.315128E+000
  0.621012E+000  0.325105E+000
  0.620346E+000  0.335083E+000
  0.619698E+000  0.345062E+000
  0.619072E+000  0.355042E+000
  0.618469E+000  0.365024E+000
  0.617892E+000  0.375007E+000
  0.617344E+000  0.384992E+000
  0.616829E+000  0.394979E+000
  0.616349E+000  0.404967E+000
  0.615908E+000  0.414957E+000
  0.615510E+000  0.424950E+000
  0.615160E+000  0.434943E+000
  0.614863E+000  0.444939E+000
  0.614623E+000  0.454936E+000
  0.614447E+000  0.464935E+000
  0.614342E+000  0.474934E+000
  0.614316E+000  0.484934E+000
  0.614376E+000  0.494934E+000
  0.614532E+000  0.504933E+000
  0.614796E+000  0.514929E+000
  0.615177E+000  0.524922E+000
  0.615690E+000  0.534909E+000
  0.616348E+000  0.544887E+000
  0.617167E+000  0.554853E+000
  0.618162E+000  0.564804E+000
  0.619351E+000  0.574733E+000
  0.620751E+000  0.584634E+000
  0.622378E+000  0.594501E+000
  0.624247E+000  0.604325E+000
  0.626371E+000  0.614097E+000
  0.628759E+000  0.623807E+000
  0.631418E+000  0.633447E+000
  0.634347E+000  0.643009E+000
  0.637544E+000  0.652484E+000
  0.640999E+000  0.661868E+000
  0.644700E+000  0.671158E+000
  0.648631E+000  0.680353E+000
  0.652776E+000  0.689454E+000
  0.657115E+000  0.698463E+000
  0.661630E+000  0.707386E+000
  0.666303E+000  0.716227E+000
  0.671116E+000  0.724992E+000
  0.676055E+000  0.733688E+000
  0.681102E+000  0.742320E+000
  0.686246E+000  0.750896E+000
  0.691474E+000  0.759420E+000
  0.696776E+000  0.767900E+000
  0.702140E+000  0.776339E+000
  0.707558E+000  0.784744E+000
  0.713021E+000  0.793120E+000
  0.718523E+000  0.801471E+000
  0.724054E+000  0.809802E+000
  0.729608E+000  0.818117E+000
  0.735177E+000  0.826423E+000
  0.740754E+000  0.834723E+000
  0.746330E+000  0.843024E+000
  0.751897E+000  0.851332E+000
  0.757443E+000  0.859653E+000
  0.762956E+000  0.867996E+000
  0.768419E+000  0.876372E+000
  0.773814E+000  0.884792E+000
  0.779115E+000  0.893271E+000
  0.784291E+000  0.901828E+000
  0.789302E+000  0.910481E+000
  0.794102E+000  0.919254E+000
  0.798642E+000  0.928164E+000
  0.802879E+000  0.937222E+000
  0.806782E+000  0.946429E+000
  0.810349E+000  0.955771E+000
  0.813601E+000  0.965228E+000
  0.816576E+000  0.974775E+000
  0.819322E+000  0.984390E+000
  0.821883E+000  0.994057E+000
  0.824297E+000  0.100376E+001
  0.826596E+000  0.101349E+001
  0.828806E+000  0.102325E+001
  0.830944E+000  0.103301E+001
  0.833027E+000  0.104280E+001
  0.835065E+000  0.105259E+001
  0.837068E+000  0.106238E+001
  0.839042E+000  0.107219E+001
  0.840993E+000  0.108199E+001
  0.842926E+000  0.109181E+001
  0.844843E+000  0.110162E+001
  0.846749E+000  0.111144E+001
  0.848644E+000  0.112126E+001
  0.850531E+000  0.113108E+001
  0.852412E+000  0.114090E+001
  0.854288E+000  0.115072E+001
  0.856160E+000  0.116054E+001
  0.858028E+000  0.117037E+001
  0.859895E+000  0.118019E+001
  0.861760E+000  0.119002E+001
  0.863624E+000  0.119984E+001
  0.865488E+000  0.120967E+001
  0.867351E+000  0.121949E+001
  0.869215E+000  0.122931E+001
  0.871080E+000  0.123914E+001
  0.872946E+000  0.124896E+001
  0.874813E+000  0.125879E+001
  0.876682E+000  0.126861E+001
  0.878552E+000  0.127844E+001
  0.880424E+000  0.128826E+001
  0.882298E+000  0.129808E+001
  0.884175E+000  0.130790E+001
  0.886054E+000  0.131773E+001
  0.887935E+000  0.132755E+001
  0.889819E+000  0.133737E+001
  0.891705E+000  0.134719E+001
  0.893594E+000  0.135701E+001
  0.895486E+000  0.136683E+001
  0.897381E+000  0.137665E+001
  0.899278E+000  0.138646E+001
  0.901179E+000  0.139628E+001
  0.903082E+000  0.140610E+001
  0.904989E+000  0.141592E+001
  0.906898E+000  0.142573E+001
  0.908811E+000  0.143555E+001
  0.910727E+000  0.144536E+001
  0.912646E+000  0.145518E+001
  0.914568E+000  0.146499E+001
  0.916493E+000  0.147480E+001
  0.918422E+000  0.148462E+001
  0.920353E+000  0.149443E+001
  0.922288E+000  0.150424E+001
  0.924227E+000  0.151405E+001
  0.926168E+000  0.152386E+001
  0.928112E+000  0.153367E+001
  0.930060E+000  0.154348E+001
  0.932011E+000  0.155328E+001
  0.933965E+000  0.156309E+001
  0.935923E+000  0.157290E+001
  0.937883E+000  0.158270E+001
  0.939847E+000  0.159251E+001
  0.941814E+000  0.160231E+001
  0.943784E+000  0.161212E+001
  0.945757E+000  0.162192E+001
  0.947733E+000  0.163172E+001
  0.949712E+000  0.164153E+001
  0.951694E+000  0.165133E+001
  0.953680E+000  0.166113E+001
  0.955668E+000  0.167093E+001
  0.957659E+000  0.168073E+001
  0.959654E+000  0.169053E+001
  0.961651E+000  0.170033E+001
  0.963651E+000  0.171012E+001
  0.965654E+000  0.171992E+001
  0.967659E+000  0.172972E+001
  0.969668E+000  0.173951E+001
  0.971679E+000  0.174931E+001
  0.973693E+000  0.175911E+001
  0.975709E+000  0.176890E+001
  0.977728E+000  0.177869E+001
  0.979749E+000  0.178849E+001
  0.981773E+000  0.179828E+001
  0.983800E+000  0.180807E+001
  0.985828E+000  0.181787E+001
  0.987859E+000  0.182766E+001
  0.989892E+000  0.183745E+001
  0.991928E+000  0.184724E+001
  0.993965E+000  0.185703E+001
  0.996004E+000  0.186682E+001
  0.998046E+000  0.187661E+001
  0.100009E+001  0.188640E+001
  0.100213E+001  0.189619E+001
  0.100418E+001  0.190597E+001
  0.100623E+001  0.191576E+001
  0.100828E+001  0.192555E+001
  0.101033E+001  0.193534E+001
  0.101238E+001  0.194512E+001
  0.101443E+001  0.195491E+001
  0.101649E+001  0.196470E+001
  0.101854E+001  0.197448E+001
  0.102060E+001  0.198427E+001
  0.102266E+001  0.199406E+001
  0.102471E+001  0.200384E+001
  0.102677E+001  0.201363E+001
  0.102883E+001  0.202342E+001
  0.103089E+001  0.203320E+001
  0.103294E+001  0.204299E+001
  0.103500E+001  0.205277E+001
  0.103706E+001  0.206256E+001
  0.103911E+001  0.207235E+001
  0.104117E+001  0.208213E+001
  0.104322E+001  0.209192E+001
  0.104528E+001  0.210171E+001
  0.104733E+001  0.211149E+001
  0.104938E+001  0.212128E+001
  0.105143E+001  0.213107E+001
  0.105347E+001  0.214086E+001
  0.105551E+001  0.215065E+001
  0.105755E+001  0.216044E+001
  0.105959E+001  0.217023E+001
  0.106162E+001  0.218002E+001
  0.106365E+001  0.218981E+001
  0.106568E+001  0.219960E+001
  0.106770E+001  0.220940E+001
  0.106972E+001  0.221919E+001
  0.107173E+001  0.222899E+001
  0.107374E+001  0.223878E+001
  0.107574E+001  0.224858E+001
  0.107773E+001  0.225838E+001
  0.107972E+001  0.226818E+001
  0.108170E+001  0.227798E+001
  0.108368E+001  0.228778E+001
  0.108564E+001  0.229759E+001
  0.108760E+001  0.230740E+001
  0.108955E+001  0.231720E+001
  0.109149E+001  0.232701E+001
  0.109342E+001  0.233683E+001
  0.109534E+001  0.234664E+001
  0.109725E+001  0.235646E+001
  0.109915E+001  0.236627E+001
  0.110104E+001  0.237609E+001
  0.110291E+001  0.238592E+001
  0.110477E+001  0.239574E+001
  0.110662E+001  0.240557E+001
  0.110846E+001  0.241540E+001
  0.111028E+001  0.242523E+001
  0.111209E+001  0.243507E+001
  0.111388E+001  0.244490E+001
  0.111566E+001  0.245475E+001
  0.111743E+001  0.246459E+001
  0.111918E+001  0.247443E+001
  0.112091E+001  0.248428E+001
  0.112262E+001  0.249414E+001
  0.112432E+001  0.250399E+001
  0.112601E+001  0.251385E+001
  0.112767E+001  0.252371E+001
  0.112932E+001  0.253357E+001
  0.113096E+001  0.254344E+001
  0.113257E+001  0.255330E+001
  0.113417E+001  0.256318E+001
  0.113576E+001  0.257305E+001
  0.113732E+001  0.258293E+001
  0.113887E+001  0.259281E+001
  0.114041E+001  0.260269E+001
  0.114192E+001  0.261257E+001
  0.114343E+001  0.262246E+001
  0.114492E+001  0.263235E+001
  0.114639E+001  0.264224E+001
  0.114785E+001  0.265213E+001
  0.114929E+001  0.266202E+001
  0.115073E+001  0.267192E+001
  0.115215E+001  0.268182E+001
  0.115355E+001  0.269172E+001
  0.115495E+001  0.270162E+001
  0.115634E+001  0.271153E+001
  0.115771E+001  0.272143E+001
  0.115908E+001  0.273134E+001
  0.116044E+001  0.274124E+001
  0.116179E+001  0.275115E+001
  0.116313E+001  0.276106E+001
  0.116446E+001  0.277097E+001
  0.116579E+001  0.278088E+001
  0.116712E+001  0.279080E+001
  0.116844E+001  0.280071E+001
  0.116976E+001  0.281062E+001
  0.117107E+001  0.282053E+001
  0.117239E+001  0.283045E+001
  0.117370E+001  0.284036E+001
  0.117501E+001  0.285027E+001
  0.117632E+001  0.286019E+001
  0.117763E+001  0.287010E+001
  0.117895E+001  0.288001E+001
  0.118027E+001  0.288993E+001
  0.118159E+001  0.289984E+001
  0.118292E+001  0.290975E+001
  0.118425E+001  0.291966E+001
  0.118558E+001  0.292957E+001
  0.118693E+001  0.293948E+001
  0.118828E+001  0.294939E+001
  0.118964E+001  0.295930E+001
  0.119101E+001  0.296920E+001
  0.119239E+001  0.297911E+001
  0.119378E+001  0.298901E+001
  0.119519E+001  0.299891E+001
  0.119660E+001  0.300881E+001
  0.119803E+001  0.301871E+001
  0.119947E+001  0.302860E+001
  0.120093E+001  0.303850E+001
  0.120240E+001  0.304839E+001
  0.120390E+001  0.305828E+001
  0.120540E+001  0.306816E+001
  0.120693E+001  0.307804E+001
  0.120848E+001  0.308792E+001
  0.121005E+001  0.309780E+001
  0.121163E+001  0.310767E+001
  0.121324E+001  0.311754E+001
  0.121487E+001  0.312741E+001
  0.121653E+001  0.313727E+001
  0.121821E+001  0.314713E+001
  0.121991E+001  0.315698E+001
  0.122164E+001  0.316683E+001
  0.122339E+001  0.317668E+001
  0.122517E+001  0.318652E+001
  0.122698E+001  0.319635E+001
  0.122881E+001  0.320618E+001
  0.123067E+001  0.321601E+001
  0.123256E+001  0.322583E+001
  0.123447E+001  0.323564E+001
  0.123642E+001  0.324545E+001
  0.123839E+001  0.325526E+001
  0.124038E+001  0.326506E+001
  0.124241E+001  0.327485E+001
  0.124446E+001  0.328464E+001
  0.124654E+001  0.329442E+001
  0.124865E+001  0.330419E+001
  0.125078E+001  0.331396E+001
  0.125294E+001  0.332373E+001
  0.125512E+001  0.333349E+001
  0.125733E+001  0.334324E+001
  0.125956E+001  0.335299E+001
  0.126182E+001  0.336273E+001
  0.126409E+001  0.337247E+001
  0.126639E+001  0.338220E+001
  0.126871E+001  0.339193E+001
  0.127105E+001  0.340165E+001
  0.127340E+001  0.341137E+001
  0.127578E+001  0.342108E+001
  0.127817E+001  0.343079E+001
  0.128057E+001  0.344050E+001
  0.128299E+001  0.345020E+001
  0.128543E+001  0.345990E+001
  0.128788E+001  0.346960E+001
  0.129034E+001  0.347929E+001
  0.129281E+001  0.348898E+001
  0.129530E+001  0.349866E+001
  0.129779E+001  0.350835E+001
  0.130029E+001  0.351803E+001
  0.130280E+001  0.352771E+001
  0.130532E+001  0.353739E+001
  0.130784E+001  0.354706E+001
  0.131037E+001  0.355674E+001
  0.131291E+001  0.356641E+001
  0.131545E+001  0.357608E+001
  0.131799E+001  0.358576E+001
  0.132054E+001  0.359543E+001
  0.132309E+001  0.360509E+001
  0.132565E+001  0.361476E+001
  0.132820E+001  0.362443E+001
  0.133076E+001  0.363410E+001
  0.133332E+001  0.364377E+001
  0.133588E+001  0.365343E+001
  0.133844E+001  0.366310E+001
  0.134099E+001  0.367277E+001
  0.134355E+001  0.368243E+001
  0.134611E+001  0.369210E+001
  0.134867E+001  0.370177E+001
  0.135122E+001  0.371144E+001
  0.135377E+001  0.372111E+001
  0.135633E+001  0.373077E+001
  0.135887E+001  0.374044E+001
  0.136142E+001  0.375011E+001
  0.136396E+001  0.375979E+001
  0.136650E+001  0.376946E+001
  0.136904E+001  0.377913E+001
  0.137157E+001  0.378880E+001
  0.137410E+001  0.379848E+001
  0.137663E+001  0.380815E+001
  0.137915E+001  0.381783E+001
  0.138167E+001  0.382751E+001
  0.138419E+001  0.383719E+001
  0.138669E+001  0.384687E+001
  0.138920E+001  0.385655E+001
  0.139170E+001  0.386623E+001
  0.139420E+001  0.387592E+001
  0.139669E+001  0.388560E+001
  0.139917E+001  0.389529E+001
  0.140165E+001  0.390497E+001
  0.140413E+001  0.391466E+001
  0.140660E+001  0.392435E+001
  0.140906E+001  0.393404E+001
  0.141152E+001  0.394374E+001
  0.141398E+001  0.395343E+001
  0.141642E+001  0.396313E+001
  0.141887E+001  0.397282E+001
  0.142130E+001  0.398252E+001
  0.142373E+001  0.399222E+001
  0.142616E+001  0.400192E+001
  0.142858E+001  0.401163E+001
  0.143099E+001  0.402133E+001
  0.143340E+001  0.403104E+001
  0.143580E+001  0.404074E+001
  0.143820E+001  0.405045E+001
  0.144059E+001  0.406016E+001
  0.144297E+001  0.406988E+001
  0.144535E+001  0.407959E+001
  0.144772E+001  0.408930E+001
  0.145009E+001  0.409902E+001
  0.145245E+001  0.410874E+001
  0.145480E+001  0.411846E+001
  0.145714E+001  0.412818E+001
  0.145948E+001  0.413790E+001
  0.146182E+001  0.414762E+001
  0.146415E+001  0.415735E+001
  0.146647E+001  0.416708E+001
  0.146878E+001  0.417680E+001
  0.147109E+001  0.418653E+001
  0.147339E+001  0.419627E+001
  0.147569E+001  0.420600E+001
  0.147798E+001  0.421573E+001
  0.148026E+001  0.422547E+001
  0.148254E+001  0.423521E+001
  0.148481E+001  0.424495E+001
  0.148707E+001  0.425469E+001
  0.148932E+001  0.426443E+001
  0.149157E+001  0.427417E+001
  0.149382E+001  0.428392E+001
  0.149606E+001  0.429366E+001
  0.149829E+001  0.430341E+001
  0.150051E+001  0.431316E+001
  0.150273E+001  0.432291E+001
  0.150494E+001  0.433266E+001
  0.150714E+001  0.434242E+001
  0.150934E+001  0.435217E+001
  0.151153E+001  0.436193E+001
  0.151372E+001  0.437169E+001
  0.151589E+001  0.438145E+001
  0.151807E+001  0.439121E+001
  0.152023E+001  0.440097E+001
  0.152239E+001  0.441074E+001
  0.152454E+001  0.442050E+001
  0.152668E+001  0.443027E+001
  0.152882E+001  0.444004E+001
  0.153096E+001  0.444981E+001
  0.153308E+001  0.445958E+001
  0.153520E+001  0.446935E+001
  0.153731E+001  0.447913E+001
  0.153942E+001  0.448890E+001
  0.154152E+001  0.449868E+001
  0.154361E+001  0.450846E+001
  0.154570E+001  0.451824E+001
  0.154778E+001  0.452802E+001
  0.154985E+001  0.453780E+001
  0.155192E+001  0.454759E+001
  0.155398E+001  0.455737E+001
  0.155603E+001  0.456716E+001
  0.155808E+001  0.457695E+001
  0.156012E+001  0.458674E+001
  0.156215E+001  0.459653E+001
  0.156418E+001  0.460632E+001
  0.156620E+001  0.461611E+001
  0.156822E+001  0.462591E+001
  0.157023E+001  0.463571E+001
  0.157223E+001  0.464550E+001
  0.157423E+001  0.465530E+001
  0.157622E+001  0.466510E+001
  0.157820E+001  0.467490E+001
  0.158018E+001  0.468470E+001
  0.158215E+001  0.469451E+001
  0.158412E+001  0.470431E+001
  0.158608E+001  0.471412E+001
  0.158803E+001  0.472393E+001
  0.158998E+001  0.473374E+001
  0.159192E+001  0.474354E+001
  0.159386E+001  0.475336E+001
  0.159579E+001  0.476317E+001
  0.159771E+001  0.477298E+001
  0.159963E+001  0.478280E+001
  0.160154E+001  0.479261E+001
  0.160344E+001  0.480243E+001
  0.160534E+001  0.481225E+001
  0.160724E+001  0.482207E+001
  0.160913E+001  0.483189E+001
  0.161101E+001  0.484171E+001
  0.161288E+001  0.485153E+001
  0.161475E+001  0.486135E+001
  0.161662E+001  0.487118E+001
  0.161848E+001  0.488100E+001
  0.162033E+001  0.489083E+001
  0.162218E+001  0.490066E+001
  0.162402E+001  0.491049E+001
  0.162586E+001  0.492032E+001
  0.162769E+001  0.493015E+001
  0.162952E+001  0.493998E+001
  0.163134E+001  0.494981E+001
  0.163316E+001  0.495964E+001
  0.163497E+001  0.496948E+001
  0.163677E+001  0.497931E+001
  0.163857E+001  0.498915E+001
  0.164037E+001  0.499899E+001
  0.164216E+001  0.500883E+001
  0.164394E+001  0.501867E+001
  0.164572E+001  0.502851E+001
  0.164749E+001  0.503835E+001
  0.164926E+001  0.504819E+001
  0.165103E+001  0.505803E+001
  0.165279E+001  0.506788E+001
  0.165454E+001  0.507772E+001
  0.165629E+001  0.508757E+001
  0.165804E+001  0.509742E+001
  0.165978E+001  0.510726E+001
  0.166151E+001  0.511711E+001
  0.166324E+001  0.512696E+001
  0.166497E+001  0.513681E+001
  0.166669E+001  0.514666E+001
  0.166841E+001  0.515651E+001
  0.167012E+001  0.516636E+001
  0.167183E+001  0.517622E+001
  0.167353E+001  0.518607E+001
  0.167523E+001  0.519593E+001
  0.167692E+001  0.520578E+001
  0.167862E+001  0.521564E+001
  0.168030E+001  0.522549E+001
  0.168198E+001  0.523535E+001
  0.168366E+001  0.524521E+001
  0.168533E+001  0.525507E+001
  0.168700E+001  0.526493E+001
  0.168867E+001  0.527479E+001
  0.169033E+001  0.528465E+001
  0.169199E+001  0.529451E+001
  0.169364E+001  0.530437E+001
  0.169529E+001  0.531424E+001
  0.169693E+001  0.532410E+001
  0.169858E+001  0.533397E+001
  0.170021E+001  0.534383E+001
  0.170185E+001  0.535370E+001
  0.170348E+001  0.536356E+001
  0.170510E+001  0.537343E+001
  0.170673E+001  0.538330E+001
  0.170835E+001  0.539317E+001
  0.170996E+001  0.540303E+001
  0.171157E+001  0.541290E+001
  0.171318E+001  0.542277E+001
  0.171478E+001  0.543264E+001
  0.171639E+001  0.544251E+001
  0.171798E+001  0.545239E+001
  0.171958E+001  0.546226E+001
  0.172117E+001  0.547213E+001
  0.172276E+001  0.548200E+001
  0.172434E+001  0.549188E+001
  0.172592E+001  0.550175E+001
  0.172750E+001  0.551163E+001
  0.172907E+001  0.552150E+001
  0.173064E+001  0.553138E+001
  0.173221E+001  0.554125E+001
  0.173378E+001  0.555113E+001
  0.173534E+001  0.556101E+001
  0.173690E+001  0.557089E+001
  0.173845E+001  0.558076E+001
  0.174000E+001  0.559064E+001
  0.174155E+001  0.560052E+001
  0.174310E+001  0.561040E+001
  0.174464E+001  0.562028E+001
  0.174618E+001  0.563016E+001
  0.174772E+001  0.564004E+001
  0.174925E+001  0.564993E+001
  0.175079E+001  0.565981E+001
  0.175232E+001  0.566969E+001
  0.175384E+001  0.567957E+001
  0.175536E+001  0.568946E+001
  0.175689E+001  0.569934E+001
  0.175840E+001  0.570922E+001
  0.175992E+001  0.571911E+001
  0.176143E+001  0.572899E+001
  0.176294E+001  0.573888E+001
  0.176445E+001  0.574877E+001
  0.176595E+001  0.575865E+001
  0.176745E+001  0.576854E+001
  0.176895E+001  0.577842E+001
  0.177045E+001  0.578831E+001
  0.177194E+001  0.579820E+001
  0.177343E+001  0.580809E+001
  0.177492E+001  0.581798E+001
  0.177641E+001  0.582787E+001
  0.177789E+001  0.583776E+001
  0.177937E+001  0.584764E+001
  0.178085E+001  0.585754E+001
  0.178233E+001  0.586743E+001
  0.178380E+001  0.587732E+001
  0.178527E+001  0.588721E+001
  0.178674E+001  0.589710E+001
  0.178821E+001  0.590699E+001
  0.178967E+001  0.591688E+001
  0.179113E+001  0.592678E+001
  0.179259E+001  0.593667E+001
  0.179405E+001  0.594656E+001
  0.179550E+001  0.595646E+001
  0.179696E+001  0.596635E+001
  0.179841E+001  0.597624E+001
  0.179985E+001  0.598614E+001
  0.180130E+001  0.599603E+001
  0.180274E+001  0.600593E+001
  0.180418E+001  0.601582E+001
  0.180562E+001  0.602572E+001
  0.180706E+001  0.603562E+001
  0.180849E+001  0.604551E+001
  0.180993E+001  0.605541E+001
  0.181136E+001  0.606531E+001
  0.181278E+001  0.607520E+001
  0.181421E+001  0.608510E+001
  0.181563E+001  0.609500E+001
  0.181705E+001  0.610490E+001
  0.181847E+001  0.611480E+001
  0.181989E+001  0.612470E+001
  0.182131E+001  0.613460E+001
  0.182272E+001  0.614450E+001
  0.182413E+001  0.615440E+001
  0.182554E+001  0.616430E+001
  0.182694E+001  0.617420E+001
  0.182835E+001  0.618410E+001
  0.182975E+001  0.619400E+001
  0.183115E+001  0.620390E+001
  0.183255E+001  0.621380E+001
  0.183394E+001  0.622370E+001
  0.183534E+001  0.623361E+001
  0.183673E+001  0.624351E+001
  0.183812E+001  0.625341E+001
  0.183951E+001  0.626332E+001
  0.184089E+001  0.627322E+001
  0.184228E+001  0.628312E+001
  0.184366E+001  0.629303E+001
  0.184504E+001  0.630293E+001
  0.184642E+001  0.631284E+001
  0.184779E+001  0.632274E+001
  0.184917E+001  0.633265E+001
  0.185054E+001  0.634255E+001
  0.185191E+001  0.635246E+001
  0.185328E+001  0.636236E+001
  0.185464E+001  0.637227E+001
  0.185600E+001  0.638218E+001
  0.185737E+001  0.639208E+001
  0.185873E+001  0.640199E+001
  0.186008E+001  0.641190E+001
  0.186144E+001  0.642181E+001
  0.186279E+001  0.643171E+001
  0.186415E+001  0.644162E+001
  0.186550E+001  0.645153E+001
  0.186684E+001  0.646144E+001
  0.186819E+001  0.647135E+001
  0.186953E+001  0.648126E+001
  0.187088E+001  0.649117E+001
  0.187222E+001  0.650108E+001
  0.187356E+001  0.651099E+001
  0.187489E+001  0.652090E+001
  0.187623E+001  0.653081E+001
  0.187756E+001  0.654072E+001
  0.187889E+001  0.655063E+001
  0.188022E+001  0.656054E+001
  0.188155E+001  0.657045E+001
  0.188287E+001  0.658036E+001
  0.188419E+001  0.659028E+001
  0.188552E+001  0.660019E+001
  0.188683E+001  0.661010E+001
  0.188815E+001  0.662001E+001
  0.188947E+001  0.662993E+001
  0.189078E+001  0.663984E+001
  0.189209E+001  0.664975E+001
  0.189340E+001  0.665967E+001
  0.189471E+001  0.666958E+001
  0.189602E+001  0.667950E+001
  0.189732E+001  0.668941E+001
  0.189862E+001  0.669933E+001
  0.189993E+001  0.670924E+001
  0.190122E+001  0.671916E+001
  0.190252E+001  0.672907E+001
  0.190382E+001  0.673899E+001
  0.190511E+001  0.674890E+001
  0.190640E+001  0.675882E+001
  0.190769E+001  0.676874E+001
  0.190898E+001  0.677865E+001
  0.191026E+001  0.678857E+001
  0.191155E+001  0.679849E+001
  0.191283E+001  0.680840E+001
  0.191411E+001  0.681832E+001
  0.191539E+001  0.682824E+001
  0.191667E+001  0.683816E+001
  0.191794E+001  0.684808E+001
  0.191921E+001  0.685799E+001
  0.192048E+001  0.686791E+001
  0.192175E+001  0.687783E+001
  0.192302E+001  0.688775E+001
  0.192429E+001  0.689767E+001
  0.192555E+001  0.690759E+001
  0.192681E+001  0.691751E+001
  0.192807E+001  0.692743E+001
  0.192933E+001  0.693735E+001
  0.193059E+001  0.694727E+001
  0.193185E+001  0.695719E+001
  0.193310E+001  0.696711E+001
  0.193435E+001  0.697704E+001
  0.193560E+001  0.698696E+001
  0.193685E+001  0.699688E+001
  0.193809E+001  0.700680E+001
  0.193934E+001  0.701672E+001
  0.194058E+001  0.702665E+001
  0.194182E+001  0.703657E+001
  0.194306E+001  0.704649E+001
  0.194430E+001  0.705642E+001
  0.194553E+001  0.706634E+001
  0.194677E+001  0.707626E+001
  0.194800E+001  0.708619E+001
  0.194923E+001  0.709611E+001
  0.195046E+001  0.710603E+001
  0.195169E+001  0.711596E+001
  0.195291E+001  0.712588E+001
  0.195414E+001  0.713581E+001
  0.195536E+001  0.714573E+001
  0.195658E+001  0.715566E+001
  0.195780E+001  0.716558E+001
  0.195901E+001  0.717551E+001
  0.196023E+001  0.718544E+001
  0.196144E+001  0.719536E+001
  0.196265E+001  0.720529E+001
  0.196386E+001  0.721521E+001
  0.196507E+001  0.722514E+001
  0.196628E+001  0.723507E+001
  0.196748E+001  0.724500E+001
  0.196869E+001  0.725492E+001
  0.196989E+001  0.726485E+001
  0.197109E+001  0.727478E+001
  0.197229E+001  0.728471E+001
  0.197349E+001  0.729463E+001
  0.197468E+001  0.730456E+001
  0.197587E+001  0.731449E+001
  0.197707E+001  0.732442E+001
  0.197826E+001  0.733435E+001
  0.197945E+001  0.734428E+001
  0.198063E+001  0.735421E+001
  0.198182E+001  0.736414E+001
  0.198300E+001  0.737407E+001
  0.198418E+001  0.738400E+001
  0.198536E+001  0.739393E+001
  0.198654E+001  0.740386E+001
  0.198772E+001  0.741379E+001
  0.198890E+001  0.742372E+001
  0.199007E+001  0.743365E+001
  0.199124E+001  0.744358E+001
  0.199242E+001  0.745351E+001
  0.199359E+001  0.746344E+001
  0.199475E+001  0.747337E+001
  0.199592E+001  0.748330E+001
  0.199709E+001  0.749324E+001
  0.199825E+001  0.750317E+001
  0.199941E+001  0.751310E+001
  0.200057E+001  0.752303E+001
