  0.698454E+000  0.466788E-001
  0.698810E+000  0.566724E-001
  0.699231E+000  0.666636E-001
  0.699713E+000  0.766520E-001
  0.700255E+000  0.866373E-001
  0.700853E+000  0.966193E-001
  0.701506E+000  0.106598E+000
  0.702210E+000  0.116573E+000
  0.702963E+000  0.126545E+000
  0.703762E+000  0.136513E+000
  0.704604E+000  0.146477E+000
  0.705487E+000  0.156438E+000
  0.706409E+000  0.166396E+000
  0.707366E+000  0.176350E+000
  0.708357E+000  0.186301E+000
  0.709381E+000  0.196248E+000
  0.710434E+000  0.206192E+000
  0.711515E+000  0.216134E+000
  0.712623E+000  0.226072E+000
  0.713756E+000  0.236008E+000
  0.714912E+000  0.245941E+000
  0.716090E+000  0.255871E+000
  0.717288E+000  0.265799E+000
  0.718507E+000  0.275725E+000
  0.719744E+000  0.285648E+000
  0.720998E+000  0.295569E+000
  0.722270E+000  0.305488E+000
  0.723557E+000  0.315405E+000
  0.724859E+000  0.325319E+000
  0.726175E+000  0.335232E+000
  0.727505E+000  0.345144E+000
  0.728848E+000  0.355053E+000
  0.730203E+000  0.364961E+000
  0.731570E+000  0.374867E+000
  0.732949E+000  0.384771E+000
  0.734339E+000  0.394674E+000
  0.735739E+000  0.404576E+000
  0.737149E+000  0.414476E+000
  0.738570E+000  0.424374E+000
  0.740000E+000  0.434272E+000
  0.741439E+000  0.444167E+000
  0.742887E+000  0.454062E+000
  0.744345E+000  0.463955E+000
  0.745810E+000  0.473847E+000
  0.747284E+000  0.483738E+000
  0.748767E+000  0.493628E+000
  0.750257E+000  0.503516E+000
  0.751755E+000  0.513403E+000
  0.753262E+000  0.523289E+000
  0.754776E+000  0.533174E+000
  0.756297E+000  0.543057E+000
  0.757827E+000  0.552940E+000
  0.759364E+000  0.562821E+000
  0.760908E+000  0.572701E+000
  0.762460E+000  0.582580E+000
  0.764020E+000  0.592457E+000
  0.765588E+000  0.602333E+000
  0.767164E+000  0.612209E+000
  0.768747E+000  0.622082E+000
  0.770339E+000  0.631955E+000
  0.771939E+000  0.641826E+000
  0.773548E+000  0.651696E+000
  0.775165E+000  0.661564E+000
  0.776792E+000  0.671431E+000
  0.778428E+000  0.681296E+000
  0.780074E+000  0.691160E+000
  0.781731E+000  0.701021E+000
  0.783400E+000  0.710881E+000
  0.785080E+000  0.720739E+000
  0.786773E+000  0.730595E+000
  0.788481E+000  0.740448E+000
  0.790204E+000  0.750298E+000
  0.791944E+000  0.760146E+000
  0.793703E+000  0.769990E+000
  0.795484E+000  0.779830E+000
  0.797288E+000  0.789666E+000
  0.799121E+000  0.799496E+000
  0.800987E+000  0.809321E+000
  0.802890E+000  0.819138E+000
  0.804839E+000  0.828946E+000
  0.806843E+000  0.838744E+000
  0.808913E+000  0.848527E+000
  0.811066E+000  0.858292E+000
  0.813321E+000  0.868035E+000
  0.815704E+000  0.877747E+000
  0.818248E+000  0.887418E+000
  0.820993E+000  0.897034E+000
  0.823984E+000  0.906576E+000
  0.827267E+000  0.916022E+000
  0.830879E+000  0.925346E+000
  0.834837E+000  0.934530E+000
  0.839134E+000  0.943560E+000
  0.843737E+000  0.952437E+000
  0.848599E+000  0.961175E+000
  0.853673E+000  0.969792E+000
  0.858914E+000  0.978309E+000
  0.864283E+000  0.986746E+000
  0.869751E+000  0.995118E+000
  0.875295E+000  0.100344E+001
  0.880897E+000  0.101172E+001
  0.886543E+000  0.101998E+001
  0.892222E+000  0.102821E+001
  0.897925E+000  0.103642E+001
  0.903646E+000  0.104463E+001
  0.909379E+000  0.105282E+001
  0.915118E+000  0.106101E+001
  0.920860E+000  0.106919E+001
  0.926601E+000  0.107738E+001
  0.932338E+000  0.108557E+001
  0.938067E+000  0.109377E+001
  0.943786E+000  0.110197E+001
  0.949492E+000  0.111019E+001
  0.955182E+000  0.111841E+001
  0.960853E+000  0.112665E+001
  0.966503E+000  0.113490E+001
  0.972129E+000  0.114316E+001
  0.977727E+000  0.115145E+001
  0.983295E+000  0.115976E+001
  0.988829E+000  0.116809E+001
  0.994325E+000  0.117644E+001
  0.999781E+000  0.118482E+001
  0.100519E+001  0.119323E+001
  0.101055E+001  0.120167E+001
  0.101586E+001  0.121015E+001
  0.102110E+001  0.121866E+001
  0.102628E+001  0.122722E+001
  0.103139E+001  0.123582E+001
  0.103642E+001  0.124446E+001
  0.104136E+001  0.125315E+001
  0.104621E+001  0.126190E+001
  0.105096E+001  0.127070E+001
  0.105560E+001  0.127955E+001
  0.106013E+001  0.128847E+001
  0.106453E+001  0.129745E+001
  0.106879E+001  0.130650E+001
  0.107292E+001  0.131561E+001
  0.107689E+001  0.132478E+001
  0.108071E+001  0.133402E+001
  0.108437E+001  0.134333E+001
  0.108787E+001  0.135270E+001
  0.109119E+001  0.136213E+001
  0.109436E+001  0.137162E+001
  0.109735E+001  0.138116E+001
  0.110018E+001  0.139075E+001
  0.110285E+001  0.140039E+001
  0.110536E+001  0.141006E+001
  0.110773E+001  0.141978E+001
  0.110995E+001  0.142953E+001
  0.111204E+001  0.143931E+001
  0.111401E+001  0.144912E+001
  0.111585E+001  0.145894E+001
  0.111759E+001  0.146879E+001
  0.111923E+001  0.147866E+001
  0.112077E+001  0.148854E+001
  0.112223E+001  0.149843E+001
  0.112360E+001  0.150833E+001
  0.112491E+001  0.151825E+001
  0.112614E+001  0.152817E+001
  0.112732E+001  0.153810E+001
  0.112844E+001  0.154804E+001
  0.112951E+001  0.155798E+001
  0.113053E+001  0.156793E+001
  0.113151E+001  0.157788E+001
  0.113245E+001  0.158784E+001
  0.113335E+001  0.159780E+001
  0.113423E+001  0.160776E+001
  0.113507E+001  0.161772E+001
  0.113588E+001  0.162769E+001
  0.113667E+001  0.163766E+001
  0.113743E+001  0.164763E+001
  0.113818E+001  0.165760E+001
  0.113890E+001  0.166758E+001
  0.113961E+001  0.167755E+001
  0.114031E+001  0.168753E+001
  0.114098E+001  0.169750E+001
  0.114165E+001  0.170748E+001
  0.114230E+001  0.171746E+001
  0.114294E+001  0.172744E+001
  0.114358E+001  0.173742E+001
  0.114420E+001  0.174740E+001
  0.114482E+001  0.175738E+001
  0.114543E+001  0.176736E+001
  0.114603E+001  0.177734E+001
  0.114663E+001  0.178733E+001
  0.114722E+001  0.179731E+001
  0.114781E+001  0.180729E+001
  0.114840E+001  0.181727E+001
  0.114898E+001  0.182726E+001
  0.114957E+001  0.183724E+001
  0.115015E+001  0.184722E+001
  0.115073E+001  0.185721E+001
  0.115131E+001  0.186719E+001
  0.115189E+001  0.187717E+001
  0.115247E+001  0.188716E+001
  0.115305E+001  0.189714E+001
  0.115363E+001  0.190712E+001
  0.115422E+001  0.191710E+001
  0.115480E+001  0.192709E+001
  0.115539E+001  0.193707E+001
  0.115598E+001  0.194705E+001
  0.115658E+001  0.195703E+001
  0.115718E+001  0.196702E+001
  0.115779E+001  0.197700E+001
  0.115839E+001  0.198698E+001
  0.115901E+001  0.199696E+001
  0.115963E+001  0.200694E+001
  0.116025E+001  0.201692E+001
  0.116088E+001  0.202690E+001
  0.116152E+001  0.203688E+001
  0.116217E+001  0.204686E+001
  0.116282E+001  0.205684E+001
  0.116348E+001  0.206682E+001
  0.116415E+001  0.207680E+001
  0.116483E+001  0.208677E+001
  0.116551E+001  0.209675E+001
  0.116621E+001  0.210672E+001
  0.116691E+001  0.211670E+001
  0.116762E+001  0.212667E+001
  0.116835E+001  0.213665E+001
  0.116909E+001  0.214662E+001
  0.116983E+001  0.215659E+001
  0.117059E+001  0.216656E+001
  0.117137E+001  0.217653E+001
  0.117215E+001  0.218650E+001
  0.117295E+001  0.219647E+001
  0.117376E+001  0.220644E+001
  0.117459E+001  0.221640E+001
  0.117543E+001  0.222637E+001
  0.117629E+001  0.223633E+001
  0.117716E+001  0.224629E+001
  0.117805E+001  0.225625E+001
  0.117895E+001  0.226621E+001
  0.117988E+001  0.227617E+001
  0.118082E+001  0.228613E+001
  0.118178E+001  0.229608E+001
  0.118276E+001  0.230603E+001
  0.118376E+001  0.231598E+001
  0.118478E+001  0.232593E+001
  0.118583E+001  0.233587E+001
  0.118689E+001  0.234582E+001
  0.118798E+001  0.235576E+001
  0.118909E+001  0.236570E+001
  0.119022E+001  0.237563E+001
  0.119138E+001  0.238557E+001
  0.119256E+001  0.239549E+001
  0.119377E+001  0.240542E+001
  0.119500E+001  0.241535E+001
  0.119626E+001  0.242527E+001
  0.119755E+001  0.243518E+001
  0.119886E+001  0.244510E+001
  0.120021E+001  0.245500E+001
  0.120158E+001  0.246491E+001
  0.120298E+001  0.247481E+001
  0.120441E+001  0.248471E+001
  0.120587E+001  0.249460E+001
  0.120736E+001  0.250449E+001
  0.120889E+001  0.251437E+001
  0.121044E+001  0.252425E+001
  0.121202E+001  0.253413E+001
  0.121363E+001  0.254399E+001
  0.121528E+001  0.255386E+001
  0.121696E+001  0.256372E+001
  0.121866E+001  0.257357E+001
  0.122040E+001  0.258342E+001
  0.122217E+001  0.259326E+001
  0.122397E+001  0.260310E+001
  0.122580E+001  0.261293E+001
  0.122766E+001  0.262275E+001
  0.122956E+001  0.263257E+001
  0.123148E+001  0.264239E+001
  0.123343E+001  0.265219E+001
  0.123541E+001  0.266199E+001
  0.123742E+001  0.267179E+001
  0.123946E+001  0.268158E+001
  0.124153E+001  0.269136E+001
  0.124363E+001  0.270114E+001
  0.124575E+001  0.271091E+001
  0.124790E+001  0.272068E+001
  0.125008E+001  0.273044E+001
  0.125228E+001  0.274019E+001
  0.125451E+001  0.274994E+001
  0.125677E+001  0.275969E+001
  0.125905E+001  0.276942E+001
  0.126135E+001  0.277915E+001
  0.126368E+001  0.278888E+001
  0.126603E+001  0.279860E+001
  0.126841E+001  0.280831E+001
  0.127081E+001  0.281802E+001
  0.127323E+001  0.282772E+001
  0.127567E+001  0.283742E+001
  0.127813E+001  0.284711E+001
  0.128062E+001  0.285680E+001
  0.128313E+001  0.286648E+001
  0.128565E+001  0.287615E+001
  0.128820E+001  0.288582E+001
  0.129077E+001  0.289549E+001
  0.129336E+001  0.290515E+001
  0.129596E+001  0.291480E+001
  0.129859E+001  0.292445E+001
  0.130123E+001  0.293409E+001
  0.130389E+001  0.294373E+001
  0.130657E+001  0.295337E+001
  0.130927E+001  0.296300E+001
  0.131199E+001  0.297262E+001
  0.131472E+001  0.298224E+001
  0.131747E+001  0.299185E+001
  0.132024E+001  0.300146E+001
  0.132303E+001  0.301107E+001
  0.132583E+001  0.302067E+001
  0.132864E+001  0.303026E+001
  0.133148E+001  0.303985E+001
  0.133433E+001  0.304944E+001
  0.133719E+001  0.305902E+001
  0.134007E+001  0.306860E+001
  0.134297E+001  0.307817E+001
  0.134588E+001  0.308773E+001
  0.134880E+001  0.309730E+001
  0.135175E+001  0.310685E+001
  0.135470E+001  0.311641E+001
  0.135767E+001  0.312596E+001
  0.136065E+001  0.313550E+001
  0.136365E+001  0.314504E+001
  0.136666E+001  0.315458E+001
  0.136969E+001  0.316411E+001
  0.137273E+001  0.317363E+001
  0.137578E+001  0.318316E+001
  0.137885E+001  0.319268E+001
  0.138193E+001  0.320219E+001
  0.138502E+001  0.321170E+001
  0.138812E+001  0.322121E+001
  0.139124E+001  0.323071E+001
  0.139437E+001  0.324020E+001
  0.139751E+001  0.324970E+001
  0.140067E+001  0.325919E+001
  0.140383E+001  0.326867E+001
  0.140701E+001  0.327816E+001
  0.141020E+001  0.328763E+001
  0.141340E+001  0.329711E+001
  0.141661E+001  0.330658E+001
  0.141983E+001  0.331605E+001
  0.142306E+001  0.332551E+001
  0.142631E+001  0.333497E+001
  0.142956E+001  0.334442E+001
  0.143282E+001  0.335388E+001
  0.143609E+001  0.336333E+001
  0.143938E+001  0.337277E+001
  0.144267E+001  0.338221E+001
  0.144597E+001  0.339165E+001
  0.144928E+001  0.340109E+001
  0.145260E+001  0.341052E+001
  0.145593E+001  0.341995E+001
  0.145926E+001  0.342938E+001
  0.146261E+001  0.343881E+001
  0.146596E+001  0.344823E+001
  0.146932E+001  0.345765E+001
  0.147268E+001  0.346706E+001
  0.147605E+001  0.347648E+001
  0.147943E+001  0.348589E+001
  0.148282E+001  0.349530E+001
  0.148621E+001  0.350470E+001
  0.148961E+001  0.351411E+001
  0.149301E+001  0.352351E+001
  0.149642E+001  0.353291E+001
  0.149983E+001  0.354231E+001
  0.150325E+001  0.355171E+001
  0.150668E+001  0.356111E+001
  0.151010E+001  0.357050E+001
  0.151353E+001  0.357989E+001
  0.151697E+001  0.358929E+001
  0.152040E+001  0.359868E+001
  0.152385E+001  0.360807E+001
  0.152729E+001  0.361746E+001
  0.153073E+001  0.362684E+001
  0.153418E+001  0.363623E+001
  0.153763E+001  0.364562E+001
  0.154108E+001  0.365500E+001
  0.154453E+001  0.366439E+001
  0.154798E+001  0.367378E+001
  0.155143E+001  0.368316E+001
  0.155488E+001  0.369255E+001
  0.155833E+001  0.370193E+001
  0.156177E+001  0.371132E+001
  0.156522E+001  0.372071E+001
  0.156867E+001  0.373010E+001
  0.157211E+001  0.373948E+001
  0.157555E+001  0.374887E+001
  0.157898E+001  0.375827E+001
  0.158242E+001  0.376766E+001
  0.158585E+001  0.377705E+001
  0.158927E+001  0.378645E+001
  0.159269E+001  0.379584E+001
  0.159610E+001  0.380524E+001
  0.159951E+001  0.381464E+001
  0.160292E+001  0.382405E+001
  0.160631E+001  0.383345E+001
  0.160970E+001  0.384286E+001
  0.161308E+001  0.385227E+001
  0.161645E+001  0.386169E+001
  0.161982E+001  0.387110E+001
  0.162317E+001  0.388053E+001
  0.162652E+001  0.388995E+001
  0.162985E+001  0.389938E+001
  0.163317E+001  0.390881E+001
  0.163649E+001  0.391824E+001
  0.163979E+001  0.392768E+001
  0.164308E+001  0.393713E+001
  0.164635E+001  0.394657E+001
  0.164962E+001  0.395603E+001
  0.165287E+001  0.396548E+001
  0.165610E+001  0.397495E+001
  0.165932E+001  0.398441E+001
  0.166253E+001  0.399389E+001
  0.166572E+001  0.400336E+001
  0.166889E+001  0.401285E+001
  0.167205E+001  0.402233E+001
  0.167519E+001  0.403183E+001
  0.167832E+001  0.404133E+001
  0.168142E+001  0.405083E+001
  0.168451E+001  0.406034E+001
  0.168758E+001  0.406986E+001
  0.169063E+001  0.407939E+001
  0.169366E+001  0.408892E+001
  0.169667E+001  0.409845E+001
  0.169966E+001  0.410799E+001
  0.170263E+001  0.411754E+001
  0.170559E+001  0.412710E+001
  0.170852E+001  0.413666E+001
  0.171143E+001  0.414622E+001
  0.171432E+001  0.415580E+001
  0.171718E+001  0.416538E+001
  0.172003E+001  0.417496E+001
  0.172286E+001  0.418456E+001
  0.172566E+001  0.419415E+001
  0.172845E+001  0.420376E+001
  0.173121E+001  0.421337E+001
  0.173395E+001  0.422299E+001
  0.173668E+001  0.423261E+001
  0.173938E+001  0.424224E+001
  0.174206E+001  0.425187E+001
  0.174472E+001  0.426151E+001
  0.174736E+001  0.427116E+001
  0.174998E+001  0.428081E+001
  0.175258E+001  0.429046E+001
  0.175516E+001  0.430012E+001
  0.175772E+001  0.430979E+001
  0.176027E+001  0.431946E+001
  0.176280E+001  0.432913E+001
  0.176530E+001  0.433881E+001
  0.176780E+001  0.434850E+001
  0.177027E+001  0.435819E+001
  0.177273E+001  0.436788E+001
  0.177517E+001  0.437758E+001
  0.177760E+001  0.438728E+001
  0.178001E+001  0.439699E+001
  0.178240E+001  0.440669E+001
  0.178479E+001  0.441641E+001
  0.178715E+001  0.442612E+001
  0.178951E+001  0.443584E+001
  0.179185E+001  0.444556E+001
  0.179418E+001  0.445529E+001
  0.179650E+001  0.446501E+001
  0.179881E+001  0.447475E+001
  0.180110E+001  0.448448E+001
  0.180338E+001  0.449421E+001
  0.180566E+001  0.450395E+001
  0.180792E+001  0.451369E+001
  0.181018E+001  0.452343E+001
  0.181242E+001  0.453318E+001
  0.181466E+001  0.454293E+001
  0.181689E+001  0.455267E+001
  0.181911E+001  0.456242E+001
  0.182132E+001  0.457218E+001
  0.182353E+001  0.458193E+001
  0.182573E+001  0.459168E+001
  0.182792E+001  0.460144E+001
  0.183011E+001  0.461120E+001
  0.183229E+001  0.462096E+001
  0.183447E+001  0.463072E+001
  0.183664E+001  0.464048E+001
  0.183880E+001  0.465024E+001
  0.184096E+001  0.466001E+001
  0.184312E+001  0.466977E+001
  0.184527E+001  0.467954E+001
  0.184742E+001  0.468930E+001
  0.184957E+001  0.469907E+001
  0.185171E+001  0.470884E+001
  0.185384E+001  0.471861E+001
  0.185598E+001  0.472838E+001
  0.185811E+001  0.473815E+001
  0.186024E+001  0.474792E+001
  0.186237E+001  0.475769E+001
  0.186449E+001  0.476746E+001
  0.186661E+001  0.477723E+001
  0.186873E+001  0.478701E+001
  0.187085E+001  0.479678E+001
  0.187297E+001  0.480655E+001
  0.187508E+001  0.481633E+001
  0.187719E+001  0.482610E+001
  0.187930E+001  0.483588E+001
  0.188141E+001  0.484565E+001
  0.188352E+001  0.485543E+001
  0.188563E+001  0.486520E+001
  0.188773E+001  0.487498E+001
  0.188984E+001  0.488475E+001
  0.189194E+001  0.489453E+001
  0.189404E+001  0.490431E+001
  0.189614E+001  0.491408E+001
  0.189824E+001  0.492386E+001
  0.190034E+001  0.493364E+001
  0.190244E+001  0.494342E+001
  0.190454E+001  0.495319E+001
  0.190664E+001  0.496297E+001
  0.190873E+001  0.497275E+001
  0.191083E+001  0.498253E+001
  0.191292E+001  0.499230E+001
  0.191501E+001  0.500208E+001
  0.191711E+001  0.501186E+001
  0.191920E+001  0.502164E+001
  0.192129E+001  0.503142E+001
  0.192338E+001  0.504120E+001
  0.192547E+001  0.505098E+001
  0.192755E+001  0.506076E+001
  0.192964E+001  0.507054E+001
  0.193173E+001  0.508032E+001
  0.193381E+001  0.509010E+001
  0.193589E+001  0.509988E+001
  0.193797E+001  0.510966E+001
  0.194005E+001  0.511944E+001
  0.194213E+001  0.512922E+001
  0.194421E+001  0.513900E+001
  0.194629E+001  0.514879E+001
  0.194836E+001  0.515857E+001
  0.195044E+001  0.516835E+001
  0.195251E+001  0.517813E+001
  0.195458E+001  0.518792E+001
  0.195665E+001  0.519770E+001
  0.195871E+001  0.520749E+001
  0.196078E+001  0.521727E+001
  0.196284E+001  0.522706E+001
  0.196490E+001  0.523684E+001
  0.196696E+001  0.524663E+001
  0.196901E+001  0.525641E+001
  0.197107E+001  0.526620E+001
  0.197312E+001  0.527599E+001
  0.197516E+001  0.528578E+001
  0.197721E+001  0.529557E+001
  0.197925E+001  0.530535E+001
  0.198129E+001  0.531514E+001
  0.198333E+001  0.532493E+001
  0.198536E+001  0.533473E+001
  0.198739E+001  0.534452E+001
  0.198942E+001  0.535431E+001
  0.199144E+001  0.536410E+001
  0.199346E+001  0.537390E+001
  0.199548E+001  0.538369E+001
  0.199749E+001  0.539349E+001
  0.199950E+001  0.540328E+001
  0.200150E+001  0.541308E+001
