  0.114279E+001  0.351854E+000
  0.114290E+001  0.361854E+000
  0.114302E+001  0.371853E+000
  0.114313E+001  0.381853E+000
  0.114325E+001  0.391852E+000
  0.114338E+001  0.401851E+000
  0.114350E+001  0.411850E+000
  0.114363E+001  0.421849E+000
  0.114376E+001  0.431849E+000
  0.114389E+001  0.441848E+000
  0.114403E+001  0.451847E+000
  0.114417E+001  0.461846E+000
  0.114431E+001  0.471845E+000
  0.114446E+001  0.481844E+000
  0.114460E+001  0.491843E+000
  0.114476E+001  0.501842E+000
  0.114491E+001  0.511840E+000
  0.114507E+001  0.521839E+000
  0.114523E+001  0.531838E+000
  0.114539E+001  0.541836E+000
  0.114556E+001  0.551835E+000
  0.114573E+001  0.561834E+000
  0.114590E+001  0.571832E+000
  0.114608E+001  0.581831E+000
  0.114626E+001  0.591829E+000
  0.114644E+001  0.601827E+000
  0.114663E+001  0.611826E+000
  0.114682E+001  0.621824E+000
  0.114701E+001  0.631822E+000
  0.114721E+001  0.641820E+000
  0.114741E+001  0.651818E+000
  0.114762E+001  0.661816E+000
  0.114783E+001  0.671813E+000
  0.114805E+001  0.681811E+000
  0.114827E+001  0.691809E+000
  0.114849E+001  0.701806E+000
  0.114872E+001  0.711804E+000
  0.114895E+001  0.721801E+000
  0.114919E+001  0.731798E+000
  0.114944E+001  0.741795E+000
  0.114969E+001  0.751792E+000
  0.114994E+001  0.761789E+000
  0.115020E+001  0.771785E+000
  0.115047E+001  0.781782E+000
  0.115075E+001  0.791778E+000
  0.115103E+001  0.801774E+000
  0.115132E+001  0.811770E+000
  0.115161E+001  0.821765E+000
  0.115192E+001  0.831761E+000
  0.115223E+001  0.841756E+000
  0.115255E+001  0.851751E+000
  0.115288E+001  0.861745E+000
  0.115322E+001  0.871739E+000
  0.115357E+001  0.881733E+000
  0.115393E+001  0.891727E+000
  0.115430E+001  0.901720E+000
  0.115468E+001  0.911713E+000
  0.115508E+001  0.921705E+000
  0.115549E+001  0.931696E+000
  0.115591E+001  0.941688E+000
  0.115635E+001  0.951678E+000
  0.115680E+001  0.961668E+000
  0.115727E+001  0.971657E+000
  0.115776E+001  0.981645E+000
  0.115827E+001  0.991632E+000
  0.115880E+001  0.100162E+001
  0.115935E+001  0.101160E+001
  0.115992E+001  0.102159E+001
  0.116052E+001  0.103157E+001
  0.116115E+001  0.104155E+001
  0.116180E+001  0.105153E+001
  0.116249E+001  0.106150E+001
  0.116321E+001  0.107148E+001
  0.116396E+001  0.108145E+001
  0.116475E+001  0.109142E+001
  0.116559E+001  0.110138E+001
  0.116647E+001  0.111134E+001
  0.116740E+001  0.112130E+001
  0.116839E+001  0.113125E+001
  0.116943E+001  0.114120E+001
  0.117053E+001  0.115114E+001
  0.117170E+001  0.116107E+001
  0.117294E+001  0.117099E+001
  0.117427E+001  0.118090E+001
  0.117567E+001  0.119080E+001
  0.117717E+001  0.120069E+001
  0.117877E+001  0.121056E+001
  0.118048E+001  0.122041E+001
  0.118230E+001  0.123025E+001
  0.118425E+001  0.124006E+001
  0.118632E+001  0.124984E+001
  0.118853E+001  0.125959E+001
  0.119089E+001  0.126931E+001
  0.119340E+001  0.127899E+001
  0.119606E+001  0.128863E+001
  0.119888E+001  0.129822E+001
  0.120187E+001  0.130777E+001
  0.120501E+001  0.131726E+001
  0.120832E+001  0.132669E+001
  0.121180E+001  0.133607E+001
  0.121542E+001  0.134539E+001
  0.121920E+001  0.135465E+001
  0.122313E+001  0.136385E+001
  0.122719E+001  0.137298E+001
  0.123138E+001  0.138206E+001
  0.123569E+001  0.139109E+001
  0.124012E+001  0.140005E+001
  0.124465E+001  0.140897E+001
  0.124928E+001  0.141783E+001
  0.125399E+001  0.142665E+001
  0.125878E+001  0.143543E+001
  0.126365E+001  0.144417E+001
  0.126858E+001  0.145287E+001
  0.127356E+001  0.146154E+001
  0.127860E+001  0.147017E+001
  0.128369E+001  0.147878E+001
  0.128882E+001  0.148736E+001
  0.129399E+001  0.149592E+001
  0.129919E+001  0.150447E+001
  0.130442E+001  0.151299E+001
  0.130968E+001  0.152150E+001
  0.131496E+001  0.152999E+001
  0.132025E+001  0.153847E+001
  0.132556E+001  0.154694E+001
  0.133089E+001  0.155541E+001
  0.133623E+001  0.156387E+001
  0.134157E+001  0.157232E+001
  0.134693E+001  0.158076E+001
  0.135228E+001  0.158921E+001
  0.135764E+001  0.159765E+001
  0.136300E+001  0.160609E+001
  0.136836E+001  0.161454E+001
  0.137371E+001  0.162298E+001
  0.137907E+001  0.163143E+001
  0.138441E+001  0.163988E+001
  0.138975E+001  0.164834E+001
  0.139508E+001  0.165680E+001
  0.140040E+001  0.166527E+001
  0.140570E+001  0.167374E+001
  0.141099E+001  0.168223E+001
  0.141627E+001  0.169072E+001
  0.142154E+001  0.169923E+001
  0.142678E+001  0.170774E+001
  0.143201E+001  0.171627E+001
  0.143721E+001  0.172480E+001
  0.144239E+001  0.173336E+001
  0.144755E+001  0.174192E+001
  0.145269E+001  0.175050E+001
  0.145780E+001  0.175910E+001
  0.146288E+001  0.176771E+001
  0.146793E+001  0.177635E+001
  0.147294E+001  0.178500E+001
  0.147793E+001  0.179366E+001
  0.148288E+001  0.180235E+001
  0.148779E+001  0.181107E+001
  0.149266E+001  0.181980E+001
  0.149749E+001  0.182856E+001
  0.150227E+001  0.183734E+001
  0.150701E+001  0.184614E+001
  0.151169E+001  0.185498E+001
  0.151633E+001  0.186384E+001
  0.152091E+001  0.187273E+001
  0.152543E+001  0.188165E+001
  0.152990E+001  0.189060E+001
  0.153429E+001  0.189958E+001
  0.153863E+001  0.190859E+001
  0.154288E+001  0.191764E+001
  0.154707E+001  0.192672E+001
  0.155118E+001  0.193584E+001
  0.155520E+001  0.194499E+001
  0.155914E+001  0.195418E+001
  0.156299E+001  0.196341E+001
  0.156675E+001  0.197268E+001
  0.157041E+001  0.198199E+001
  0.157397E+001  0.199133E+001
  0.157742E+001  0.200071E+001
  0.158077E+001  0.201014E+001
  0.158401E+001  0.201960E+001
  0.158715E+001  0.202909E+001
  0.159017E+001  0.203863E+001
  0.159307E+001  0.204820E+001
  0.159587E+001  0.205780E+001
  0.159855E+001  0.206743E+001
  0.160112E+001  0.207709E+001
  0.160358E+001  0.208679E+001
  0.160593E+001  0.209651E+001
  0.160819E+001  0.210625E+001
  0.161034E+001  0.211602E+001
  0.161239E+001  0.212580E+001
  0.161435E+001  0.213561E+001
  0.161623E+001  0.214543E+001
  0.161802E+001  0.215527E+001
  0.161974E+001  0.216512E+001
  0.162138E+001  0.217498E+001
  0.162295E+001  0.218486E+001
  0.162446E+001  0.219475E+001
  0.162591E+001  0.220464E+001
  0.162730E+001  0.221454E+001
  0.162864E+001  0.222445E+001
  0.162994E+001  0.223437E+001
  0.163119E+001  0.224429E+001
  0.163239E+001  0.225422E+001
  0.163356E+001  0.226415E+001
  0.163470E+001  0.227408E+001
  0.163580E+001  0.228402E+001
  0.163687E+001  0.229396E+001
  0.163792E+001  0.230391E+001
  0.163893E+001  0.231386E+001
  0.163993E+001  0.232381E+001
  0.164090E+001  0.233376E+001
  0.164186E+001  0.234372E+001
  0.164279E+001  0.235367E+001
  0.164371E+001  0.236363E+001
  0.164461E+001  0.237359E+001
  0.164550E+001  0.238355E+001
  0.164637E+001  0.239351E+001
  0.164723E+001  0.240347E+001
  0.164808E+001  0.241344E+001
  0.164892E+001  0.242340E+001
  0.164975E+001  0.243337E+001
  0.165057E+001  0.244333E+001
  0.165138E+001  0.245330E+001
  0.165219E+001  0.246327E+001
  0.165298E+001  0.247324E+001
  0.165378E+001  0.248321E+001
  0.165456E+001  0.249317E+001
  0.165534E+001  0.250314E+001
  0.165612E+001  0.251311E+001
  0.165689E+001  0.252308E+001
  0.165766E+001  0.253305E+001
  0.165843E+001  0.254302E+001
  0.165919E+001  0.255300E+001
  0.165995E+001  0.256297E+001
  0.166071E+001  0.257294E+001
  0.166146E+001  0.258291E+001
  0.166222E+001  0.259288E+001
  0.166297E+001  0.260285E+001
  0.166372E+001  0.261282E+001
  0.166447E+001  0.262280E+001
  0.166522E+001  0.263277E+001
  0.166597E+001  0.264274E+001
  0.166672E+001  0.265271E+001
  0.166747E+001  0.266268E+001
  0.166822E+001  0.267266E+001
  0.166897E+001  0.268263E+001
  0.166972E+001  0.269260E+001
  0.167047E+001  0.270257E+001
  0.167123E+001  0.271254E+001
  0.167198E+001  0.272251E+001
  0.167274E+001  0.273249E+001
  0.167349E+001  0.274246E+001
  0.167425E+001  0.275243E+001
  0.167501E+001  0.276240E+001
  0.167577E+001  0.277237E+001
  0.167654E+001  0.278234E+001
  0.167731E+001  0.279231E+001
  0.167807E+001  0.280228E+001
  0.167885E+001  0.281225E+001
  0.167962E+001  0.282222E+001
  0.168040E+001  0.283219E+001
  0.168118E+001  0.284216E+001
  0.168196E+001  0.285213E+001
  0.168275E+001  0.286210E+001
  0.168353E+001  0.287207E+001
  0.168433E+001  0.288204E+001
  0.168512E+001  0.289201E+001
  0.168592E+001  0.290197E+001
  0.168672E+001  0.291194E+001
  0.168753E+001  0.292191E+001
  0.168834E+001  0.293188E+001
  0.168916E+001  0.294184E+001
  0.168997E+001  0.295181E+001
  0.169080E+001  0.296177E+001
  0.169162E+001  0.297174E+001
  0.169245E+001  0.298171E+001
  0.169329E+001  0.299167E+001
  0.169413E+001  0.300164E+001
  0.169497E+001  0.301160E+001
  0.169582E+001  0.302156E+001
  0.169668E+001  0.303153E+001
  0.169754E+001  0.304149E+001
  0.169840E+001  0.305145E+001
  0.169927E+001  0.306141E+001
  0.170015E+001  0.307138E+001
  0.170103E+001  0.308134E+001
  0.170191E+001  0.309130E+001
  0.170280E+001  0.310126E+001
  0.170370E+001  0.311122E+001
  0.170460E+001  0.312118E+001
  0.170551E+001  0.313114E+001
  0.170642E+001  0.314109E+001
  0.170734E+001  0.315105E+001
  0.170827E+001  0.316101E+001
  0.170920E+001  0.317097E+001
  0.171014E+001  0.318092E+001
  0.171108E+001  0.319088E+001
  0.171204E+001  0.320083E+001
  0.171300E+001  0.321079E+001
  0.171396E+001  0.322074E+001
  0.171493E+001  0.323069E+001
  0.171591E+001  0.324064E+001
  0.171690E+001  0.325059E+001
  0.171789E+001  0.326054E+001
  0.171889E+001  0.327049E+001
  0.171990E+001  0.328044E+001
  0.172092E+001  0.329039E+001
  0.172194E+001  0.330034E+001
  0.172298E+001  0.331029E+001
  0.172402E+001  0.332023E+001
  0.172507E+001  0.333018E+001
  0.172612E+001  0.334012E+001
  0.172719E+001  0.335006E+001
  0.172826E+001  0.336001E+001
  0.172935E+001  0.336995E+001
  0.173044E+001  0.337989E+001
  0.173154E+001  0.338983E+001
  0.173265E+001  0.339976E+001
  0.173377E+001  0.340970E+001
  0.173490E+001  0.341964E+001
  0.173604E+001  0.342957E+001
  0.173719E+001  0.343951E+001
  0.173835E+001  0.344944E+001
  0.173952E+001  0.345937E+001
  0.174070E+001  0.346930E+001
  0.174189E+001  0.347923E+001
  0.174309E+001  0.348916E+001
  0.174430E+001  0.349908E+001
  0.174553E+001  0.350901E+001
  0.174676E+001  0.351893E+001
  0.174801E+001  0.352885E+001
  0.174927E+001  0.353877E+001
  0.175054E+001  0.354869E+001
  0.175182E+001  0.355861E+001
  0.175312E+001  0.356852E+001
  0.175443E+001  0.357844E+001
  0.175575E+001  0.358835E+001
  0.175709E+001  0.359826E+001
  0.175844E+001  0.360817E+001
  0.175980E+001  0.361808E+001
  0.176118E+001  0.362798E+001
  0.176257E+001  0.363788E+001
  0.176398E+001  0.364778E+001
  0.176540E+001  0.365768E+001
  0.176684E+001  0.366758E+001
  0.176830E+001  0.367747E+001
  0.176977E+001  0.368736E+001
  0.177125E+001  0.369725E+001
  0.177276E+001  0.370714E+001
  0.177428E+001  0.371702E+001
  0.177581E+001  0.372690E+001
  0.177737E+001  0.373678E+001
  0.177894E+001  0.374666E+001
  0.178053E+001  0.375653E+001
  0.178215E+001  0.376640E+001
  0.178378E+001  0.377626E+001
  0.178543E+001  0.378613E+001
  0.178710E+001  0.379599E+001
  0.178879E+001  0.380584E+001
  0.179050E+001  0.381570E+001
  0.179223E+001  0.382554E+001
  0.179398E+001  0.383539E+001
  0.179576E+001  0.384523E+001
  0.179756E+001  0.385507E+001
  0.179938E+001  0.386490E+001
  0.180123E+001  0.387473E+001
  0.180309E+001  0.388455E+001
  0.180499E+001  0.389437E+001
  0.180690E+001  0.390419E+001
  0.180885E+001  0.391400E+001
  0.181081E+001  0.392380E+001
  0.181281E+001  0.393360E+001
  0.181483E+001  0.394339E+001
  0.181688E+001  0.395318E+001
  0.181895E+001  0.396296E+001
  0.182105E+001  0.397274E+001
  0.182318E+001  0.398251E+001
  0.182534E+001  0.399228E+001
  0.182752E+001  0.400203E+001
  0.182973E+001  0.401179E+001
  0.183198E+001  0.402153E+001
  0.183425E+001  0.403127E+001
  0.183655E+001  0.404100E+001
  0.183888E+001  0.405073E+001
  0.184124E+001  0.406044E+001
  0.184363E+001  0.407015E+001
  0.184605E+001  0.407986E+001
  0.184850E+001  0.408955E+001
  0.185098E+001  0.409924E+001
  0.185349E+001  0.410892E+001
  0.185604E+001  0.411859E+001
  0.185861E+001  0.412825E+001
  0.186121E+001  0.413791E+001
  0.186384E+001  0.414756E+001
  0.186650E+001  0.415720E+001
  0.186919E+001  0.416683E+001
  0.187191E+001  0.417645E+001
  0.187466E+001  0.418607E+001
  0.187744E+001  0.419567E+001
  0.188025E+001  0.420527E+001
  0.188308E+001  0.421486E+001
  0.188595E+001  0.422444E+001
  0.188884E+001  0.423401E+001
  0.189175E+001  0.424358E+001
  0.189470E+001  0.425314E+001
  0.189767E+001  0.426268E+001
  0.190066E+001  0.427223E+001
  0.190368E+001  0.428176E+001
  0.190673E+001  0.429128E+001
  0.190979E+001  0.430080E+001
  0.191288E+001  0.431031E+001
  0.191600E+001  0.431982E+001
  0.191913E+001  0.432931E+001
  0.192229E+001  0.433880E+001
  0.192546E+001  0.434828E+001
  0.192866E+001  0.435776E+001
  0.193187E+001  0.436723E+001
  0.193510E+001  0.437669E+001
  0.193835E+001  0.438615E+001
  0.194162E+001  0.439560E+001
  0.194490E+001  0.440505E+001
  0.194820E+001  0.441449E+001
  0.195151E+001  0.442392E+001
  0.195483E+001  0.443335E+001
  0.195817E+001  0.444278E+001
  0.196152E+001  0.445220E+001
  0.196488E+001  0.446162E+001
  0.196824E+001  0.447104E+001
  0.197162E+001  0.448045E+001
  0.197500E+001  0.448986E+001
  0.197839E+001  0.449927E+001
  0.198178E+001  0.450868E+001
  0.198518E+001  0.451809E+001
  0.198857E+001  0.452749E+001
  0.199197E+001  0.453690E+001
  0.199537E+001  0.454630E+001
  0.199877E+001  0.455571E+001
  0.200216E+001  0.456511E+001
