  0.334332E-002  0.451054E-002  0.214719E+000
  0.334332E-002  0.113868E+000  0.542057E+001
  0.667663E-002  0.161402E+000  0.384743E+001
  0.100100E-001  0.198212E+000  0.315151E+001
  0.133433E-001  0.180072E-001  0.214786E+000
  0.133433E-001  0.229511E+000  0.273754E+001
  0.166766E-001  0.225099E-001  0.214826E+000
  0.166766E-001  0.257309E+000  0.245566E+001
  0.200099E-001  0.270153E-001  0.214875E+000
  0.200099E-001  0.282636E+000  0.224804E+001
  0.233432E-001  0.315242E-001  0.214933E+000
  0.233432E-001  0.306101E+000  0.208701E+001
  0.266765E-001  0.360370E-001  0.215001E+000
  0.266765E-001  0.328100E+000  0.195748E+001
  0.300098E-001  0.405544E-001  0.215077E+000
  0.300098E-001  0.348904E+000  0.185039E+001
  0.333432E-001  0.450771E-001  0.215164E+000
  0.333432E-001  0.368715E+000  0.175996E+001
  0.366765E-001  0.496056E-001  0.215260E+000
  0.366765E-001  0.387679E+000  0.168231E+001
  0.400098E-001  0.541406E-001  0.215366E+000
  0.400098E-001  0.405914E+000  0.161469E+001
  0.433431E-001  0.586827E-001  0.215482E+000
  0.433431E-001  0.423511E+000  0.155512E+001
  0.466764E-001  0.632328E-001  0.215608E+000
  0.466764E-001  0.440545E+000  0.150215E+001
  0.500097E-001  0.677914E-001  0.215745E+000
  0.500097E-001  0.457075E+000  0.145463E+001
  0.533431E-001  0.723594E-001  0.215892E+000
  0.533431E-001  0.473154E+000  0.141171E+001
  0.566764E-001  0.769376E-001  0.216051E+000
  0.566764E-001  0.488823E+000  0.137268E+001
  0.600097E-001  0.815267E-001  0.216221E+000
  0.600097E-001  0.504120E+000  0.133700E+001
  0.633430E-001  0.861276E-001  0.216403E+000
  0.633430E-001  0.519076E+000  0.130422E+001
  0.666763E-001  0.907413E-001  0.216598E+000
  0.666763E-001  0.533718E+000  0.127397E+001
  0.700096E-001  0.953686E-001  0.216804E+000
  0.700096E-001  0.548071E+000  0.124595E+001
  0.733430E-001  0.100011E+000  0.217024E+000
  0.733430E-001  0.562155E+000  0.121988E+001
  0.766763E-001  0.104668E+000  0.217258E+000
  0.766763E-001  0.575990E+000  0.119557E+001
  0.800096E-001  0.109343E+000  0.217505E+000
  0.800096E-001  0.589591E+000  0.117281E+001
  0.833429E-001  0.114036E+000  0.217767E+000
  0.833429E-001  0.602974E+000  0.115146E+001
  0.866762E-001  0.118748E+000  0.218045E+000
  0.866762E-001  0.616153E+000  0.113138E+001
  0.900095E-001  0.123480E+000  0.218338E+000
  0.900095E-001  0.629139E+000  0.111244E+001
  0.933429E-001  0.128235E+000  0.218648E+000
  0.933429E-001  0.641943E+000  0.109455E+001
  0.966762E-001  0.133014E+000  0.218976E+000
  0.966762E-001  0.654577E+000  0.107761E+001
  0.100009E+000  0.137817E+000  0.219322E+000
  0.100009E+000  0.667048E+000  0.106154E+001
  0.103343E+000  0.142648E+000  0.219687E+000
  0.103343E+000  0.679366E+000  0.104627E+001
  0.106676E+000  0.147507E+000  0.220073E+000
  0.106676E+000  0.691538E+000  0.103174E+001
  0.110009E+000  0.152398E+000  0.220480E+000
  0.110009E+000  0.703571E+000  0.101788E+001
  0.113343E+000  0.157321E+000  0.220909E+000
  0.113343E+000  0.715473E+000  0.100466E+001
  0.116676E+000  0.162280E+000  0.221363E+000
  0.116676E+000  0.727249E+000  0.992022E+000
  0.120009E+000  0.167277E+000  0.221841E+000
  0.120009E+000  0.738904E+000  0.979926E+000
  0.123343E+000  0.172315E+000  0.222346E+000
  0.123343E+000  0.750446E+000  0.968336E+000
  0.126676E+000  0.177397E+000  0.222880E+000
  0.126676E+000  0.761877E+000  0.957218E+000
  0.130009E+000  0.182525E+000  0.223444E+000
  0.130009E+000  0.773204E+000  0.946542E+000
  0.133343E+000  0.187705E+000  0.224040E+000
  0.133343E+000  0.784430E+000  0.936279E+000
  0.136676E+000  0.192938E+000  0.224671E+000
  0.136676E+000  0.795560E+000  0.926405E+000
  0.140009E+000  0.198230E+000  0.225338E+000
  0.140009E+000  0.806598E+000  0.916897E+000
  0.143343E+000  0.203586E+000  0.226044E+000
  0.143343E+000  0.817547E+000  0.907731E+000
  0.146676E+000  0.209010E+000  0.226792E+000
  0.146676E+000  0.828410E+000  0.898890E+000
  0.150009E+000  0.214508E+000  0.227586E+000
  0.150009E+000  0.839192E+000  0.890355E+000
  0.153343E+000  0.220085E+000  0.228428E+000
  0.153343E+000  0.849894E+000  0.882109E+000
  0.156676E+000  0.225750E+000  0.229322E+000
  0.156676E+000  0.860521E+000  0.874137E+000
  0.160009E+000  0.231508E+000  0.230272E+000
  0.160009E+000  0.871075E+000  0.866424E+000
  0.163343E+000  0.237368E+000  0.231283E+000
  0.163343E+000  0.881558E+000  0.858957E+000
  0.166676E+000  0.243340E+000  0.232360E+000
  0.166676E+000  0.891973E+000  0.851724E+000
  0.170009E+000  0.249433E+000  0.233508E+000
  0.170009E+000  0.902323E+000  0.844714E+000
  0.173342E+000  0.912609E+000  0.837915E+000
  0.176676E+000  0.922835E+000  0.831318E+000
  0.180009E+000  0.933002E+000  0.824913E+000
  0.183342E+000  0.943112E+000  0.818692E+000
  0.186676E+000  0.282137E+000  0.240543E+000
  0.186676E+000  0.953167E+000  0.812646E+000
  0.190009E+000  0.289230E+000  0.242265E+000
  0.190009E+000  0.963170E+000  0.806768E+000
  0.193342E+000  0.296550E+000  0.244113E+000
  0.193342E+000  0.973121E+000  0.801051E+000
  0.196676E+000  0.304117E+000  0.246099E+000
  0.196676E+000  0.983024E+000  0.795488E+000
  0.200009E+000  0.311955E+000  0.248234E+000
  0.200009E+000  0.992878E+000  0.790072E+000
  0.203342E+000  0.320089E+000  0.250532E+000
  0.203342E+000  0.100269E+001  0.784798E+000
  0.206676E+000  0.328546E+000  0.253004E+000
  0.206676E+000  0.101245E+001  0.779660E+000
  0.210009E+000  0.337356E+000  0.255665E+000
  0.210009E+000  0.102217E+001  0.774652E+000
  0.213342E+000  0.346547E+000  0.258527E+000
  0.213342E+000  0.103185E+001  0.769770E+000
  0.216676E+000  0.356150E+000  0.261603E+000
  0.216676E+000  0.104149E+001  0.765010E+000
  0.220009E+000  0.366196E+000  0.264907E+000
  0.220009E+000  0.105110E+001  0.760365E+000
  0.223342E+000  0.376712E+000  0.268447E+000
  0.223342E+000  0.106066E+001  0.755833E+000
  0.226676E+000  0.387727E+000  0.272234E+000
  0.226676E+000  0.107019E+001  0.751409E+000
  0.230009E+000  0.399262E+000  0.276270E+000
  0.230009E+000  0.107969E+001  0.747090E+000
  0.233342E+000  0.411336E+000  0.280559E+000
  0.233342E+000  0.108915E+001  0.742871E+000
  0.236675E+000  0.423958E+000  0.285095E+000
  0.236675E+000  0.109858E+001  0.738750E+000
  0.240009E+000  0.437133E+000  0.289872E+000
  0.240009E+000  0.110798E+001  0.734724E+000
  0.243342E+000  0.450853E+000  0.294875E+000
  0.243342E+000  0.111735E+001  0.730788E+000
  0.246675E+000  0.465104E+000  0.300085E+000
  0.246675E+000  0.112669E+001  0.726941E+000
  0.250009E+000  0.479863E+000  0.305480E+000
  0.250009E+000  0.113601E+001  0.723180E+000
  0.253342E+000  0.495100E+000  0.311033E+000
  0.253342E+000  0.114530E+001  0.719501E+000
  0.256675E+000  0.510779E+000  0.316715E+000
  0.256675E+000  0.115456E+001  0.715903E+000
  0.260009E+000  0.526859E+000  0.322498E+000
  0.260009E+000  0.116381E+001  0.712383E+000
  0.263342E+000  0.543300E+000  0.328352E+000
  0.263342E+000  0.117303E+001  0.708939E+000
  0.266675E+000  0.694209E-001  0.414312E-001
  0.266675E+000  0.560058E+000  0.334249E+000
  0.266675E+000  0.118223E+001  0.705569E+000
  0.270009E+000  0.108056E+000  0.636930E-001
  0.270009E+000  0.577095E+000  0.340165E+000
  0.270009E+000  0.119141E+001  0.702271E+000
  0.273342E+000  0.135030E+000  0.786223E-001
  0.273342E+000  0.594371E+000  0.346076E+000
  0.273342E+000  0.120058E+001  0.699043E+000
  0.276675E+000  0.156569E+000  0.900648E-001
  0.276675E+000  0.611853E+000  0.351963E+000
  0.276675E+000  0.120972E+001  0.695883E+000
  0.280009E+000  0.174761E+000  0.993330E-001
  0.280009E+000  0.629510E+000  0.357809E+000
  0.280009E+000  0.121886E+001  0.692790E+000
  0.283342E+000  0.190630E+000  0.107078E+000
  0.283342E+000  0.647317E+000  0.363602E+000
  0.283342E+000  0.122798E+001  0.689761E+000
  0.286675E+000  0.204770E+000  0.113683E+000
  0.286675E+000  0.665249E+000  0.369330E+000
  0.286675E+000  0.123708E+001  0.686797E+000
  0.290009E+000  0.217569E+000  0.119401E+000
  0.290009E+000  0.683290E+000  0.374985E+000
  0.290009E+000  0.124618E+001  0.683894E+000
  0.293342E+000  0.229295E+000  0.124406E+000
  0.293342E+000  0.701423E+000  0.380562E+000
  0.293342E+000  0.125526E+001  0.681052E+000
  0.296675E+000  0.240144E+000  0.128828E+000
  0.296675E+000  0.719637E+000  0.386058E+000
  0.296675E+000  0.126434E+001  0.678270E+000
  0.300009E+000  0.250263E+000  0.132765E+000
  0.300009E+000  0.737924E+000  0.391470E+000
  0.300009E+000  0.127341E+001  0.675546E+000
  0.303342E+000  0.259767E+000  0.136293E+000
  0.303342E+000  0.756277E+000  0.396797E+000
  0.303342E+000  0.128248E+001  0.672880E+000
  0.306675E+000  0.268749E+000  0.139472E+000
  0.306675E+000  0.774693E+000  0.402042E+000
  0.306675E+000  0.129154E+001  0.670271E+000
  0.310008E+000  0.277281E+000  0.142353E+000
  0.310008E+000  0.793169E+000  0.407204E+000
  0.310008E+000  0.130061E+001  0.667718E+000
  0.313342E+000  0.285424E+000  0.144975E+000
  0.313342E+000  0.811707E+000  0.412288E+000
  0.313342E+000  0.130967E+001  0.665220E+000
  0.316675E+000  0.293229E+000  0.147371E+000
  0.316675E+000  0.830307E+000  0.417297E+000
  0.316675E+000  0.131875E+001  0.662777E+000
  0.320008E+000  0.300737E+000  0.149570E+000
  0.320008E+000  0.848975E+000  0.422234E+000
  0.320008E+000  0.132782E+001  0.660388E+000
  0.323342E+000  0.307984E+000  0.151595E+000
  0.323342E+000  0.867713E+000  0.427105E+000
  0.323342E+000  0.133691E+001  0.658054E+000
  0.326675E+000  0.315000E+000  0.153467E+000
  0.326675E+000  0.886529E+000  0.431914E+000
  0.326675E+000  0.134601E+001  0.655774E+000
  0.330008E+000  0.321810E+000  0.155201E+000
  0.330008E+000  0.905430E+000  0.436667E+000
  0.330008E+000  0.135513E+001  0.653548E+000
  0.333342E+000  0.328439E+000  0.156814E+000
  0.333342E+000  0.924425E+000  0.441369E+000
  0.333342E+000  0.136427E+001  0.651376E+000
  0.336675E+000  0.334904E+000  0.158318E+000
  0.336675E+000  0.943523E+000  0.446027E+000
  0.336675E+000  0.137344E+001  0.649259E+000
  0.340008E+000  0.341222E+000  0.159723E+000
  0.340008E+000  0.962735E+000  0.450648E+000
  0.340008E+000  0.138263E+001  0.647198E+000
  0.343342E+000  0.347410E+000  0.161041E+000
  0.343342E+000  0.982073E+000  0.455237E+000
  0.343342E+000  0.139186E+001  0.645194E+000
  0.346675E+000  0.353479E+000  0.162279E+000
  0.346675E+000  0.100155E+001  0.459802E+000
  0.346675E+000  0.140114E+001  0.643248E+000
  0.350008E+000  0.359442E+000  0.163444E+000
  0.350008E+000  0.102118E+001  0.464350E+000
  0.350008E+000  0.141046E+001  0.641362E+000
  0.353342E+000  0.365308E+000  0.164545E+000
  0.353342E+000  0.104098E+001  0.468889E+000
  0.353342E+000  0.141985E+001  0.639539E+000
  0.356675E+000  0.371087E+000  0.165586E+000
  0.356675E+000  0.106097E+001  0.473426E+000
  0.356675E+000  0.142930E+001  0.637782E+000
  0.360008E+000  0.376788E+000  0.166573E+000
  0.360008E+000  0.108117E+001  0.477969E+000
  0.360008E+000  0.143884E+001  0.636093E+000
  0.363342E+000  0.382418E+000  0.167511E+000
  0.363342E+000  0.110158E+001  0.482527E+000
  0.363342E+000  0.144848E+001  0.634480E+000
  0.366675E+000  0.387983E+000  0.168404E+000
  0.366675E+000  0.112224E+001  0.487108E+000
  0.366675E+000  0.145823E+001  0.632946E+000
  0.370008E+000  0.393489E+000  0.169255E+000
  0.370008E+000  0.114317E+001  0.491721E+000
  0.370008E+000  0.146813E+001  0.631500E+000
  0.373341E+000  0.398943E+000  0.170069E+000
  0.373341E+000  0.116438E+001  0.496372E+000
  0.373341E+000  0.147819E+001  0.630151E+000
  0.376675E+000  0.404350E+000  0.170848E+000
  0.376675E+000  0.118589E+001  0.501072E+000
  0.376675E+000  0.148846E+001  0.628911E+000
  0.380008E+000  0.409714E+000  0.171596E+000
  0.380008E+000  0.149896E+001  0.627796E+000
  0.383341E+000  0.415040E+000  0.172315E+000
  0.383341E+000  0.150977E+001  0.626825E+000
  0.386675E+000  0.420331E+000  0.173008E+000
  0.386675E+000  0.152095E+001  0.626023E+000
  0.390008E+000  0.425592E+000  0.173676E+000
  0.390008E+000  0.127537E+001  0.520453E+000
  0.390008E+000  0.153260E+001  0.625424E+000
  0.393341E+000  0.430827E+000  0.174322E+000
  0.393341E+000  0.129861E+001  0.525447E+000
  0.393341E+000  0.154482E+001  0.625071E+000
  0.396675E+000  0.436038E+000  0.174948E+000
  0.396675E+000  0.132216E+001  0.530483E+000
  0.396675E+000  0.155779E+001  0.625020E+000
  0.400008E+000  0.441229E+000  0.175556E+000
  0.400008E+000  0.134597E+001  0.535534E+000
  0.400008E+000  0.157170E+001  0.625346E+000
  0.403341E+000  0.446403E+000  0.176147E+000
  0.403341E+000  0.136992E+001  0.540557E+000
  0.403341E+000  0.158682E+001  0.626147E+000
  0.406675E+000  0.451564E+000  0.176723E+000
  0.406675E+000  0.139384E+001  0.545490E+000
  0.406675E+000  0.160352E+001  0.627549E+000
  0.410008E+000  0.456713E+000  0.177285E+000
  0.410008E+000  0.141752E+001  0.550246E+000
  0.410008E+000  0.162222E+001  0.629707E+000
  0.413341E+000  0.461855E+000  0.177835E+000
  0.413341E+000  0.144066E+001  0.554721E+000
  0.413341E+000  0.164346E+001  0.632804E+000
  0.416675E+000  0.466991E+000  0.178374E+000
  0.416675E+000  0.146296E+001  0.558797E+000
  0.416675E+000  0.166780E+001  0.637041E+000
  0.420008E+000  0.472125E+000  0.178904E+000
  0.420008E+000  0.148409E+001  0.562371E+000
  0.420008E+000  0.169583E+001  0.642606E+000
  0.423341E+000  0.477260E+000  0.179426E+000
  0.423341E+000  0.150385E+001  0.565371E+000
  0.423341E+000  0.172802E+001  0.649650E+000
  0.426675E+000  0.482398E+000  0.179941E+000
  0.426675E+000  0.152214E+001  0.567776E+000
  0.426675E+000  0.176470E+001  0.658257E+000
  0.430008E+000  0.487543E+000  0.180450E+000
  0.430008E+000  0.153899E+001  0.569612E+000
  0.430008E+000  0.180598E+001  0.668431E+000
  0.433341E+000  0.492697E+000  0.180955E+000
  0.433341E+000  0.155453E+001  0.570940E+000
  0.433341E+000  0.185172E+001  0.680088E+000
  0.436674E+000  0.497864E+000  0.181457E+000
  0.436674E+000  0.156895E+001  0.571837E+000
  0.436674E+000  0.190156E+001  0.693061E+000
  0.440008E+000  0.503047E+000  0.181957E+000
  0.440008E+000  0.158243E+001  0.572379E+000
  0.440008E+000  0.195490E+001  0.707107E+000
  0.443341E+000  0.508250E+000  0.182456E+000
  0.443341E+000  0.159513E+001  0.572636E+000
  0.443341E+000  0.201098E+001  0.721923E+000
  0.446674E+000  0.513476E+000  0.182957E+000
  0.446674E+000  0.160721E+001  0.572666E+000
  0.446674E+000  0.206893E+001  0.737182E+000
  0.450008E+000  0.518729E+000  0.183460E+000
  0.450008E+000  0.161878E+001  0.572517E+000
  0.450008E+000  0.212787E+001  0.752568E+000
  0.453341E+000  0.524013E+000  0.183966E+000
  0.453341E+000  0.162994E+001  0.572226E+000
  0.453341E+000  0.218705E+001  0.767811E+000
  0.456674E+000  0.529334E+000  0.184477E+000
  0.456674E+000  0.164078E+001  0.571825E+000
  0.456674E+000  0.224585E+001  0.782700E+000
  0.460008E+000  0.534696E+000  0.184996E+000
  0.460008E+000  0.165134E+001  0.571336E+000
  0.460008E+000  0.230384E+001  0.797090E+000
  0.463341E+000  0.540106E+000  0.185523E+000
  0.463341E+000  0.166168E+001  0.570779E+000
  0.463341E+000  0.236072E+001  0.810892E+000
  0.466674E+000  0.545568E+000  0.186061E+000
  0.466674E+000  0.167185E+001  0.570168E+000
  0.466674E+000  0.241631E+001  0.824062E+000
  0.470008E+000  0.551091E+000  0.186612E+000
  0.470008E+000  0.168187E+001  0.569517E+000
  0.470008E+000  0.247056E+001  0.836585E+000
  0.473341E+000  0.556683E+000  0.187178E+000
  0.473341E+000  0.169176E+001  0.568834E+000
  0.473341E+000  0.252343E+001  0.848470E+000
  0.476674E+000  0.562351E+000  0.187761E+000
  0.476674E+000  0.170156E+001  0.568127E+000
  0.476674E+000  0.257494E+001  0.859738E+000
  0.480008E+000  0.568107E+000  0.188366E+000
  0.480008E+000  0.171127E+001  0.567403E+000
  0.480008E+000  0.262515E+001  0.870416E+000
  0.483341E+000  0.573963E+000  0.188995E+000
  0.483341E+000  0.172092E+001  0.566667E+000
  0.483341E+000  0.267412E+001  0.880537E+000
  0.486674E+000  0.579931E+000  0.189652E+000
  0.486674E+000  0.173052E+001  0.565924E+000
  0.486674E+000  0.272191E+001  0.890135E+000
  0.490008E+000  0.586027E+000  0.190342E+000
  0.490008E+000  0.174007E+001  0.565177E+000
  0.490008E+000  0.276859E+001  0.899241E+000
  0.493341E+000  0.592272E+000  0.191071E+000
  0.493341E+000  0.174959E+001  0.564430E+000
  0.493341E+000  0.281423E+001  0.907889E+000
  0.496674E+000  0.598686E+000  0.191844E+000
  0.496674E+000  0.175909E+001  0.563686E+000
  0.496674E+000  0.285889E+001  0.916108E+000
  0.500007E+000  0.605297E+000  0.192669E+000
  0.500007E+000  0.176857E+001  0.562946E+000
  0.500007E+000  0.290265E+001  0.923927E+000
  0.503341E+000  0.612137E+000  0.193556E+000
  0.503341E+000  0.177804E+001  0.562212E+000
  0.503341E+000  0.294554E+001  0.931372E+000
  0.506674E+000  0.619246E+000  0.194516E+000
  0.506674E+000  0.178751E+001  0.561487E+000
  0.506674E+000  0.298764E+001  0.938467E+000
  0.510007E+000  0.626674E+000  0.195562E+000
  0.510007E+000  0.179698E+001  0.560772E+000
  0.510007E+000  0.302898E+001  0.945236E+000
  0.513341E+000  0.634485E+000  0.196714E+000
  0.513341E+000  0.180645E+001  0.560068E+000
  0.513341E+000  0.306962E+001  0.951699E+000
  0.516674E+000  0.642760E+000  0.197994E+000
  0.516674E+000  0.181594E+001  0.559376E+000
  0.516674E+000  0.310960E+001  0.957874E+000
  0.520007E+000  0.651607E+000  0.199433E+000
  0.520007E+000  0.182544E+001  0.558698E+000
  0.520007E+000  0.314896E+001  0.963780E+000
  0.523341E+000  0.661172E+000  0.201071E+000
  0.523341E+000  0.183496E+001  0.558035E+000
  0.523341E+000  0.318774E+001  0.969434E+000
  0.526674E+000  0.671660E+000  0.202968E+000
  0.526674E+000  0.184450E+001  0.557387E+000
  0.526674E+000  0.322596E+001  0.974849E+000
  0.530007E+000  0.683367E+000  0.205207E+000
  0.530007E+000  0.185407E+001  0.556755E+000
  0.530007E+000  0.326366E+001  0.980039E+000
  0.533341E+000  0.696750E+000  0.207918E+000
  0.533341E+000  0.186367E+001  0.556141E+000
  0.533341E+000  0.330088E+001  0.985019E+000
  0.536674E+000  0.712552E+000  0.211313E+000
  0.536674E+000  0.187331E+001  0.555544E+000
  0.536674E+000  0.333762E+001  0.989799E+000
  0.540007E+000  0.732123E+000  0.215777E+000
  0.540007E+000  0.188298E+001  0.554965E+000
  0.540007E+000  0.337393E+001  0.994390E+000
  0.543341E+000  0.758298E+000  0.222120E+000
  0.543341E+000  0.189269E+001  0.554406E+000
  0.543341E+000  0.340982E+001  0.998803E+000
  0.546674E+000  0.798893E+000  0.232584E+000
  0.546674E+000  0.190245E+001  0.553866E+000
  0.546674E+000  0.344532E+001  0.100305E+001
  0.550007E+000  0.894550E+000  0.258855E+000
  0.550007E+000  0.191225E+001  0.553346E+000
  0.550007E+000  0.348044E+001  0.100713E+001
  0.553341E+000  0.108769E+001  0.312846E+000
  0.553341E+000  0.192211E+001  0.552847E+000
  0.553341E+000  0.351520E+001  0.101106E+001
  0.556674E+000  0.118035E+001  0.337467E+000
  0.556674E+000  0.193201E+001  0.552369E+000
  0.556674E+000  0.354962E+001  0.101485E+001
  0.560007E+000  0.124205E+001  0.352994E+000
  0.560007E+000  0.194198E+001  0.551913E+000
  0.560007E+000  0.358372E+001  0.101850E+001
  0.563341E+000  0.129044E+001  0.364574E+000
  0.563341E+000  0.195200E+001  0.551479E+000
  0.563341E+000  0.361751E+001  0.102202E+001
  0.566674E+000  0.133117E+001  0.373871E+000
  0.566674E+000  0.196209E+001  0.551068E+000
  0.566674E+000  0.365100E+001  0.102541E+001
  0.570007E+000  0.136686E+001  0.381649E+000
  0.570007E+000  0.197224E+001  0.550680E+000
  0.570007E+000  0.368422E+001  0.102869E+001
  0.573340E+000  0.139893E+001  0.388333E+000
  0.573340E+000  0.198246E+001  0.550316E+000
  0.573340E+000  0.371716E+001  0.103185E+001
  0.576674E+000  0.142826E+001  0.394183E+000
  0.576674E+000  0.199275E+001  0.549976E+000
  0.576674E+000  0.374984E+001  0.103491E+001
  0.580007E+000  0.145544E+001  0.399375E+000
  0.580007E+000  0.200312E+001  0.549660E+000
  0.580007E+000  0.378228E+001  0.103786E+001
  0.583340E+000  0.148087E+001  0.404030E+000
  0.583340E+000  0.201356E+001  0.549368E+000
  0.583340E+000  0.381448E+001  0.104072E+001
  0.586674E+000  0.150484E+001  0.408239E+000
  0.586674E+000  0.202409E+001  0.549102E+000
  0.590007E+000  0.152759E+001  0.412070E+000
  0.590007E+000  0.203470E+001  0.548862E+000
  0.590007E+000  0.387820E+001  0.104615E+001
  0.593340E+000  0.154929E+001  0.415574E+000
  0.593340E+000  0.204539E+001  0.548647E+000
  0.593340E+000  0.390975E+001  0.104873E+001
  0.596674E+000  0.157007E+001  0.418794E+000
  0.596674E+000  0.205618E+001  0.548458E+000
  0.600007E+000  0.159003E+001  0.421765E+000
  0.600007E+000  0.206705E+001  0.548296E+000
  0.603340E+000  0.160928E+001  0.424512E+000
  0.603340E+000  0.207802E+001  0.548160E+000
  0.606674E+000  0.162789E+001  0.427061E+000
  0.606674E+000  0.208908E+001  0.548051E+000
  0.606674E+000  0.403398E+001  0.105828E+001
  0.610007E+000  0.467755E+000  0.122040E+000
  0.610007E+000  0.164591E+001  0.429429E+000
  0.610007E+000  0.210025E+001  0.547969E+000
  0.613340E+000  0.479722E+000  0.124482E+000
  0.613340E+000  0.166340E+001  0.431634E+000
  0.613340E+000  0.211151E+001  0.547914E+000
  0.616674E+000  0.398124E+000  0.102750E+000
  0.616674E+000  0.549102E+000  0.141716E+000
  0.616674E+000  0.168040E+001  0.433689E+000
  0.616674E+000  0.212288E+001  0.547886E+000
  0.620007E+000  0.340268E+000  0.873464E-001
  0.620007E+000  0.579567E+000  0.148774E+000
  0.620007E+000  0.169696E+001  0.435607E+000
  0.620007E+000  0.213435E+001  0.547886E+000
  0.623340E+000  0.291838E+000  0.745139E-001
  0.623340E+000  0.599728E+000  0.153126E+000
  0.623340E+000  0.171310E+001  0.437398E+000
  0.623340E+000  0.214593E+001  0.547912E+000
  0.623340E+000  0.418542E+001  0.106865E+001
  0.626674E+000  0.246420E+000  0.625828E-001
  0.626674E+000  0.615394E+000  0.156290E+000
  0.626674E+000  0.172885E+001  0.439073E+000
  0.626674E+000  0.215762E+001  0.547966E+000
  0.630007E+000  0.201043E+000  0.507883E-001
  0.630007E+000  0.628463E+000  0.158765E+000
  0.630007E+000  0.174424E+001  0.440638E+000
  0.630007E+000  0.216942E+001  0.548048E+000
  0.633340E+000  0.152518E+000  0.383269E-001
  0.633340E+000  0.639828E+000  0.160785E+000
  0.633340E+000  0.175930E+001  0.442102E+000
  0.633340E+000  0.218133E+001  0.548156E+000
  0.636673E+000  0.931246E-001  0.232792E-001
  0.636673E+000  0.649988E+000  0.162483E+000
  0.636673E+000  0.177403E+001  0.443471E+000
  0.636673E+000  0.219335E+001  0.548292E+000
  0.640007E+000  0.659252E+000  0.163941E+000
  0.640007E+000  0.178847E+001  0.444752E+000
  0.640007E+000  0.220549E+001  0.548454E+000
  0.643340E+000  0.667826E+000  0.165212E+000
  0.643340E+000  0.180262E+001  0.445948E+000
  0.643340E+000  0.221774E+001  0.548643E+000
  0.646673E+000  0.675852E+000  0.166336E+000
  0.646673E+000  0.181651E+001  0.447067E+000
  0.646673E+000  0.223011E+001  0.548859E+000
  0.650007E+000  0.683435E+000  0.167340E+000
  0.650007E+000  0.183014E+001  0.448111E+000
  0.650007E+000  0.224259E+001  0.549101E+000
  0.653340E+000  0.690654E+000  0.168245E+000
  0.653340E+000  0.184352E+001  0.449086E+000
  0.653340E+000  0.225519E+001  0.549368E+000
  0.656673E+000  0.697568E+000  0.169066E+000
  0.656673E+000  0.185668E+001  0.449994E+000
  0.656673E+000  0.226790E+001  0.549661E+000
  0.660007E+000  0.704226E+000  0.169818E+000
  0.660007E+000  0.186961E+001  0.450841E+000
  0.660007E+000  0.228074E+001  0.549980E+000
  0.663340E+000  0.710664E+000  0.170509E+000
  0.663340E+000  0.188233E+001  0.451628E+000
  0.663340E+000  0.229368E+001  0.550323E+000
  0.666673E+000  0.716913E+000  0.171149E+000
  0.666673E+000  0.189486E+001  0.452359E+000
  0.666673E+000  0.230675E+001  0.550690E+000
  0.670007E+000  0.722999E+000  0.171743E+000
  0.670007E+000  0.190719E+001  0.453037E+000
  0.670007E+000  0.231993E+001  0.551082E+000
  0.673340E+000  0.728942E+000  0.172297E+000
  0.673340E+000  0.191933E+001  0.453665E+000
  0.673340E+000  0.233323E+001  0.551497E+000
  0.676673E+000  0.734759E+000  0.172817E+000
  0.676673E+000  0.193130E+001  0.454246E+000
  0.676673E+000  0.234664E+001  0.551935E+000
  0.680007E+000  0.740466E+000  0.173306E+000
  0.680007E+000  0.194310E+001  0.454781E+000
  0.680007E+000  0.236017E+001  0.552395E+000
  0.683340E+000  0.746076E+000  0.173767E+000
  0.683340E+000  0.195474E+001  0.455273E+000
  0.683340E+000  0.237381E+001  0.552878E+000
  0.686673E+000  0.751599E+000  0.174203E+000
  0.686673E+000  0.196622E+001  0.455724E+000
  0.686673E+000  0.238757E+001  0.553382E+000
  0.690007E+000  0.757045E+000  0.174618E+000
  0.690007E+000  0.197755E+001  0.456137E+000
  0.690007E+000  0.240143E+001  0.553908E+000
  0.693340E+000  0.762422E+000  0.175013E+000
  0.693340E+000  0.198875E+001  0.456513E+000
  0.693340E+000  0.241541E+001  0.554454E+000
  0.696673E+000  0.767737E+000  0.175389E+000
  0.696673E+000  0.199980E+001  0.456854E+000
  0.696673E+000  0.242950E+001  0.555020E+000
  0.700006E+000  0.821918E-001  0.186873E-001
  0.700006E+000  0.772998E+000  0.175751E+000
  0.700006E+000  0.201073E+001  0.457163E+000
  0.700006E+000  0.244370E+001  0.555606E+000
  0.703340E+000  0.131315E+000  0.297147E-001
  0.703340E+000  0.778210E+000  0.176097E+000
  0.703340E+000  0.202152E+001  0.457440E+000
  0.703340E+000  0.245801E+001  0.556211E+000
  0.706673E+000  0.169184E+000  0.381031E-001
  0.706673E+000  0.783379E+000  0.176430E+000
  0.706673E+000  0.203220E+001  0.457687E+000
  0.706673E+000  0.247243E+001  0.556834E+000
  0.710006E+000  0.202189E+000  0.453227E-001
  0.710006E+000  0.788509E+000  0.176752E+000
  0.710006E+000  0.204277E+001  0.457907E+000
  0.710006E+000  0.248696E+001  0.557476E+000
  0.713340E+000  0.232384E+000  0.518478E-001
  0.713340E+000  0.793605E+000  0.177063E+000
  0.713340E+000  0.205322E+001  0.458100E+000
  0.713340E+000  0.250159E+001  0.558136E+000
  0.716673E+000  0.260724E+000  0.579002E-001
  0.716673E+000  0.798671E+000  0.177365E+000
  0.716673E+000  0.206357E+001  0.458268E+000
  0.716673E+000  0.251633E+001  0.558814E+000
  0.720006E+000  0.287735E+000  0.636029E-001
  0.720006E+000  0.803711E+000  0.177658E+000
  0.720006E+000  0.207382E+001  0.458411E+000
  0.720006E+000  0.253118E+001  0.559508E+000
  0.723340E+000  0.313742E+000  0.690320E-001
  0.723340E+000  0.808729E+000  0.177943E+000
  0.723340E+000  0.208398E+001  0.458533E+000
  0.723340E+000  0.254613E+001  0.560220E+000
  0.726673E+000  0.338957E+000  0.742380E-001
  0.726673E+000  0.209404E+001  0.458633E+000
  0.726673E+000  0.256118E+001  0.560947E+000
  0.730006E+000  0.363529E+000  0.792561E-001
  0.730006E+000  0.818713E+000  0.178495E+000
  0.730006E+000  0.210401E+001  0.458713E+000
  0.730006E+000  0.257634E+001  0.561691E+000
  0.733340E+000  0.387564E+000  0.841120E-001
  0.733340E+000  0.211389E+001  0.458773E+000
  0.733340E+000  0.259161E+001  0.562450E+000
  0.736673E+000  0.411139E+000  0.888248E-001
  0.736673E+000  0.828650E+000  0.179026E+000
  0.736673E+000  0.212370E+001  0.458816E+000
  0.736673E+000  0.260697E+001  0.563225E+000
  0.740006E+000  0.434316E+000  0.934094E-001
  0.740006E+000  0.213343E+001  0.458842E+000
  0.740006E+000  0.262244E+001  0.564015E+000
  0.743340E+000  0.457138E+000  0.978770E-001
  0.743340E+000  0.214309E+001  0.458852E+000
  0.743340E+000  0.263801E+001  0.564819E+000
  0.746673E+000  0.479643E+000  0.102237E+000
  0.746673E+000  0.215267E+001  0.458847E+000
  0.746673E+000  0.265368E+001  0.565639E+000
  0.750006E+000  0.501856E+000  0.106496E+000
  0.750006E+000  0.216219E+001  0.458827E+000
  0.750006E+000  0.266946E+001  0.566472E+000
  0.753340E+000  0.523799E+000  0.110661E+000
  0.753340E+000  0.853491E+000  0.180313E+000
  0.753340E+000  0.217164E+001  0.458794E+000
  0.753340E+000  0.268534E+001  0.567320E+000
  0.756673E+000  0.545489E+000  0.114736E+000
  0.756673E+000  0.218103E+001  0.458748E+000
  0.756673E+000  0.270132E+001  0.568183E+000
  0.760006E+000  0.566937E+000  0.118724E+000
  0.760006E+000  0.219037E+001  0.458691E+000
  0.760006E+000  0.271740E+001  0.569059E+000
  0.763340E+000  0.588152E+000  0.122629E+000
  0.763340E+000  0.219964E+001  0.458622E+000
  0.763340E+000  0.273359E+001  0.569949E+000
  0.766673E+000  0.609137E+000  0.126452E+000
  0.766673E+000  0.220887E+001  0.458543E+000
  0.766673E+000  0.274988E+001  0.570853E+000
  0.770006E+000  0.629895E+000  0.130195E+000
  0.770006E+000  0.221804E+001  0.458454E+000
  0.770006E+000  0.276627E+001  0.571770E+000
  0.773339E+000  0.650421E+000  0.133858E+000
  0.773339E+000  0.222717E+001  0.458355E+000
  0.773339E+000  0.278277E+001  0.572701E+000
  0.776673E+000  0.670711E+000  0.137441E+000
  0.776673E+000  0.223624E+001  0.458248E+000
  0.776673E+000  0.279938E+001  0.573645E+000
  0.780006E+000  0.690752E+000  0.140943E+000
  0.780006E+000  0.894722E+000  0.182562E+000
  0.780006E+000  0.224528E+001  0.458133E+000
  0.780006E+000  0.281609E+001  0.574603E+000
  0.783339E+000  0.710527E+000  0.144361E+000
  0.783339E+000  0.900229E+000  0.182904E+000
  0.783339E+000  0.225427E+001  0.458011E+000
  0.783339E+000  0.283290E+001  0.575575E+000
  0.786673E+000  0.730011E+000  0.147692E+000
  0.786673E+000  0.226322E+001  0.457881E+000
  0.786673E+000  0.284983E+001  0.576560E+000
  0.790006E+000  0.749172E+000  0.150929E+000
  0.790006E+000  0.911735E+000  0.183679E+000
  0.790006E+000  0.227213E+001  0.457744E+000
  0.790006E+000  0.286686E+001  0.577558E+000
  0.793339E+000  0.767965E+000  0.154064E+000
  0.793339E+000  0.917822E+000  0.184128E+000
  0.793339E+000  0.228101E+001  0.457602E+000
  0.793339E+000  0.288400E+001  0.578571E+000
  0.796673E+000  0.786327E+000  0.157088E+000
  0.796673E+000  0.924212E+000  0.184634E+000
  0.796673E+000  0.228985E+001  0.457454E+000
  0.796673E+000  0.290125E+001  0.579596E+000
  0.800006E+000  0.804181E+000  0.159985E+000
  0.800006E+000  0.930990E+000  0.185213E+000
  0.800006E+000  0.229866E+001  0.457300E+000
  0.800006E+000  0.291862E+001  0.580636E+000
  0.803339E+000  0.821422E+000  0.162737E+000
  0.803339E+000  0.938261E+000  0.185885E+000
  0.803339E+000  0.230744E+001  0.457142E+000
  0.803339E+000  0.293610E+001  0.581690E+000
  0.806673E+000  0.837924E+000  0.165321E+000
  0.806673E+000  0.231618E+001  0.456979E+000
  0.806673E+000  0.295369E+001  0.582757E+000
  0.810006E+000  0.853538E+000  0.167708E+000
  0.810006E+000  0.954828E+000  0.187611E+000
  0.810006E+000  0.232490E+001  0.456811E+000
  0.810006E+000  0.297140E+001  0.583838E+000
  0.813339E+000  0.868113E+000  0.169873E+000
  0.813339E+000  0.964431E+000  0.188721E+000
  0.813339E+000  0.233360E+001  0.456640E+000
  0.813339E+000  0.298922E+001  0.584934E+000
  0.816673E+000  0.881515E+000  0.171792E+000
  0.816673E+000  0.975098E+000  0.190029E+000
  0.816673E+000  0.234227E+001  0.456466E+000
  0.816673E+000  0.300717E+001  0.586044E+000
  0.820006E+000  0.893673E+000  0.173453E+000
  0.820006E+000  0.986906E+000  0.191549E+000
  0.820006E+000  0.235091E+001  0.456288E+000
  0.820006E+000  0.302524E+001  0.587169E+000
  0.823339E+000  0.904599E+000  0.174863E+000
  0.823339E+000  0.999845E+000  0.193274E+000
  0.823339E+000  0.235953E+001  0.456107E+000
  0.823339E+000  0.304343E+001  0.588308E+000
  0.826673E+000  0.914386E+000  0.176042E+000
  0.826673E+000  0.101382E+001  0.195186E+000
  0.826673E+000  0.236813E+001  0.455924E+000
  0.826673E+000  0.306175E+001  0.589462E+000
  0.830006E+000  0.923185E+000  0.177022E+000
  0.830006E+000  0.102869E+001  0.197253E+000
  0.830006E+000  0.237671E+001  0.455738E+000
  0.830006E+000  0.308019E+001  0.590632E+000
  0.833339E+000  0.931166E+000  0.177838E+000
  0.833339E+000  0.104428E+001  0.199442E+000
  0.833339E+000  0.238527E+001  0.455550E+000
  0.833339E+000  0.309877E+001  0.591816E+000
  0.836672E+000  0.938490E+000  0.178523E+000
  0.836672E+000  0.106044E+001  0.201720E+000
  0.836672E+000  0.239382E+001  0.455361E+000
  0.836672E+000  0.311747E+001  0.593017E+000
  0.840006E+000  0.945297E+000  0.179104E+000
  0.840006E+000  0.107702E+001  0.204061E+000
  0.840006E+000  0.240234E+001  0.455169E+000
  0.840006E+000  0.313631E+001  0.594233E+000
  0.843339E+000  0.951697E+000  0.179604E+000
  0.843339E+000  0.109391E+001  0.206443E+000
  0.843339E+000  0.241086E+001  0.454977E+000
  0.843339E+000  0.315528E+001  0.595465E+000
  0.846672E+000  0.957778E+000  0.180040E+000
  0.846672E+000  0.111104E+001  0.208851E+000
  0.846672E+000  0.241935E+001  0.454783E+000
  0.846672E+000  0.317440E+001  0.596714E+000
  0.850006E+000  0.963608E+000  0.180426E+000
  0.850006E+000  0.112834E+001  0.211270E+000
  0.850006E+000  0.242784E+001  0.454588E+000
  0.850006E+000  0.319365E+001  0.597979E+000
  0.853339E+000  0.969237E+000  0.180771E+000
  0.853339E+000  0.114575E+001  0.213692E+000
  0.853339E+000  0.243631E+001  0.454392E+000
  0.853339E+000  0.321305E+001  0.599261E+000
  0.856672E+000  0.974706E+000  0.181084E+000
  0.856672E+000  0.116324E+001  0.216109E+000
  0.856672E+000  0.244477E+001  0.454196E+000
  0.856672E+000  0.323259E+001  0.600560E+000
  0.860006E+000  0.980046E+000  0.181370E+000
  0.860006E+000  0.118077E+001  0.218517E+000
  0.860006E+000  0.245322E+001  0.453999E+000
  0.860006E+000  0.325229E+001  0.601877E+000
  0.863339E+000  0.985280E+000  0.181635E+000
  0.863339E+000  0.119834E+001  0.220911E+000
  0.863339E+000  0.246166E+001  0.453802E+000
  0.863339E+000  0.327213E+001  0.603211E+000
  0.866672E+000  0.990428E+000  0.181881E+000
  0.866672E+000  0.121591E+001  0.223289E+000
  0.866672E+000  0.247009E+001  0.453605E+000
  0.866672E+000  0.329213E+001  0.604564E+000
  0.870006E+000  0.995504E+000  0.182113E+000
  0.870006E+000  0.123348E+001  0.225647E+000
  0.870006E+000  0.247851E+001  0.453408E+000
  0.870006E+000  0.331229E+001  0.605935E+000
  0.873339E+000  0.100052E+001  0.182332E+000
  0.873339E+000  0.125103E+001  0.227985E+000
  0.873339E+000  0.248693E+001  0.453211E+000
  0.873339E+000  0.333261E+001  0.607325E+000
  0.876672E+000  0.100549E+001  0.182541E+000
  0.876672E+000  0.126856E+001  0.230300E+000
  0.876672E+000  0.249534E+001  0.453015E+000
  0.876672E+000  0.335309E+001  0.608734E+000
  0.880006E+000  0.101041E+001  0.182740E+000
  0.880006E+000  0.128606E+001  0.232593E+000
  0.880006E+000  0.250375E+001  0.452819E+000
  0.880006E+000  0.337373E+001  0.610163E+000
  0.883339E+000  0.101530E+001  0.182932E+000
  0.883339E+000  0.130353E+001  0.234862E+000
  0.883339E+000  0.251215E+001  0.452624E+000
  0.883339E+000  0.339455E+001  0.611611E+000
  0.886672E+000  0.102017E+001  0.183117E+000
  0.886672E+000  0.132096E+001  0.237108E+000
  0.886672E+000  0.252054E+001  0.452430E+000
  0.886672E+000  0.341554E+001  0.613080E+000
  0.890006E+000  0.102500E+001  0.183296E+000
  0.890006E+000  0.133834E+001  0.239329E+000
  0.890006E+000  0.252894E+001  0.452237E+000
  0.890006E+000  0.343671E+001  0.614569E+000
  0.893339E+000  0.102982E+001  0.183470E+000
  0.893339E+000  0.135568E+001  0.241525E+000
  0.893339E+000  0.253733E+001  0.452044E+000
  0.893339E+000  0.345806E+001  0.616079E+000
  0.896672E+000  0.103462E+001  0.183640E+000
  0.896672E+000  0.137298E+001  0.243697E+000
  0.896672E+000  0.254572E+001  0.451853E+000
  0.896672E+000  0.347959E+001  0.617610E+000
  0.900005E+000  0.103941E+001  0.183807E+000
  0.900005E+000  0.139022E+001  0.245844E+000
  0.900005E+000  0.255411E+001  0.451664E+000
  0.900005E+000  0.350130E+001  0.619163E+000
  0.903339E+000  0.104419E+001  0.183970E+000
  0.903339E+000  0.140742E+001  0.247967E+000
  0.903339E+000  0.256250E+001  0.451475E+000
  0.903339E+000  0.352321E+001  0.620737E+000
  0.906672E+000  0.104895E+001  0.184130E+000
  0.906672E+000  0.142457E+001  0.250066E+000
  0.906672E+000  0.257090E+001  0.451289E+000
  0.906672E+000  0.354531E+001  0.622335E+000
  0.910005E+000  0.105371E+001  0.184289E+000
  0.910005E+000  0.144167E+001  0.252140E+000
  0.910005E+000  0.257929E+001  0.451104E+000
  0.910005E+000  0.356760E+001  0.623954E+000
  0.913339E+000  0.105847E+001  0.184445E+000
  0.913339E+000  0.145872E+001  0.254190E+000
  0.913339E+000  0.258769E+001  0.450921E+000
  0.913339E+000  0.359010E+001  0.625597E+000
  0.916672E+000  0.106322E+001  0.184600E+000
  0.916672E+000  0.147571E+001  0.256217E+000
  0.916672E+000  0.259609E+001  0.450740E+000
  0.916672E+000  0.361280E+001  0.627263E+000
  0.920005E+000  0.106798E+001  0.184753E+000
  0.920005E+000  0.149266E+001  0.258221E+000
  0.920005E+000  0.260449E+001  0.450560E+000
  0.920005E+000  0.363570E+001  0.628953E+000
  0.923339E+000  0.107273E+001  0.184905E+000
  0.923339E+000  0.150956E+001  0.260201E+000
  0.923339E+000  0.261290E+001  0.450383E+000
  0.923339E+000  0.365882E+001  0.630667E+000
  0.926672E+000  0.107748E+001  0.185057E+000
  0.926672E+000  0.152640E+001  0.262158E+000
  0.926672E+000  0.262132E+001  0.450209E+000
  0.926672E+000  0.368215E+001  0.632405E+000
  0.930005E+000  0.108224E+001  0.185208E+000
  0.930005E+000  0.154320E+001  0.264093E+000
  0.930005E+000  0.262974E+001  0.450036E+000
  0.930005E+000  0.370570E+001  0.634168E+000
  0.933339E+000  0.108700E+001  0.185358E+000
  0.933339E+000  0.155995E+001  0.266006E+000
  0.933339E+000  0.263817E+001  0.449866E+000
  0.933339E+000  0.372946E+001  0.635956E+000
  0.936672E+000  0.109177E+001  0.185509E+000
  0.936672E+000  0.157665E+001  0.267897E+000
  0.936672E+000  0.264660E+001  0.449699E+000
  0.936672E+000  0.375345E+001  0.637769E+000
  0.940005E+000  0.109655E+001  0.185659E+000
  0.940005E+000  0.159330E+001  0.269766E+000
  0.940005E+000  0.265505E+001  0.449534E+000
  0.940005E+000  0.377767E+001  0.639607E+000
  0.943339E+000  0.110133E+001  0.185810E+000
  0.943339E+000  0.160990E+001  0.271614E+000
  0.943339E+000  0.266350E+001  0.449372E+000
  0.943339E+000  0.380211E+001  0.641471E+000
  0.946672E+000  0.110612E+001  0.185962E+000
  0.946672E+000  0.162646E+001  0.273442E+000
  0.946672E+000  0.267197E+001  0.449212E+000
  0.946672E+000  0.382679E+001  0.643361E+000
  0.950005E+000  0.111093E+001  0.186114E+000
  0.950005E+000  0.164298E+001  0.275249E+000
  0.950005E+000  0.268044E+001  0.449056E+000
  0.950005E+000  0.385170E+001  0.645277E+000
  0.953339E+000  0.111574E+001  0.186267E+000
  0.953339E+000  0.165944E+001  0.277036E+000
  0.953339E+000  0.268893E+001  0.448903E+000
  0.953339E+000  0.387684E+001  0.647219E+000
  0.956672E+000  0.112057E+001  0.186421E+000
  0.956672E+000  0.167587E+001  0.278803E+000
  0.956672E+000  0.269743E+001  0.448753E+000
  0.956672E+000  0.390223E+001  0.649187E+000
  0.960005E+000  0.112541E+001  0.186577E+000
  0.960005E+000  0.169225E+001  0.280551E+000
  0.960005E+000  0.270595E+001  0.448607E+000
  0.960005E+000  0.392785E+001  0.651181E+000
  0.963339E+000  0.113027E+001  0.186734E+000
  0.963339E+000  0.170859E+001  0.282280E+000
  0.963339E+000  0.271447E+001  0.448463E+000
  0.963339E+000  0.395372E+001  0.653202E+000
  0.966672E+000  0.113514E+001  0.186892E+000
  0.966672E+000  0.172490E+001  0.283991E+000
  0.966672E+000  0.272302E+001  0.448324E+000
  0.966672E+000  0.397984E+001  0.655249E+000
  0.970005E+000  0.114004E+001  0.187053E+000
  0.970005E+000  0.174116E+001  0.285683E+000
  0.970005E+000  0.273158E+001  0.448187E+000
  0.970005E+000  0.400620E+001  0.657323E+000
  0.973338E+000  0.114495E+001  0.187216E+000
  0.973338E+000  0.175738E+001  0.287358E+000
  0.973338E+000  0.274016E+001  0.448055E+000
  0.973338E+000  0.403281E+001  0.659423E+000
  0.976672E+000  0.114988E+001  0.187381E+000
  0.976672E+000  0.177357E+001  0.289015E+000
  0.976672E+000  0.274875E+001  0.447927E+000
  0.976672E+000  0.405966E+001  0.661548E+000
  0.980005E+000  0.115484E+001  0.187549E+000
  0.980005E+000  0.178973E+001  0.290655E+000
  0.980005E+000  0.275737E+001  0.447802E+000
  0.980005E+000  0.408677E+001  0.663700E+000
  0.983338E+000  0.115982E+001  0.187719E+000
  0.983338E+000  0.180584E+001  0.292279E+000
  0.983338E+000  0.276600E+001  0.447682E+000
  0.983338E+000  0.411412E+001  0.665878E+000
  0.986672E+000  0.116483E+001  0.187893E+000
  0.986672E+000  0.182193E+001  0.293887E+000
  0.986672E+000  0.277466E+001  0.447565E+000
  0.986672E+000  0.414173E+001  0.668081E+000
  0.990005E+000  0.116987E+001  0.188070E+000
  0.990005E+000  0.183799E+001  0.295478E+000
  0.990005E+000  0.278333E+001  0.447454E+000
  0.990005E+000  0.416958E+001  0.670309E+000
  0.993338E+000  0.117493E+001  0.188250E+000
  0.993338E+000  0.185402E+001  0.297055E+000
  0.993338E+000  0.279203E+001  0.447346E+000
  0.993338E+000  0.419768E+001  0.672562E+000
  0.996672E+000  0.118003E+001  0.188435E+000
  0.996672E+000  0.187002E+001  0.298617E+000
  0.996672E+000  0.280076E+001  0.447243E+000
  0.996672E+000  0.422602E+001  0.674839E+000
  0.100001E+001  0.118517E+001  0.188624E+000
  0.100001E+001  0.188600E+001  0.300164E+000
  0.100001E+001  0.280951E+001  0.447145E+000
  0.100001E+001  0.425461E+001  0.677140E+000
  0.100334E+001  0.119034E+001  0.188818E+000
  0.100334E+001  0.190195E+001  0.301697E+000
  0.100334E+001  0.281829E+001  0.447052E+000
  0.100334E+001  0.428345E+001  0.679464E+000
  0.100667E+001  0.119555E+001  0.189017E+000
  0.100667E+001  0.191788E+001  0.303217E+000
  0.100667E+001  0.282710E+001  0.446964E+000
  0.100667E+001  0.431252E+001  0.681811E+000
  0.101000E+001  0.120081E+001  0.189221E+000
  0.101000E+001  0.193379E+001  0.304724E+000
  0.101000E+001  0.283593E+001  0.446881E+000
  0.101000E+001  0.434184E+001  0.684179E+000
  0.101334E+001  0.120611E+001  0.189432E+000
  0.101334E+001  0.194969E+001  0.306218E+000
  0.101334E+001  0.284480E+001  0.446804E+000
  0.101334E+001  0.437138E+001  0.686570E+000
  0.101667E+001  0.121147E+001  0.189649E+000
  0.101667E+001  0.196557E+001  0.307700E+000
  0.101667E+001  0.285370E+001  0.446732E+000
  0.101667E+001  0.440116E+001  0.688980E+000
  0.102000E+001  0.121687E+001  0.189873E+000
  0.102000E+001  0.198144E+001  0.309171E+000
  0.102000E+001  0.286263E+001  0.446666E+000
  0.102334E+001  0.122234E+001  0.190105E+000
  0.102334E+001  0.199730E+001  0.310631E+000
  0.102334E+001  0.287160E+001  0.446606E+000
  0.102334E+001  0.446140E+001  0.693860E+000
  0.102667E+001  0.122787E+001  0.190345E+000
  0.102667E+001  0.201316E+001  0.312080E+000
  0.102667E+001  0.288060E+001  0.446552E+000
  0.102667E+001  0.449185E+001  0.696328E+000
  0.103000E+001  0.123347E+001  0.190594E+000
  0.103000E+001  0.202901E+001  0.313520E+000
  0.103000E+001  0.288965E+001  0.446504E+000
  0.103000E+001  0.452251E+001  0.698812E+000
  0.103334E+001  0.123915E+001  0.190853E+000
  0.103334E+001  0.204486E+001  0.314950E+000
  0.103334E+001  0.289873E+001  0.446463E+000
  0.103667E+001  0.124490E+001  0.191123E+000
  0.103667E+001  0.206072E+001  0.316372E+000
  0.103667E+001  0.290786E+001  0.446429E+000
  0.104000E+001  0.125075E+001  0.191405E+000
  0.104000E+001  0.207659E+001  0.317786E+000
  0.104000E+001  0.291703E+001  0.446402E+000
  0.104000E+001  0.461572E+001  0.706357E+000
  0.104334E+001  0.125669E+001  0.191700E+000
  0.104334E+001  0.209246E+001  0.319193E+000
  0.104334E+001  0.292625E+001  0.446382E+000
  0.104667E+001  0.126274E+001  0.192009E+000
  0.104667E+001  0.210836E+001  0.320593E+000
  0.104667E+001  0.293552E+001  0.446369E+000
  0.105000E+001  0.126890E+001  0.192334E+000
  0.105000E+001  0.212428E+001  0.321988E+000
  0.105000E+001  0.294484E+001  0.446365E+000
  0.105334E+001  0.127520E+001  0.192677E+000
  0.105334E+001  0.214022E+001  0.323379E+000
  0.105334E+001  0.295421E+001  0.446369E+000
  0.105334E+001  0.474263E+001  0.716591E+000
  0.105667E+001  0.128163E+001  0.193038E+000
  0.105667E+001  0.215620E+001  0.324765E+000
  0.105667E+001  0.296364E+001  0.446381E+000
  0.106000E+001  0.128822E+001  0.193421E+000
  0.106000E+001  0.217222E+001  0.326149E+000
  0.106000E+001  0.297313E+001  0.446402E+000
  0.106334E+001  0.129499E+001  0.193828E+000
  0.106334E+001  0.218828E+001  0.327531E+000
  0.106334E+001  0.298268E+001  0.446433E+000
  0.106667E+001  0.130195E+001  0.194261E+000
  0.106667E+001  0.220440E+001  0.328912E+000
  0.106667E+001  0.299230E+001  0.446473E+000
  0.106667E+001  0.487213E+001  0.726957E+000
  0.107000E+001  0.130913E+001  0.194724E+000
  0.107000E+001  0.222058E+001  0.330294E+000
  0.107000E+001  0.300199E+001  0.446523E+000
  0.107334E+001  0.131656E+001  0.195220E+000
  0.107334E+001  0.223683E+001  0.331677E+000
  0.107334E+001  0.301175E+001  0.446583E+000
  0.107667E+001  0.132426E+001  0.195754E+000
  0.107667E+001  0.225315E+001  0.333064E+000
  0.107667E+001  0.302159E+001  0.446655E+000
  0.108000E+001  0.133228E+001  0.196331E+000
  0.108000E+001  0.226957E+001  0.334456E+000
  0.108000E+001  0.303151E+001  0.446738E+000
  0.108000E+001  0.500375E+001  0.737378E+000
  0.108334E+001  0.134065E+001  0.196957E+000
  0.108334E+001  0.228610E+001  0.335854E+000
  0.108334E+001  0.304151E+001  0.446833E+000
  0.108667E+001  0.134944E+001  0.197640E+000
  0.108667E+001  0.230273E+001  0.337261E+000
  0.108667E+001  0.305161E+001  0.446941E+000
  0.109000E+001  0.135870E+001  0.198387E+000
  0.109000E+001  0.231950E+001  0.338677E+000
  0.109000E+001  0.306180E+001  0.447063E+000
  0.109334E+001  0.136850E+001  0.199210E+000
  0.109334E+001  0.233641E+001  0.340106E+000
  0.109334E+001  0.307209E+001  0.447198E+000
  0.109667E+001  0.137895E+001  0.200120E+000
  0.109667E+001  0.235348E+001  0.341549E+000
  0.109667E+001  0.308249E+001  0.447348E+000
  0.110000E+001  0.139014E+001  0.201134E+000
  0.110000E+001  0.237072E+001  0.343010E+000
  0.110000E+001  0.309301E+001  0.447514E+000
  0.110334E+001  0.140222E+001  0.202269E+000
  0.110334E+001  0.238817E+001  0.344490E+000
  0.110334E+001  0.310364E+001  0.447696E+000
  0.110667E+001  0.141537E+001  0.203550E+000
  0.110667E+001  0.240583E+001  0.345992E+000
  0.110667E+001  0.311441E+001  0.447896E+000
  0.110667E+001  0.527136E+001  0.758096E+000
  0.111000E+001  0.142977E+001  0.205004E+000
  0.111000E+001  0.242373E+001  0.347520E+000
  0.111000E+001  0.312531E+001  0.448114E+000
  0.111334E+001  0.144571E+001  0.206669E+000
  0.111334E+001  0.244190E+001  0.349077E+000
  0.111334E+001  0.313635E+001  0.448351E+000
  0.111667E+001  0.146351E+001  0.208588E+000
  0.111667E+001  0.246036E+001  0.350666E+000
  0.111667E+001  0.314756E+001  0.448609E+000
  0.112000E+001  0.148357E+001  0.210818E+000
  0.112000E+001  0.247914E+001  0.352291E+000
  0.112000E+001  0.315892E+001  0.448889E+000
  0.112334E+001  0.150639E+001  0.213426E+000
  0.112334E+001  0.249826E+001  0.353955E+000
  0.112334E+001  0.317046E+001  0.449193E+000
  0.112667E+001  0.153256E+001  0.216491E+000
  0.112667E+001  0.251777E+001  0.355663E+000
  0.112667E+001  0.318220E+001  0.449521E+000
  0.113000E+001  0.156275E+001  0.220104E+000
  0.113000E+001  0.253767E+001  0.357417E+000
  0.113000E+001  0.319413E+001  0.449875E+000
  0.113334E+001  0.159761E+001  0.224353E+000
  0.113334E+001  0.255801E+001  0.359222E+000
  0.113334E+001  0.320627E+001  0.450258E+000
  0.113667E+001  0.163769E+001  0.229307E+000
  0.113667E+001  0.257881E+001  0.361081E+000
  0.113667E+001  0.321865E+001  0.450670E+000
  0.113667E+001  0.557560E+001  0.780688E+000
  0.114000E+001  0.260009E+001  0.362996E+000
  0.114000E+001  0.323126E+001  0.451114E+000
  0.114334E+001  0.398749E+000  0.555067E-001
  0.114334E+001  0.262186E+001  0.364968E+000
  0.114334E+001  0.324414E+001  0.451591E+000
  0.114667E+001  0.614067E+000  0.852309E-001
  0.114667E+001  0.178802E+001  0.248173E+000
  0.114667E+001  0.264414E+001  0.367000E+000
  0.114667E+001  0.325730E+001  0.452105E+000
  0.115000E+001  0.764199E+000  0.105761E+000
  0.115000E+001  0.184475E+001  0.255305E+000
  0.115000E+001  0.266692E+001  0.369089E+000
  0.115000E+001  0.327076E+001  0.452657E+000
  0.115334E+001  0.875207E+000  0.120774E+000
  0.115334E+001  0.190210E+001  0.262480E+000
  0.115334E+001  0.269019E+001  0.371233E+000
  0.115334E+001  0.328453E+001  0.453249E+000
  0.115667E+001  0.958832E+000  0.131933E+000
  0.115667E+001  0.195854E+001  0.269490E+000
  0.115667E+001  0.271393E+001  0.373430E+000
  0.115667E+001  0.329863E+001  0.453884E+000
  0.116000E+001  0.102299E+001  0.140356E+000
  0.116000E+001  0.201296E+001  0.276182E+000
  0.116000E+001  0.273809E+001  0.375671E+000
  0.116000E+001  0.331310E+001  0.454564E+000
  0.116334E+001  0.107326E+001  0.146831E+000
  0.116334E+001  0.206467E+001  0.282465E+000
  0.116334E+001  0.276261E+001  0.377950E+000
  0.116334E+001  0.332794E+001  0.455292E+000
  0.116667E+001  0.111352E+001  0.151904E+000
  0.116667E+001  0.211333E+001  0.288296E+000
  0.116667E+001  0.278744E+001  0.380257E+000
  0.116667E+001  0.334318E+001  0.456070E+000
  0.117000E+001  0.114648E+001  0.155955E+000
  0.117000E+001  0.215884E+001  0.293665E+000
  0.117000E+001  0.281247E+001  0.382579E+000
  0.117000E+001  0.335884E+001  0.456901E+000
  0.117334E+001  0.117401E+001  0.159246E+000
  0.117334E+001  0.220125E+001  0.298585E+000
  0.117334E+001  0.283764E+001  0.384905E+000
  0.117334E+001  0.337493E+001  0.457786E+000
  0.117667E+001  0.119744E+001  0.161964E+000
  0.117667E+001  0.224074E+001  0.303080E+000
  0.117667E+001  0.286283E+001  0.387222E+000
  0.117667E+001  0.339149E+001  0.458728E+000
  0.118000E+001  0.121773E+001  0.164243E+000
  0.118000E+001  0.227751E+001  0.307183E+000
  0.118000E+001  0.288794E+001  0.389516E+000
  0.118000E+001  0.340851E+001  0.459728E+000
  0.118334E+001  0.123555E+001  0.166177E+000
  0.118334E+001  0.231178E+001  0.310927E+000
  0.118334E+001  0.291289E+001  0.391774E+000
  0.118334E+001  0.342602E+001  0.460789E+000
  0.118667E+001  0.125142E+001  0.167840E+000
  0.118667E+001  0.234379E+001  0.314347E+000
  0.118667E+001  0.293758E+001  0.393985E+000
  0.118667E+001  0.344403E+001  0.461909E+000
  0.119000E+001  0.126574E+001  0.169283E+000
  0.119000E+001  0.237377E+001  0.317476E+000
  0.119000E+001  0.296192E+001  0.396137E+000
  0.119000E+001  0.346254E+001  0.463091E+000
  0.119334E+001  0.127877E+001  0.170549E+000
  0.119334E+001  0.240192E+001  0.320343E+000
  0.119334E+001  0.298585E+001  0.398222E+000
  0.119334E+001  0.348156E+001  0.464334E+000
  0.119667E+001  0.129076E+001  0.171669E+000
  0.119667E+001  0.242844E+001  0.322978E+000
  0.119667E+001  0.300930E+001  0.400231E+000
  0.119667E+001  0.350108E+001  0.465637E+000
  0.120000E+001  0.130188E+001  0.172667E+000
  0.120000E+001  0.245351E+001  0.325406E+000
  0.120000E+001  0.303222E+001  0.402160E+000
  0.120000E+001  0.352110E+001  0.466999E+000
  0.120334E+001  0.131227E+001  0.173563E+000
  0.120334E+001  0.247729E+001  0.327649E+000
  0.120334E+001  0.305458E+001  0.404003E+000
  0.120334E+001  0.354161E+001  0.468417E+000
  0.120667E+001  0.132205E+001  0.174373E+000
  0.120667E+001  0.249991E+001  0.329728E+000
  0.120667E+001  0.307636E+001  0.405760E+000
  0.120667E+001  0.356259E+001  0.469891E+000
  0.121000E+001  0.133129E+001  0.175108E+000
  0.121000E+001  0.252151E+001  0.331661E+000
  0.121000E+001  0.309754E+001  0.407428E+000
  0.121000E+001  0.358402E+001  0.471415E+000
  0.121334E+001  0.134009E+001  0.175781E+000
  0.121334E+001  0.254219E+001  0.333462E+000
  0.121334E+001  0.311812E+001  0.409008E+000
  0.121334E+001  0.360588E+001  0.472988E+000
  0.121667E+001  0.134849E+001  0.176399E+000
  0.121667E+001  0.256205E+001  0.335147E+000
  0.121667E+001  0.313811E+001  0.410502E+000
  0.121667E+001  0.362815E+001  0.474605E+000
  0.122000E+001  0.135656E+001  0.176969E+000
  0.122000E+001  0.258118E+001  0.336727E+000
  0.122000E+001  0.315752E+001  0.411913E+000
  0.122000E+001  0.365080E+001  0.476263E+000
  0.122334E+001  0.136433E+001  0.177498E+000
  0.122334E+001  0.259965E+001  0.338212E+000
  0.122334E+001  0.317638E+001  0.413244E+000
  0.122334E+001  0.367380E+001  0.477957E+000
  0.122667E+001  0.137184E+001  0.177990E+000
  0.122667E+001  0.261753E+001  0.339613E+000
  0.122667E+001  0.319470E+001  0.414497E+000
  0.122667E+001  0.369711E+001  0.479684E+000
  0.123000E+001  0.137912E+001  0.178449E+000
  0.123000E+001  0.263487E+001  0.340936E+000
  0.123000E+001  0.321251E+001  0.415679E+000
  0.123000E+001  0.372072E+001  0.481438E+000
  0.123334E+001  0.138619E+001  0.178880E+000
  0.123334E+001  0.265173E+001  0.342190E+000
  0.123334E+001  0.322984E+001  0.416792E+000
  0.123334E+001  0.374459E+001  0.483217E+000
  0.123667E+001  0.139309E+001  0.179285E+000
  0.123667E+001  0.266814E+001  0.343380E+000
  0.123667E+001  0.324673E+001  0.417842E+000
  0.123667E+001  0.376869E+001  0.485016E+000
  0.124000E+001  0.139982E+001  0.179667E+000
  0.124000E+001  0.268415E+001  0.344512E+000
  0.124000E+001  0.326320E+001  0.418833E+000
  0.124000E+001  0.379299E+001  0.486832E+000
  0.124334E+001  0.140641E+001  0.180029E+000
  0.124334E+001  0.269980E+001  0.345591E+000
  0.124334E+001  0.327928E+001  0.419769E+000
  0.124334E+001  0.381748E+001  0.488661E+000
  0.124667E+001  0.141287E+001  0.180372E+000
  0.124667E+001  0.271511E+001  0.346621E+000
  0.124667E+001  0.329501E+001  0.420654E+000
  0.124667E+001  0.384212E+001  0.490501E+000
  0.125000E+001  0.141921E+001  0.180699E+000
  0.125000E+001  0.273011E+001  0.347607E+000
  0.125000E+001  0.331041E+001  0.421493E+000
  0.125000E+001  0.386691E+001  0.492348E+000
  0.125334E+001  0.142545E+001  0.181010E+000
  0.125334E+001  0.274482E+001  0.348551E+000
  0.125334E+001  0.332551E+001  0.422289E+000
  0.125334E+001  0.389181E+001  0.494201E+000
  0.125667E+001  0.143159E+001  0.181308E+000
  0.125667E+001  0.275927E+001  0.349456E+000
  0.125667E+001  0.334033E+001  0.423046E+000
  0.125667E+001  0.391681E+001  0.496056E+000
  0.126000E+001  0.143764E+001  0.181593E+000
  0.126000E+001  0.277348E+001  0.350326E+000
  0.126000E+001  0.335490E+001  0.423768E+000
  0.126000E+001  0.394189E+001  0.497913E+000
  0.126334E+001  0.144362E+001  0.181867E+000
  0.126334E+001  0.278745E+001  0.351163E+000
  0.126334E+001  0.336924E+001  0.424456E+000
  0.126334E+001  0.396705E+001  0.499768E+000
  0.126667E+001  0.144952E+001  0.182130E+000
  0.126667E+001  0.280122E+001  0.351968E+000
  0.126667E+001  0.338338E+001  0.425115E+000
  0.126667E+001  0.399227E+001  0.501622E+000
  0.127000E+001  0.145536E+001  0.182384E+000
  0.127000E+001  0.281478E+001  0.352744E+000
  0.127000E+001  0.339732E+001  0.425747E+000
  0.127000E+001  0.401754E+001  0.503472E+000
  0.127334E+001  0.146114E+001  0.182629E+000
  0.127334E+001  0.282816E+001  0.353493E+000
  0.127334E+001  0.341110E+001  0.426355E+000
  0.127334E+001  0.404285E+001  0.505317E+000
  0.127667E+001  0.146687E+001  0.182866E+000
  0.127667E+001  0.284137E+001  0.354216E+000
  0.127667E+001  0.342472E+001  0.426940E+000
  0.127667E+001  0.406819E+001  0.507157E+000
  0.128000E+001  0.147255E+001  0.183096E+000
  0.128000E+001  0.285440E+001  0.354915E+000
  0.128000E+001  0.343821E+001  0.427505E+000
  0.128000E+001  0.409356E+001  0.508991E+000
  0.128334E+001  0.147818E+001  0.183319E+000
  0.128334E+001  0.286729E+001  0.355591E+000
  0.128334E+001  0.345157E+001  0.428051E+000
  0.128334E+001  0.411895E+001  0.510818E+000
  0.128667E+001  0.148377E+001  0.183535E+000
  0.128667E+001  0.288002E+001  0.356245E+000
  0.128667E+001  0.346482E+001  0.428581E+000
  0.128667E+001  0.414437E+001  0.512638E+000
  0.129000E+001  0.148933E+001  0.183746E+000
  0.129000E+001  0.289261E+001  0.356878E+000
  0.129000E+001  0.347797E+001  0.429096E+000
  0.129000E+001  0.416979E+001  0.514451E+000
  0.129334E+001  0.149484E+001  0.183952E+000
  0.129334E+001  0.290508E+001  0.357492E+000
  0.129334E+001  0.349103E+001  0.429597E+000
  0.129334E+001  0.419523E+001  0.516255E+000
  0.129667E+001  0.150033E+001  0.184153E+000
  0.129667E+001  0.291741E+001  0.358087E+000
  0.129667E+001  0.350401E+001  0.430087E+000
  0.129667E+001  0.422068E+001  0.518052E+000
  0.130000E+001  0.150579E+001  0.184349E+000
  0.130000E+001  0.292962E+001  0.358664E+000
  0.130000E+001  0.351692E+001  0.430565E+000
  0.130000E+001  0.424615E+001  0.519841E+000
  0.130334E+001  0.151122E+001  0.184541E+000
  0.130334E+001  0.294172E+001  0.359224E+000
  0.130334E+001  0.352978E+001  0.431033E+000
  0.130334E+001  0.427162E+001  0.521622E+000
  0.130667E+001  0.151663E+001  0.184729E+000
  0.130667E+001  0.295371E+001  0.359767E+000
  0.130667E+001  0.354258E+001  0.431493E+000
  0.130667E+001  0.429710E+001  0.523394E+000
  0.131000E+001  0.152202E+001  0.184913E+000
  0.131000E+001  0.296559E+001  0.360295E+000
  0.131000E+001  0.355533E+001  0.431944E+000
  0.131000E+001  0.432259E+001  0.525160E+000
  0.131334E+001  0.152739E+001  0.185095E+000
  0.131334E+001  0.297737E+001  0.360808E+000
  0.131334E+001  0.356805E+001  0.432389E+000
  0.131334E+001  0.434809E+001  0.526917E+000
  0.131667E+001  0.153274E+001  0.185273E+000
  0.131667E+001  0.298905E+001  0.361307E+000
  0.131667E+001  0.358073E+001  0.432827E+000
  0.131667E+001  0.437360E+001  0.528667E+000
  0.132000E+001  0.153808E+001  0.185448E+000
  0.132000E+001  0.300064E+001  0.361792E+000
  0.132000E+001  0.359339E+001  0.433260E+000
  0.132000E+001  0.439912E+001  0.530409E+000
  0.132334E+001  0.154340E+001  0.185621E+000
  0.132334E+001  0.301214E+001  0.362263E+000
  0.132334E+001  0.360602E+001  0.433689E+000
  0.132334E+001  0.442466E+001  0.532145E+000
  0.132667E+001  0.154870E+001  0.185791E+000
  0.132667E+001  0.302354E+001  0.362722E+000
  0.132667E+001  0.361864E+001  0.434112E+000
  0.132667E+001  0.445021E+001  0.533873E+000
  0.133000E+001  0.155400E+001  0.185959E+000
  0.133000E+001  0.303487E+001  0.363168E+000
  0.133000E+001  0.363124E+001  0.434533E+000
  0.133000E+001  0.447579E+001  0.535596E+000
  0.133334E+001  0.155929E+001  0.186126E+000
  0.133334E+001  0.304611E+001  0.363602E+000
  0.133334E+001  0.364384E+001  0.434950E+000
  0.133334E+001  0.450138E+001  0.537312E+000
  0.133667E+001  0.156456E+001  0.186290E+000
  0.133667E+001  0.305728E+001  0.364025E+000
  0.133667E+001  0.365643E+001  0.435365E+000
  0.133667E+001  0.452700E+001  0.539022E+000
  0.134000E+001  0.156984E+001  0.186453E+000
  0.134000E+001  0.306837E+001  0.364436E+000
  0.134000E+001  0.366902E+001  0.435777E+000
  0.134000E+001  0.455264E+001  0.540726E+000
  0.134334E+001  0.157510E+001  0.186614E+000
  0.134334E+001  0.307938E+001  0.364837E+000
  0.134334E+001  0.368162E+001  0.436188E+000
  0.134334E+001  0.457831E+001  0.542426E+000
  0.134667E+001  0.158036E+001  0.186773E+000
  0.134667E+001  0.309032E+001  0.365227E+000
  0.134667E+001  0.369422E+001  0.436598E+000
  0.134667E+001  0.460401E+001  0.544120E+000
  0.135000E+001  0.158562E+001  0.186932E+000
  0.135000E+001  0.310120E+001  0.365607E+000
  0.135000E+001  0.370682E+001  0.437006E+000
  0.135000E+001  0.462974E+001  0.545810E+000
  0.135334E+001  0.159087E+001  0.187089E+000
  0.135334E+001  0.311200E+001  0.365977E+000
  0.135334E+001  0.371944E+001  0.437414E+000
  0.135334E+001  0.465551E+001  0.547496E+000
  0.135667E+001  0.159612E+001  0.187246E+000
  0.135667E+001  0.312274E+001  0.366338E+000
  0.135667E+001  0.373208E+001  0.437821E+000
  0.135667E+001  0.468131E+001  0.549178E+000
  0.136000E+001  0.160137E+001  0.187401E+000
  0.136000E+001  0.313342E+001  0.366690E+000
  0.136000E+001  0.374473E+001  0.438228E+000
  0.136000E+001  0.470716E+001  0.550857E+000
  0.136334E+001  0.160662E+001  0.187556E+000
  0.136334E+001  0.314404E+001  0.367033E+000
  0.136334E+001  0.375740E+001  0.438636E+000
  0.136334E+001  0.473305E+001  0.552533E+000
  0.136667E+001  0.161187E+001  0.187710E+000
  0.136667E+001  0.315459E+001  0.367367E+000
  0.136667E+001  0.377009E+001  0.439044E+000
  0.136667E+001  0.475898E+001  0.554205E+000
  0.137000E+001  0.161713E+001  0.187864E+000
  0.137000E+001  0.316509E+001  0.367692E+000
  0.137000E+001  0.378280E+001  0.439453E+000
  0.137000E+001  0.478497E+001  0.555876E+000
  0.137334E+001  0.162239E+001  0.188017E+000
  0.137334E+001  0.317553E+001  0.368010E+000
  0.137334E+001  0.379554E+001  0.439862E+000
  0.137334E+001  0.481100E+001  0.557544E+000
  0.137667E+001  0.162765E+001  0.188170E+000
  0.137667E+001  0.318592E+001  0.368319E+000
  0.137667E+001  0.380830E+001  0.440273E+000
  0.137667E+001  0.483710E+001  0.559210E+000
  0.138000E+001  0.163291E+001  0.188323E+000
  0.138000E+001  0.319625E+001  0.368621E+000
  0.138000E+001  0.382110E+001  0.440685E+000
  0.138000E+001  0.486325E+001  0.560875E+000
  0.138334E+001  0.163818E+001  0.188475E+000
  0.138334E+001  0.320653E+001  0.368916E+000
  0.138334E+001  0.383392E+001  0.441098E+000
  0.138334E+001  0.488945E+001  0.562539E+000
  0.138667E+001  0.164346E+001  0.188628E+000
  0.138667E+001  0.321676E+001  0.369203E+000
  0.138667E+001  0.384677E+001  0.441513E+000
  0.138667E+001  0.491573E+001  0.564202E+000
  0.139000E+001  0.164874E+001  0.188780E+000
  0.139000E+001  0.322694E+001  0.369483E+000
  0.139000E+001  0.385966E+001  0.441930E+000
  0.139334E+001  0.165403E+001  0.188933E+000
  0.139334E+001  0.323707E+001  0.369757E+000
  0.139334E+001  0.387258E+001  0.442349E+000
  0.139667E+001  0.165933E+001  0.189086E+000
  0.139667E+001  0.324716E+001  0.370024E+000
  0.139667E+001  0.388554E+001  0.442769E+000
  0.140000E+001  0.166464E+001  0.189240E+000
  0.140000E+001  0.325720E+001  0.370284E+000
  0.140000E+001  0.389853E+001  0.443192E+000
  0.140334E+001  0.166996E+001  0.189393E+000
  0.140334E+001  0.326719E+001  0.370538E+000
  0.140334E+001  0.391157E+001  0.443618E+000
  0.140334E+001  0.504813E+001  0.572517E+000
  0.140667E+001  0.167529E+001  0.189548E+000
  0.140667E+001  0.327714E+001  0.370786E+000
  0.140667E+001  0.392464E+001  0.444046E+000
  0.140667E+001  0.507483E+001  0.574182E+000
  0.141000E+001  0.168064E+001  0.189703E+000
  0.141000E+001  0.328706E+001  0.371028E+000
  0.141000E+001  0.393775E+001  0.444476E+000
  0.141000E+001  0.510162E+001  0.575848E+000
  0.141334E+001  0.168599E+001  0.189858E+000
  0.141334E+001  0.329693E+001  0.371265E+000
  0.141334E+001  0.395091E+001  0.444909E+000
  0.141667E+001  0.169136E+001  0.190015E+000
  0.141667E+001  0.330676E+001  0.371496E+000
  0.141667E+001  0.396410E+001  0.445345E+000
  0.142000E+001  0.169674E+001  0.190172E+000
  0.142000E+001  0.331655E+001  0.371721E+000
  0.142000E+001  0.397735E+001  0.445784E+000
  0.142334E+001  0.170214E+001  0.190331E+000
  0.142334E+001  0.332631E+001  0.371942E+000
  0.142334E+001  0.399063E+001  0.446226E+000
  0.142667E+001  0.170756E+001  0.190490E+000
  0.142667E+001  0.333603E+001  0.372157E+000
  0.142667E+001  0.400397E+001  0.446670E+000
  0.143000E+001  0.171299E+001  0.190651E+000
  0.143000E+001  0.334571E+001  0.372368E+000
  0.143000E+001  0.401735E+001  0.447118E+000
  0.143334E+001  0.171844E+001  0.190813E+000
  0.143334E+001  0.335536E+001  0.372573E+000
  0.143334E+001  0.403078E+001  0.447570E+000
  0.143334E+001  0.529158E+001  0.587567E+000
  0.143667E+001  0.172391E+001  0.190976E+000
  0.143667E+001  0.336498E+001  0.372774E+000
  0.143667E+001  0.404425E+001  0.448024E+000
  0.144000E+001  0.172940E+001  0.191141E+000
  0.144000E+001  0.337457E+001  0.372971E+000
  0.144000E+001  0.405778E+001  0.448482E+000
  0.144334E+001  0.173492E+001  0.191307E+000
  0.144334E+001  0.338412E+001  0.373163E+000
  0.144334E+001  0.407136E+001  0.448944E+000
  0.144667E+001  0.174045E+001  0.191475E+000
  0.144667E+001  0.339365E+001  0.373351E+000
  0.144667E+001  0.408499E+001  0.449409E+000
  0.145000E+001  0.174601E+001  0.191645E+000
  0.145000E+001  0.340314E+001  0.373535E+000
  0.145000E+001  0.409868E+001  0.449878E+000
  0.145334E+001  0.175159E+001  0.191817E+000
  0.145334E+001  0.341261E+001  0.373716E+000
  0.145334E+001  0.411241E+001  0.450351E+000
  0.145667E+001  0.175720E+001  0.191990E+000
  0.145667E+001  0.342205E+001  0.373892E+000
  0.145667E+001  0.412621E+001  0.450827E+000
  0.146000E+001  0.176283E+001  0.192166E+000
  0.146000E+001  0.343147E+001  0.374065E+000
  0.146000E+001  0.414005E+001  0.451308E+000
  0.146000E+001  0.551459E+001  0.601146E+000
  0.146334E+001  0.176850E+001  0.192345E+000
  0.146334E+001  0.344086E+001  0.374234E+000
  0.146334E+001  0.415396E+001  0.451792E+000
  0.146667E+001  0.177419E+001  0.192525E+000
  0.146667E+001  0.345023E+001  0.374400E+000
  0.146667E+001  0.416792E+001  0.452280E+000
  0.147000E+001  0.177992E+001  0.192709E+000
  0.147000E+001  0.345957E+001  0.374563E+000
  0.147000E+001  0.418195E+001  0.452773E+000
  0.147334E+001  0.178567E+001  0.192895E+000
  0.147334E+001  0.346889E+001  0.374722E+000
  0.147334E+001  0.419603E+001  0.453270E+000
  0.147667E+001  0.179147E+001  0.193084E+000
  0.147667E+001  0.347819E+001  0.374878E+000
  0.147667E+001  0.421017E+001  0.453771E+000
  0.148000E+001  0.179730E+001  0.193276E+000
  0.148000E+001  0.348747E+001  0.375032E+000
  0.148000E+001  0.422437E+001  0.454276E+000
  0.148334E+001  0.180317E+001  0.193471E+000
  0.148334E+001  0.349673E+001  0.375183E+000
  0.148334E+001  0.423864E+001  0.454786E+000
  0.148667E+001  0.180908E+001  0.193670E+000
  0.148667E+001  0.350597E+001  0.375331E+000
  0.148667E+001  0.425297E+001  0.455300E+000
  0.148667E+001  0.574465E+001  0.614992E+000
  0.149000E+001  0.181503E+001  0.193873E+000
  0.149000E+001  0.351520E+001  0.375477E+000
  0.149000E+001  0.426736E+001  0.455819E+000
  0.149334E+001  0.182102E+001  0.194079E+000
  0.149334E+001  0.352441E+001  0.375620E+000
  0.149334E+001  0.428182E+001  0.456342E+000
  0.149667E+001  0.182707E+001  0.194289E+000
  0.149667E+001  0.353360E+001  0.375761E+000
  0.149667E+001  0.429634E+001  0.456871E+000
  0.150000E+001  0.183316E+001  0.194504E+000
  0.150000E+001  0.354278E+001  0.375900E+000
  0.150000E+001  0.431093E+001  0.457403E+000
  0.150334E+001  0.183931E+001  0.194724E+000
  0.150334E+001  0.355194E+001  0.376036E+000
  0.150334E+001  0.432559E+001  0.457941E+000
  0.150667E+001  0.184551E+001  0.194948E+000
  0.150667E+001  0.356109E+001  0.376171E+000
  0.150667E+001  0.434032E+001  0.458484E+000
  0.151000E+001  0.185177E+001  0.195178E+000
  0.151000E+001  0.357023E+001  0.376303E+000
  0.151000E+001  0.435512E+001  0.459032E+000
  0.151334E+001  0.185810E+001  0.195413E+000
  0.151334E+001  0.357935E+001  0.376434E+000
  0.151334E+001  0.436999E+001  0.459584E+000
  0.151667E+001  0.134085E+000  0.140705E-001
  0.151667E+001  0.186449E+001  0.195654E+000
  0.151667E+001  0.358847E+001  0.376564E+000
  0.151667E+001  0.438493E+001  0.460142E+000
  0.152000E+001  0.209660E+000  0.219528E-001
  0.152000E+001  0.187095E+001  0.195902E+000
  0.152000E+001  0.359758E+001  0.376692E+000
  0.152000E+001  0.439995E+001  0.460705E+000
  0.152334E+001  0.266140E+000  0.278057E-001
  0.152334E+001  0.187749E+001  0.196156E+000
  0.152334E+001  0.360668E+001  0.376818E+000
  0.152334E+001  0.441503E+001  0.461274E+000
  0.152667E+001  0.314122E+000  0.327471E-001
  0.152667E+001  0.188411E+001  0.196418E+000
  0.152667E+001  0.361577E+001  0.376943E+000
  0.152667E+001  0.443020E+001  0.461847E+000
  0.153000E+001  0.357163E+000  0.371531E-001
  0.153000E+001  0.189081E+001  0.196687E+000
  0.153000E+001  0.362485E+001  0.377067E+000
  0.153000E+001  0.444544E+001  0.462426E+000
  0.153334E+001  0.396990E+000  0.412062E-001
  0.153334E+001  0.189760E+001  0.196965E+000
  0.153334E+001  0.363393E+001  0.377190E+000
  0.153334E+001  0.446075E+001  0.463011E+000
  0.153667E+001  0.434605E+000  0.450127E-001
  0.153667E+001  0.190450E+001  0.197251E+000
  0.153667E+001  0.364301E+001  0.377311E+000
  0.153667E+001  0.447615E+001  0.463601E+000
  0.154000E+001  0.470660E+000  0.486414E-001
  0.154000E+001  0.191149E+001  0.197548E+000
  0.154000E+001  0.365208E+001  0.377432E+000
  0.154000E+001  0.449162E+001  0.464197E+000
  0.154334E+001  0.505613E+000  0.521408E-001
  0.154334E+001  0.191861E+001  0.197854E+000
  0.154334E+001  0.366115E+001  0.377552E+000
  0.154334E+001  0.450717E+001  0.464798E+000
  0.154667E+001  0.539810E+000  0.555474E-001
  0.154667E+001  0.192584E+001  0.198172E+000
  0.154667E+001  0.367022E+001  0.377672E+000
  0.154667E+001  0.452281E+001  0.465405E+000
  0.155000E+001  0.573526E+000  0.588899E-001
  0.155000E+001  0.193321E+001  0.198503E+000
  0.155000E+001  0.367929E+001  0.377791E+000
  0.155000E+001  0.453852E+001  0.466018E+000
  0.155334E+001  0.606988E+000  0.621921E-001
  0.155334E+001  0.194072E+001  0.198846E+000
  0.155334E+001  0.368835E+001  0.377909E+000
  0.155334E+001  0.455432E+001  0.466637E+000
  0.155667E+001  0.640393E+000  0.654742E-001
  0.155667E+001  0.194839E+001  0.199205E+000
  0.155667E+001  0.369742E+001  0.378027E+000
  0.155667E+001  0.457021E+001  0.467261E+000
  0.156000E+001  0.673916E+000  0.687544E-001
  0.156000E+001  0.195623E+001  0.199579E+000
  0.156000E+001  0.370650E+001  0.378145E+000
  0.156000E+001  0.458617E+001  0.467892E+000
  0.156334E+001  0.707720E+000  0.720493E-001
  0.156334E+001  0.196425E+001  0.199970E+000
  0.156334E+001  0.371557E+001  0.378263E+000
  0.156334E+001  0.460223E+001  0.468528E+000
  0.156667E+001  0.741960E+000  0.753743E-001
  0.156667E+001  0.197249E+001  0.200381E+000
  0.156667E+001  0.372465E+001  0.378380E+000
  0.156667E+001  0.461837E+001  0.469171E+000
  0.157000E+001  0.776782E+000  0.787443E-001
  0.157000E+001  0.198094E+001  0.200813E+000
  0.157000E+001  0.373374E+001  0.378498E+000
  0.157000E+001  0.463459E+001  0.469820E+000
  0.157334E+001  0.812334E+000  0.821738E-001
  0.157334E+001  0.198965E+001  0.201269E+000
  0.157334E+001  0.374283E+001  0.378616E+000
  0.157334E+001  0.465091E+001  0.470475E+000
  0.157667E+001  0.848758E+000  0.856769E-001
  0.157667E+001  0.199864E+001  0.201750E+000
  0.157667E+001  0.375194E+001  0.378735E+000
  0.157667E+001  0.466731E+001  0.471136E+000
  0.158000E+001  0.886198E+000  0.892675E-001
  0.158000E+001  0.200794E+001  0.202261E+000
  0.158000E+001  0.376105E+001  0.378853E+000
  0.158000E+001  0.468381E+001  0.471804E+000
  0.158334E+001  0.924797E+000  0.929594E-001
  0.158334E+001  0.201758E+001  0.202805E+000
  0.158334E+001  0.377017E+001  0.378973E+000
  0.158334E+001  0.470039E+001  0.472478E+000
  0.158667E+001  0.964688E+000  0.967655E-001
  0.158667E+001  0.202762E+001  0.203386E+000
  0.158667E+001  0.377931E+001  0.379093E+000
  0.158667E+001  0.471707E+001  0.473158E+000
  0.159000E+001  0.100600E+001  0.100698E+000
  0.159000E+001  0.203810E+001  0.204008E+000
  0.159000E+001  0.378845E+001  0.379214E+000
  0.159000E+001  0.473384E+001  0.473845E+000
  0.159334E+001  0.104885E+001  0.104768E+000
  0.159334E+001  0.204908E+001  0.204679E+000
  0.159334E+001  0.379762E+001  0.379336E+000
  0.159334E+001  0.475071E+001  0.474538E+000
  0.159667E+001  0.109333E+001  0.108983E+000
  0.159667E+001  0.206063E+001  0.205403E+000
  0.159667E+001  0.380680E+001  0.379459E+000
  0.159667E+001  0.476767E+001  0.475238E+000
  0.160000E+001  0.113950E+001  0.113348E+000
  0.160000E+001  0.207284E+001  0.206189E+000
  0.160000E+001  0.381599E+001  0.379583E+000
  0.160000E+001  0.478472E+001  0.475944E+000
  0.160334E+001  0.118736E+001  0.117863E+000
  0.160334E+001  0.208580E+001  0.207047E+000
  0.160334E+001  0.382521E+001  0.379709E+000
  0.160334E+001  0.480187E+001  0.476657E+000
  0.160667E+001  0.123686E+001  0.122522E+000
  0.160667E+001  0.209963E+001  0.207987E+000
  0.160667E+001  0.383445E+001  0.379836E+000
  0.160667E+001  0.481911E+001  0.477376E+000
  0.161000E+001  0.128785E+001  0.127309E+000
  0.161000E+001  0.211446E+001  0.209023E+000
  0.161000E+001  0.384370E+001  0.379965E+000
  0.161000E+001  0.483646E+001  0.478102E+000
  0.161334E+001  0.134009E+001  0.132199E+000
  0.161334E+001  0.213046E+001  0.210169E+000
  0.161334E+001  0.385299E+001  0.380096E+000
  0.161334E+001  0.485390E+001  0.478835E+000
  0.161667E+001  0.139322E+001  0.137158E+000
  0.161667E+001  0.214779E+001  0.211442E+000
  0.161667E+001  0.386229E+001  0.380228E+000
  0.161667E+001  0.487143E+001  0.479574E+000
  0.162000E+001  0.144679E+001  0.142138E+000
  0.162000E+001  0.216668E+001  0.212862E+000
  0.162000E+001  0.387163E+001  0.380363E+000
  0.162000E+001  0.488907E+001  0.480320E+000
  0.162334E+001  0.150023E+001  0.147085E+000
  0.162334E+001  0.218733E+001  0.214450E+000
  0.162334E+001  0.388099E+001  0.380500E+000
  0.162334E+001  0.490681E+001  0.481073E+000
  0.162667E+001  0.155289E+001  0.151936E+000
  0.162667E+001  0.220999E+001  0.216227E+000
  0.162667E+001  0.389038E+001  0.380639E+000
  0.162667E+001  0.492464E+001  0.481832E+000
  0.163000E+001  0.160412E+001  0.156628E+000
  0.163000E+001  0.223487E+001  0.218215E+000
  0.163000E+001  0.389981E+001  0.380781E+000
  0.163000E+001  0.494258E+001  0.482598E+000
  0.163334E+001  0.165327E+001  0.161097E+000
  0.163334E+001  0.226219E+001  0.220431E+000
  0.163334E+001  0.390927E+001  0.380925E+000
  0.163334E+001  0.496061E+001  0.483371E+000
  0.163667E+001  0.169979E+001  0.165293E+000
  0.163667E+001  0.229206E+001  0.222887E+000
  0.163667E+001  0.391876E+001  0.381073E+000
  0.163667E+001  0.497875E+001  0.484150E+000
  0.164000E+001  0.174325E+001  0.169174E+000
  0.164000E+001  0.232454E+001  0.225587E+000
  0.164000E+001  0.392829E+001  0.381224E+000
  0.164000E+001  0.499699E+001  0.484936E+000
  0.164334E+001  0.178339E+001  0.172719E+000
  0.164334E+001  0.235957E+001  0.228522E+000
  0.164334E+001  0.393787E+001  0.381377E+000
  0.164334E+001  0.501533E+001  0.485728E+000
  0.164667E+001  0.182014E+001  0.175922E+000
  0.164667E+001  0.239697E+001  0.231673E+000
  0.164667E+001  0.394748E+001  0.381535E+000
  0.164667E+001  0.503377E+001  0.486527E+000
  0.165000E+001  0.185358E+001  0.178792E+000
  0.165000E+001  0.395714E+001  0.381696E+000
  0.165000E+001  0.505231E+001  0.487333E+000
  0.165334E+001  0.188392E+001  0.181352E+000
  0.165334E+001  0.396685E+001  0.381861E+000
  0.165334E+001  0.507095E+001  0.488145E+000
  0.165667E+001  0.191146E+001  0.183633E+000
  0.165667E+001  0.397660E+001  0.382030E+000
  0.165667E+001  0.508969E+001  0.488963E+000
  0.166000E+001  0.193653E+001  0.185667E+000
  0.166000E+001  0.398641E+001  0.382203E+000
  0.166000E+001  0.510854E+001  0.489788E+000
  0.166334E+001  0.195946E+001  0.187490E+000
  0.166334E+001  0.260770E+001  0.249516E+000
  0.166334E+001  0.399627E+001  0.382380E+000
  0.166334E+001  0.512749E+001  0.490620E+000
  0.166667E+001  0.198059E+001  0.189132E+000
  0.166667E+001  0.265202E+001  0.253249E+000
  0.166667E+001  0.400619E+001  0.382562E+000
  0.166667E+001  0.514653E+001  0.491457E+000
  0.167000E+001  0.200020E+001  0.190623E+000
  0.167000E+001  0.269632E+001  0.256965E+000
  0.167000E+001  0.401617E+001  0.382750E+000
  0.167000E+001  0.516568E+001  0.492301E+000
  0.167333E+001  0.201854E+001  0.191988E+000
  0.167333E+001  0.274038E+001  0.260644E+000
  0.167333E+001  0.402620E+001  0.382942E+000
  0.167333E+001  0.518494E+001  0.493152E+000
  0.167667E+001  0.321134E+000  0.304831E-001
  0.167667E+001  0.203584E+001  0.193249E+000
  0.167667E+001  0.278402E+001  0.264269E+000
  0.167667E+001  0.403631E+001  0.383140E+000
  0.167667E+001  0.520429E+001  0.494008E+000
  0.168000E+001  0.559573E+000  0.530112E-001
  0.168000E+001  0.205228E+001  0.194423E+000
  0.168000E+001  0.282711E+001  0.267827E+000
  0.168000E+001  0.404648E+001  0.383343E+000
  0.168000E+001  0.522374E+001  0.494871E+000
  0.168333E+001  0.689139E+000  0.651563E-001
  0.168333E+001  0.206802E+001  0.195526E+000
  0.168333E+001  0.286955E+001  0.271308E+000
  0.168333E+001  0.405672E+001  0.383552E+000
  0.168333E+001  0.524329E+001  0.495740E+000
  0.168667E+001  0.780315E+000  0.736310E-001
  0.168667E+001  0.208320E+001  0.196572E+000
  0.168667E+001  0.291124E+001  0.274706E+000
  0.168667E+001  0.406703E+001  0.383767E+000
  0.168667E+001  0.526295E+001  0.496615E+000
  0.169000E+001  0.854561E+000  0.804778E-001
  0.169000E+001  0.209793E+001  0.197571E+000
  0.169000E+001  0.295214E+001  0.278016E+000
  0.169000E+001  0.407742E+001  0.383989E+000
  0.169000E+001  0.528270E+001  0.497495E+000
  0.169333E+001  0.918647E+000  0.863428E-001
  0.169333E+001  0.211229E+001  0.198532E+000
  0.169333E+001  0.299220E+001  0.281234E+000
  0.169333E+001  0.408789E+001  0.384217E+000
  0.169333E+001  0.530255E+001  0.498382E+000
  0.169667E+001  0.975765E+000  0.915311E-001
  0.169667E+001  0.212639E+001  0.199464E+000
  0.169667E+001  0.303141E+001  0.284359E+000
  0.169667E+001  0.409844E+001  0.384452E+000
  0.169667E+001  0.532250E+001  0.499274E+000
  0.170000E+001  0.102771E+001  0.962151E-001
  0.170000E+001  0.214027E+001  0.200373E+000
  0.170000E+001  0.306974E+001  0.287390E+000
  0.170000E+001  0.410908E+001  0.384694E+000
  0.170000E+001  0.534255E+001  0.500172E+000
  0.170333E+001  0.138855E+000  0.129742E-001
  0.170333E+001  0.107563E+001  0.100504E+000
  0.170333E+001  0.215402E+001  0.201265E+000
  0.170333E+001  0.310719E+001  0.290327E+000
  0.170333E+001  0.411980E+001  0.384943E+000
  0.170333E+001  0.536270E+001  0.501076E+000
  0.170667E+001  0.191268E+000  0.178366E-001
  0.170667E+001  0.112027E+001  0.104470E+000
  0.170667E+001  0.216766E+001  0.202145E+000
  0.170667E+001  0.314376E+001  0.293171E+000
  0.170667E+001  0.413062E+001  0.385200E+000
  0.170667E+001  0.538294E+001  0.501985E+000
  0.171000E+001  0.233859E+000  0.217660E-001
  0.171000E+001  0.116218E+001  0.108168E+000
  0.171000E+001  0.218127E+001  0.203017E+000
  0.171000E+001  0.317946E+001  0.295922E+000
  0.171000E+001  0.414153E+001  0.385465E+000
  0.171000E+001  0.540328E+001  0.502900E+000
  0.171333E+001  0.270890E+000  0.251635E-001
  0.171333E+001  0.120177E+001  0.111635E+000
  0.171333E+001  0.219486E+001  0.203885E+000
  0.171333E+001  0.321429E+001  0.298582E+000
  0.171333E+001  0.415254E+001  0.385737E+000
  0.171333E+001  0.542372E+001  0.503820E+000
  0.171667E+001  0.304137E+000  0.281970E-001
  0.171667E+001  0.123933E+001  0.114901E+000
  0.171667E+001  0.220849E+001  0.204752E+000
  0.171667E+001  0.324827E+001  0.301152E+000
  0.171667E+001  0.416365E+001  0.386018E+000
  0.171667E+001  0.544426E+001  0.504745E+000
  0.172000E+001  0.334557E+000  0.309572E-001
  0.172000E+001  0.127511E+001  0.117989E+000
  0.172000E+001  0.222217E+001  0.205621E+000
  0.172000E+001  0.328141E+001  0.303635E+000
  0.172000E+001  0.417486E+001  0.386308E+000
  0.172000E+001  0.546489E+001  0.505676E+000
  0.172333E+001  0.362743E+000  0.335004E-001
  0.172333E+001  0.130930E+001  0.120917E+000
  0.172333E+001  0.223594E+001  0.206495E+000
  0.172333E+001  0.331372E+001  0.306031E+000
  0.172333E+001  0.418618E+001  0.386606E+000
  0.172333E+001  0.548561E+001  0.506612E+000
  0.172667E+001  0.389099E+000  0.358650E-001
  0.172667E+001  0.134203E+001  0.123701E+000
  0.172667E+001  0.224982E+001  0.207377E+000
  0.172667E+001  0.334522E+001  0.308344E+000
  0.172667E+001  0.419761E+001  0.386913E+000
  0.172667E+001  0.550643E+001  0.507553E+000
  0.173000E+001  0.413915E+000  0.380789E-001
  0.173000E+001  0.137345E+001  0.126353E+000
  0.173000E+001  0.226384E+001  0.208267E+000
  0.173000E+001  0.337593E+001  0.310575E+000
  0.173000E+001  0.420915E+001  0.387229E+000
  0.173000E+001  0.552734E+001  0.508499E+000
  0.173333E+001  0.437411E+000  0.401631E-001
  0.173333E+001  0.140365E+001  0.128883E+000
  0.173333E+001  0.227802E+001  0.209168E+000
  0.173333E+001  0.340586E+001  0.312726E+000
  0.173333E+001  0.422081E+001  0.387555E+000
  0.173333E+001  0.554834E+001  0.509449E+000
  0.173667E+001  0.459760E+000  0.421342E-001
  0.173667E+001  0.143272E+001  0.131300E+000
  0.173667E+001  0.229237E+001  0.210082E+000
  0.173667E+001  0.343503E+001  0.314800E+000
  0.173667E+001  0.423258E+001  0.387890E+000
  0.173667E+001  0.556944E+001  0.510405E+000
  0.174000E+001  0.481100E+000  0.440054E-001
  0.174000E+001  0.146074E+001  0.133611E+000
  0.174000E+001  0.230691E+001  0.211009E+000
  0.174000E+001  0.346347E+001  0.316797E+000
  0.174000E+001  0.424448E+001  0.388235E+000
  0.174000E+001  0.559063E+001  0.511365E+000
  0.174333E+001  0.501542E+000  0.457875E-001
  0.174333E+001  0.148776E+001  0.135823E+000
  0.174333E+001  0.232165E+001  0.211952E+000
  0.174333E+001  0.349118E+001  0.318722E+000
  0.174333E+001  0.425649E+001  0.388589E+000
  0.174667E+001  0.521184E+000  0.474899E-001
  0.174667E+001  0.151385E+001  0.137941E+000
  0.174667E+001  0.233662E+001  0.212911E+000
  0.174667E+001  0.351818E+001  0.320574E+000
  0.174667E+001  0.426863E+001  0.388954E+000
  0.175000E+001  0.540103E+000  0.491200E-001
  0.175000E+001  0.153905E+001  0.139970E+000
  0.175000E+001  0.235181E+001  0.213886E+000
  0.175000E+001  0.354450E+001  0.322357E+000
  0.175000E+001  0.428089E+001  0.389328E+000
  0.175333E+001  0.558368E+000  0.506846E-001
  0.175333E+001  0.156340E+001  0.141914E+000
  0.175333E+001  0.236723E+001  0.214880E+000
  0.175333E+001  0.357015E+001  0.324072E+000
  0.175333E+001  0.429328E+001  0.389713E+000
  0.175667E+001  0.576037E+000  0.521893E-001
  0.175667E+001  0.158695E+001  0.143778E+000
  0.175667E+001  0.238291E+001  0.215892E+000
  0.175667E+001  0.359514E+001  0.325722E+000
  0.175667E+001  0.430579E+001  0.390107E+000
  0.176000E+001  0.593163E+000  0.536391E-001
  0.176000E+001  0.160972E+001  0.145565E+000
  0.176000E+001  0.239883E+001  0.216923E+000
  0.176000E+001  0.361950E+001  0.327308E+000
  0.176000E+001  0.431844E+001  0.390511E+000
  0.176333E+001  0.609789E+000  0.550383E-001
  0.176333E+001  0.163176E+001  0.147279E+000
  0.176333E+001  0.241501E+001  0.217974E+000
  0.176333E+001  0.364324E+001  0.328831E+000
  0.176333E+001  0.433121E+001  0.390926E+000
  0.176667E+001  0.625955E+000  0.563908E-001
  0.176667E+001  0.165309E+001  0.148923E+000
  0.176667E+001  0.243145E+001  0.219043E+000
  0.176667E+001  0.366638E+001  0.330295E+000
  0.176667E+001  0.434410E+001  0.391350E+000
  0.177000E+001  0.641696E+000  0.577000E-001
  0.177000E+001  0.167373E+001  0.150499E+000
  0.177000E+001  0.244815E+001  0.220133E+000
  0.177000E+001  0.368893E+001  0.331701E+000
  0.177000E+001  0.435713E+001  0.391784E+000
  0.177000E+001  0.578536E+001  0.520208E+000
  0.177333E+001  0.657045E+000  0.589691E-001
  0.177333E+001  0.246511E+001  0.221241E+000
  0.177333E+001  0.371091E+001  0.333050E+000
  0.177333E+001  0.437028E+001  0.392228E+000
  0.177333E+001  0.580744E+001  0.521212E+000
  0.177667E+001  0.672028E+000  0.602007E-001
  0.177667E+001  0.248233E+001  0.222369E+000
  0.177667E+001  0.373234E+001  0.334345E+000
  0.177667E+001  0.438356E+001  0.392682E+000
  0.177667E+001  0.582960E+001  0.522219E+000
  0.178000E+001  0.686672E+000  0.613973E-001
  0.178000E+001  0.249982E+001  0.223516E+000
  0.178000E+001  0.375323E+001  0.335587E+000
  0.178000E+001  0.439696E+001  0.393144E+000
  0.178000E+001  0.585185E+001  0.523231E+000
  0.178333E+001  0.700999E+000  0.625612E-001
  0.178333E+001  0.251756E+001  0.224682E+000
  0.178333E+001  0.377360E+001  0.336778E+000
  0.178333E+001  0.441048E+001  0.393616E+000
  0.178333E+001  0.587419E+001  0.524246E+000
  0.178667E+001  0.715031E+000  0.636944E-001
  0.178667E+001  0.253556E+001  0.225865E+000
  0.178667E+001  0.379347E+001  0.337919E+000
  0.178667E+001  0.442412E+001  0.394097E+000
  0.178667E+001  0.589661E+001  0.525265E+000
  0.179000E+001  0.728786E+000  0.647987E-001
  0.179000E+001  0.255380E+001  0.227067E+000
  0.179000E+001  0.381285E+001  0.339013E+000
  0.179000E+001  0.443787E+001  0.394586E+000
  0.179333E+001  0.742280E+000  0.658759E-001
  0.179333E+001  0.257230E+001  0.228286E+000
  0.179333E+001  0.383176E+001  0.340061E+000
  0.179333E+001  0.445174E+001  0.395084E+000
  0.179667E+001  0.755532E+000  0.669276E-001
  0.179667E+001  0.259103E+001  0.229522E+000
  0.179667E+001  0.385021E+001  0.341065E+000
  0.179667E+001  0.446572E+001  0.395589E+000
  0.180000E+001  0.768554E+000  0.679550E-001
  0.180000E+001  0.183311E+001  0.162083E+000
  0.180000E+001  0.260999E+001  0.230774E+000
  0.180000E+001  0.386822E+001  0.342026E+000
  0.180000E+001  0.447981E+001  0.396102E+000
  0.180333E+001  0.781360E+000  0.689597E-001
  0.180333E+001  0.184830E+001  0.163124E+000
  0.180333E+001  0.262918E+001  0.232041E+000
  0.180333E+001  0.388581E+001  0.342945E+000
  0.180333E+001  0.449400E+001  0.396622E+000
  0.180667E+001  0.793964E+000  0.699428E-001
  0.180667E+001  0.186306E+001  0.164123E+000
  0.180667E+001  0.264859E+001  0.233322E+000
  0.180667E+001  0.390298E+001  0.343826E+000
  0.180667E+001  0.450829E+001  0.397149E+000
  0.181000E+001  0.806376E+000  0.709053E-001
  0.181000E+001  0.187742E+001  0.165083E+000
  0.181000E+001  0.266821E+001  0.234618E+000
  0.181000E+001  0.391976E+001  0.344668E+000
  0.181000E+001  0.452267E+001  0.397682E+000
  0.181333E+001  0.818606E+000  0.718485E-001
  0.181333E+001  0.189138E+001  0.166005E+000
  0.181333E+001  0.268804E+001  0.235927E+000
  0.181333E+001  0.393616E+001  0.345474E+000
  0.181333E+001  0.453714E+001  0.398222E+000
  0.181667E+001  0.830666E+000  0.727731E-001
  0.181667E+001  0.190498E+001  0.166892E+000
  0.181667E+001  0.270806E+001  0.237248E+000
  0.181667E+001  0.395219E+001  0.346245E+000
  0.181667E+001  0.455170E+001  0.398766E+000
  0.182000E+001  0.842564E+000  0.736803E-001
  0.182000E+001  0.191822E+001  0.167744E+000
  0.182000E+001  0.272828E+001  0.238581E+000
  0.182000E+001  0.396788E+001  0.346982E+000
  0.182000E+001  0.456634E+001  0.399316E+000
  0.182333E+001  0.854309E+000  0.745708E-001
  0.182333E+001  0.193114E+001  0.168565E+000
  0.182333E+001  0.274867E+001  0.239926E+000
  0.182333E+001  0.398322E+001  0.347687E+000
  0.182333E+001  0.458106E+001  0.399871E+000
  0.182667E+001  0.865908E+000  0.754453E-001
  0.182667E+001  0.194373E+001  0.169354E+000
  0.182667E+001  0.276925E+001  0.241281E+000
  0.182667E+001  0.399824E+001  0.348361E+000
  0.182667E+001  0.459585E+001  0.400430E+000
  0.183000E+001  0.877370E+000  0.763048E-001
  0.183000E+001  0.195602E+001  0.170115E+000
  0.183000E+001  0.278999E+001  0.242645E+000
  0.183000E+001  0.401295E+001  0.349006E+000
  0.183000E+001  0.461071E+001  0.400993E+000
  0.183333E+001  0.888702E+000  0.771497E-001
  0.183333E+001  0.196803E+001  0.170848E+000
  0.183333E+001  0.281090E+001  0.244019E+000
  0.183333E+001  0.402737E+001  0.349623E+000
  0.183333E+001  0.462563E+001  0.401559E+000
  0.183667E+001  0.899909E+000  0.779809E-001
  0.183667E+001  0.197976E+001  0.171555E+000
  0.183667E+001  0.283196E+001  0.245402E+000
  0.183667E+001  0.404150E+001  0.350213E+000
  0.183667E+001  0.464062E+001  0.402129E+000
  0.184000E+001  0.910999E+000  0.787989E-001
  0.184000E+001  0.199124E+001  0.172237E+000
  0.184000E+001  0.285318E+001  0.246792E+000
  0.184000E+001  0.405536E+001  0.350777E+000
  0.184000E+001  0.465565E+001  0.402701E+000
  0.184333E+001  0.921978E+000  0.796043E-001
  0.184333E+001  0.200247E+001  0.172895E+000
  0.184333E+001  0.287454E+001  0.248190E+000
  0.184333E+001  0.406896E+001  0.351317E+000
  0.184333E+001  0.467074E+001  0.403275E+000
  0.184333E+001  0.629069E+001  0.543144E+000
  0.184667E+001  0.932852E+000  0.803978E-001
  0.184667E+001  0.201348E+001  0.173532E+000
  0.184667E+001  0.289604E+001  0.249595E+000
  0.184667E+001  0.408231E+001  0.351833E+000
  0.184667E+001  0.468588E+001  0.403852E+000
  0.184667E+001  0.631464E+001  0.544227E+000
  0.185000E+001  0.943625E+000  0.811797E-001
  0.185000E+001  0.202427E+001  0.174147E+000
  0.185000E+001  0.291768E+001  0.251007E+000
  0.185000E+001  0.409542E+001  0.352327E+000
  0.185000E+001  0.470105E+001  0.404430E+000
  0.185333E+001  0.954303E+000  0.819507E-001
  0.185333E+001  0.203485E+001  0.174743E+000
  0.185333E+001  0.293945E+001  0.252425E+000
  0.185333E+001  0.410831E+001  0.352800E+000
  0.185333E+001  0.471627E+001  0.405010E+000
  0.185667E+001  0.964890E+000  0.827111E-001
  0.185667E+001  0.204524E+001  0.175319E+000
  0.185667E+001  0.296134E+001  0.253848E+000
  0.185667E+001  0.412098E+001  0.353253E+000
  0.185667E+001  0.473153E+001  0.405590E+000
  0.186000E+001  0.975392E+000  0.834615E-001
  0.186000E+001  0.205544E+001  0.175878E+000
  0.186000E+001  0.298336E+001  0.255277E+000
  0.186000E+001  0.413344E+001  0.353687E+000
  0.186000E+001  0.474682E+001  0.406172E+000
  0.186333E+001  0.985813E+000  0.842023E-001
  0.186333E+001  0.206547E+001  0.176420E+000
  0.186333E+001  0.300549E+001  0.256712E+000
  0.186333E+001  0.414571E+001  0.354102E+000
  0.186333E+001  0.476214E+001  0.406754E+000
  0.186667E+001  0.996157E+000  0.849339E-001
  0.186667E+001  0.207534E+001  0.176947E+000
  0.186667E+001  0.302775E+001  0.258151E+000
  0.186667E+001  0.415779E+001  0.354500E+000
  0.186667E+001  0.477748E+001  0.407336E+000
  0.187000E+001  0.100643E+001  0.856567E-001
  0.187000E+001  0.208506E+001  0.177458E+000
  0.187000E+001  0.305012E+001  0.259594E+000
  0.187000E+001  0.416970E+001  0.354881E+000
  0.187000E+001  0.479286E+001  0.407918E+000
  0.187333E+001  0.101663E+001  0.863710E-001
  0.187333E+001  0.209462E+001  0.177955E+000
  0.187333E+001  0.307260E+001  0.261042E+000
  0.187333E+001  0.418143E+001  0.355247E+000
  0.187333E+001  0.480825E+001  0.408500E+000
  0.187667E+001  0.102677E+001  0.870774E-001
  0.187667E+001  0.210406E+001  0.178439E+000
  0.187667E+001  0.309519E+001  0.262494E+000
  0.187667E+001  0.419301E+001  0.355597E+000
  0.187667E+001  0.482367E+001  0.409082E+000
  0.188000E+001  0.103684E+001  0.877760E-001
  0.188000E+001  0.211336E+001  0.178910E+000
  0.188000E+001  0.311789E+001  0.263950E+000
  0.188000E+001  0.420443E+001  0.355934E+000
  0.188000E+001  0.483911E+001  0.409663E+000
  0.188333E+001  0.104686E+001  0.884674E-001
  0.188333E+001  0.212254E+001  0.179370E+000
  0.188333E+001  0.314069E+001  0.265411E+000
  0.188333E+001  0.421570E+001  0.356257E+000
  0.188333E+001  0.485456E+001  0.410244E+000
  0.188667E+001  0.105683E+001  0.891518E-001
  0.188667E+001  0.213161E+001  0.179818E+000
  0.188667E+001  0.316360E+001  0.266874E+000
  0.188667E+001  0.422684E+001  0.356567E+000
  0.188667E+001  0.487003E+001  0.410824E+000
  0.189000E+001  0.106675E+001  0.898295E-001
  0.189000E+001  0.214057E+001  0.180256E+000
  0.189000E+001  0.318662E+001  0.268342E+000
  0.189000E+001  0.423784E+001  0.356864E+000
  0.189000E+001  0.488551E+001  0.411404E+000
  0.189333E+001  0.107661E+001  0.905008E-001
  0.189333E+001  0.214944E+001  0.180683E+000
  0.189333E+001  0.320974E+001  0.269813E+000
  0.189333E+001  0.424872E+001  0.357151E+000
  0.189333E+001  0.490101E+001  0.411982E+000
  0.189667E+001  0.108644E+001  0.911662E-001
  0.189667E+001  0.215820E+001  0.181101E+000
  0.189667E+001  0.323297E+001  0.271288E+000
  0.189667E+001  0.425948E+001  0.357426E+000
  0.189667E+001  0.491652E+001  0.412559E+000
  0.190000E+001  0.109622E+001  0.918259E-001
  0.190000E+001  0.216688E+001  0.181511E+000
  0.190000E+001  0.325630E+001  0.272766E+000
  0.190000E+001  0.427013E+001  0.357690E+000
  0.190000E+001  0.493204E+001  0.413136E+000
  0.190333E+001  0.110597E+001  0.924801E-001
  0.190333E+001  0.217548E+001  0.181911E+000
  0.190333E+001  0.327974E+001  0.274248E+000
  0.190333E+001  0.428067E+001  0.357945E+000
  0.190333E+001  0.494757E+001  0.413711E+000
  0.190667E+001  0.111568E+001  0.931293E-001
  0.190667E+001  0.218400E+001  0.182305E+000
  0.190667E+001  0.330328E+001  0.275734E+000
  0.190667E+001  0.429110E+001  0.358191E+000
  0.190667E+001  0.496311E+001  0.414285E+000
  0.190667E+001  0.676087E+001  0.564349E+000
  0.191000E+001  0.112537E+001  0.937736E-001
  0.191000E+001  0.219245E+001  0.182690E+000
  0.191000E+001  0.332693E+001  0.277223E+000
  0.191000E+001  0.430144E+001  0.358427E+000
  0.191000E+001  0.497867E+001  0.414858E+000
  0.191333E+001  0.113502E+001  0.944135E-001
  0.191333E+001  0.220083E+001  0.183069E+000
  0.191333E+001  0.335068E+001  0.278716E+000
  0.191333E+001  0.431169E+001  0.358655E+000
  0.191333E+001  0.499423E+001  0.415430E+000
  0.191667E+001  0.114466E+001  0.950491E-001
  0.191667E+001  0.220915E+001  0.183442E+000
  0.191667E+001  0.337454E+001  0.280213E+000
  0.191667E+001  0.432185E+001  0.358875E+000
  0.191667E+001  0.500981E+001  0.416001E+000
  0.192000E+001  0.115427E+001  0.956809E-001
  0.192000E+001  0.221741E+001  0.183808E+000
  0.192000E+001  0.339851E+001  0.281714E+000
  0.192000E+001  0.433193E+001  0.359088E+000
  0.192000E+001  0.502540E+001  0.416571E+000
  0.192333E+001  0.116386E+001  0.963091E-001
  0.192333E+001  0.222561E+001  0.184168E+000
  0.192333E+001  0.342259E+001  0.283218E+000
  0.192333E+001  0.434193E+001  0.359293E+000
  0.192333E+001  0.504099E+001  0.417140E+000
  0.192667E+001  0.117344E+001  0.969339E-001
  0.192667E+001  0.223377E+001  0.184524E+000
  0.192667E+001  0.344679E+001  0.284726E+000
  0.192667E+001  0.435186E+001  0.359492E+000
  0.192667E+001  0.505661E+001  0.417708E+000
  0.193000E+001  0.118301E+001  0.975558E-001
  0.193000E+001  0.224189E+001  0.184874E+000
  0.193000E+001  0.347109E+001  0.286239E+000
  0.193000E+001  0.436172E+001  0.359684E+000
  0.193000E+001  0.507223E+001  0.418275E+000
  0.193333E+001  0.119258E+001  0.981751E-001
  0.193333E+001  0.224996E+001  0.185220E+000
  0.193333E+001  0.349551E+001  0.287756E+000
  0.193333E+001  0.437151E+001  0.359870E+000
  0.193333E+001  0.508787E+001  0.418841E+000
  0.193667E+001  0.120214E+001  0.987919E-001
  0.193667E+001  0.225799E+001  0.185561E+000
  0.193667E+001  0.352004E+001  0.289277E+000
  0.193667E+001  0.438124E+001  0.360050E+000
  0.193667E+001  0.510352E+001  0.419406E+000
  0.194000E+001  0.121171E+001  0.994067E-001
  0.194000E+001  0.226599E+001  0.185899E+000
  0.194000E+001  0.354469E+001  0.290802E+000
  0.194000E+001  0.439092E+001  0.360225E+000
  0.194000E+001  0.511918E+001  0.419971E+000
  0.194333E+001  0.122127E+001  0.100020E+000
  0.194333E+001  0.227396E+001  0.186233E+000
  0.194333E+001  0.356946E+001  0.292331E+000
  0.194333E+001  0.440054E+001  0.360395E+000
  0.194333E+001  0.513487E+001  0.420535E+000
  0.194667E+001  0.123085E+001  0.100632E+000
  0.194667E+001  0.228191E+001  0.186563E+000
  0.194667E+001  0.359435E+001  0.293866E+000
  0.194667E+001  0.441010E+001  0.360560E+000
  0.194667E+001  0.515057E+001  0.421099E+000
  0.195000E+001  0.124045E+001  0.101243E+000
  0.195000E+001  0.228983E+001  0.186891E+000
  0.195000E+001  0.361936E+001  0.295404E+000
  0.195000E+001  0.441962E+001  0.360721E+000
  0.195000E+001  0.516629E+001  0.421662E+000
  0.195333E+001  0.125005E+001  0.101853E+000
  0.195333E+001  0.229773E+001  0.187216E+000
  0.195333E+001  0.364449E+001  0.296948E+000
  0.195333E+001  0.442910E+001  0.360877E+000
  0.195333E+001  0.518203E+001  0.422225E+000
  0.195667E+001  0.125969E+001  0.102463E+000
  0.195667E+001  0.230561E+001  0.187538E+000
  0.195667E+001  0.366974E+001  0.298496E+000
  0.195667E+001  0.443854E+001  0.361030E+000
  0.195667E+001  0.519780E+001  0.422788E+000
  0.196000E+001  0.126935E+001  0.103073E+000
  0.196000E+001  0.231348E+001  0.187858E+000
  0.196000E+001  0.369511E+001  0.300049E+000
  0.196000E+001  0.444794E+001  0.361179E+000
  0.196000E+001  0.521359E+001  0.423351E+000
  0.196000E+001  0.718356E+001  0.583316E+000
  0.196333E+001  0.127905E+001  0.103684E+000
  0.196333E+001  0.232134E+001  0.188176E+000
  0.196333E+001  0.372061E+001  0.301606E+000
  0.196333E+001  0.445730E+001  0.361325E+000
  0.196333E+001  0.522941E+001  0.423915E+000
  0.196667E+001  0.128878E+001  0.104296E+000
  0.196667E+001  0.232919E+001  0.188493E+000
  0.196667E+001  0.374624E+001  0.303169E+000
  0.196667E+001  0.446664E+001  0.361468E+000
  0.196667E+001  0.524525E+001  0.424478E+000
  0.197000E+001  0.129856E+001  0.104910E+000
  0.197000E+001  0.233704E+001  0.188808E+000
  0.197000E+001  0.377198E+001  0.304736E+000
  0.197000E+001  0.447595E+001  0.361609E+000
  0.197000E+001  0.526112E+001  0.425043E+000
  0.197333E+001  0.130840E+001  0.105526E+000
  0.197333E+001  0.234489E+001  0.189122E+000
  0.197333E+001  0.379785E+001  0.306308E+000
  0.197333E+001  0.448523E+001  0.361747E+000
  0.197333E+001  0.527703E+001  0.425607E+000
  0.197667E+001  0.131829E+001  0.106144E+000
  0.197667E+001  0.235274E+001  0.189435E+000
  0.197667E+001  0.382385E+001  0.307884E+000
  0.197667E+001  0.449450E+001  0.361883E+000
  0.197667E+001  0.529297E+001  0.426173E+000
  0.198000E+001  0.132825E+001  0.106767E+000
  0.198000E+001  0.236060E+001  0.189748E+000
  0.198000E+001  0.384996E+001  0.309465E+000
  0.198000E+001  0.450375E+001  0.362017E+000
  0.198000E+001  0.530895E+001  0.426740E+000
  0.198333E+001  0.133829E+001  0.107393E+000
  0.198333E+001  0.236847E+001  0.190061E+000
  0.198333E+001  0.387620E+001  0.311050E+000
  0.198333E+001  0.451298E+001  0.362150E+000
  0.198333E+001  0.532497E+001  0.427308E+000
  0.198667E+001  0.134841E+001  0.108023E+000
  0.198667E+001  0.237635E+001  0.190373E+000
  0.198667E+001  0.390255E+001  0.312639E+000
  0.198667E+001  0.452221E+001  0.362281E+000
  0.198667E+001  0.534103E+001  0.427878E+000
  0.199000E+001  0.135863E+001  0.108660E+000
  0.199000E+001  0.238424E+001  0.190685E+000
  0.199000E+001  0.392902E+001  0.314232E+000
  0.199000E+001  0.453143E+001  0.362412E+000
  0.199000E+001  0.535713E+001  0.428449E+000
  0.199333E+001  0.136896E+001  0.109303E+000
  0.199333E+001  0.239216E+001  0.190998E+000
  0.199333E+001  0.395559E+001  0.315829E+000
  0.199333E+001  0.454066E+001  0.362543E+000
  0.199333E+001  0.537328E+001  0.429022E+000
  0.199667E+001  0.137940E+001  0.109953E+000
  0.199667E+001  0.240009E+001  0.191312E+000
  0.199667E+001  0.398227E+001  0.317428E+000
  0.199667E+001  0.454989E+001  0.362673E+000
  0.199667E+001  0.538948E+001  0.429598E+000
