  0.792563E-002  0.962571E-002  0.156720E+000  0.144893E-002  0.144893E-002  0.133812E-004
  0.792563E-002  0.962571E-002  0.156720E+000  0.144893E-002  0.144893E-002  0.133812E-004
  0.111036E-001  0.134858E-001  0.111750E+000  0.144829E-002  0.144829E-002  0.187596E-004
  0.142813E-001  0.173462E-001  0.867660E-001  0.144777E-002  0.144777E-002  0.241492E-004
  0.174587E-001  0.212068E-001  0.708541E-001  0.144723E-002  0.144723E-002  0.295536E-004
  0.206357E-001  0.250677E-001  0.598230E-001  0.144662E-002  0.144662E-002  0.349762E-004
  0.238123E-001  0.289289E-001  0.517185E-001  0.144594E-002  0.144594E-002  0.404206E-004
  0.269884E-001  0.327906E-001  0.455072E-001  0.144518E-002  0.144518E-002  0.458904E-004
  0.301638E-001  0.366528E-001  0.405909E-001  0.144433E-002  0.144433E-002  0.513891E-004
  0.333386E-001  0.405155E-001  0.365993E-001  0.144340E-002  0.144340E-002  0.569209E-004
  0.365127E-001  0.443788E-001  0.332910E-001  0.144238E-002  0.144238E-002  0.624897E-004
  0.396859E-001  0.482428E-001  0.305021E-001  0.144127E-002  0.144127E-002  0.680995E-004
  0.428583E-001  0.521075E-001  0.281171E-001  0.144008E-002  0.144008E-002  0.737548E-004
  0.460298E-001  0.559730E-001  0.260523E-001  0.143882E-002  0.143882E-002  0.794604E-004
  0.492002E-001  0.598394E-001  0.242459E-001  0.143747E-002  0.143747E-002  0.852207E-004
  0.523695E-001  0.637066E-001  0.226509E-001  0.143604E-002  0.143604E-002  0.910410E-004
  0.555376E-001  0.675748E-001  0.212310E-001  0.143454E-002  0.143454E-002  0.969266E-004
  0.587045E-001  0.714440E-001  0.199579E-001  0.143296E-002  0.143296E-002  0.102883E-003
  0.618701E-001  0.753143E-001  0.188091E-001  0.143131E-002  0.143131E-002  0.108917E-003
  0.650342E-001  0.791857E-001  0.177664E-001  0.142960E-002  0.142960E-002  0.115034E-003
  0.681969E-001  0.830584E-001  0.168149E-001  0.142783E-002  0.142783E-002  0.121242E-003
  0.713580E-001  0.869324E-001  0.159428E-001  0.142600E-002  0.142600E-002  0.127548E-003
  0.745174E-001  0.908076E-001  0.151397E-001  0.142412E-002  0.142412E-002  0.133959E-003
  0.776752E-001  0.946843E-001  0.143974E-001  0.142219E-002  0.142219E-002  0.140485E-003
  0.808311E-001  0.985625E-001  0.137087E-001  0.142022E-002  0.142022E-002  0.147134E-003
  0.839851E-001  0.102442E+000  0.130677E-001  0.141822E-002  0.141822E-002  0.153917E-003
  0.871371E-001  0.106324E+000  0.124692E-001  0.141620E-002  0.141620E-002  0.160844E-003
  0.902870E-001  0.110207E+000  0.119088E-001  0.141414E-002  0.141414E-002  0.167926E-003
  0.934348E-001  0.114091E+000  0.113826E-001  0.141208E-002  0.141208E-002  0.175176E-003
  0.965803E-001  0.117978E+000  0.108872E-001  0.140998E-002  0.140998E-002  0.182604E-003
  0.997234E-001  0.121867E+000  0.104203E-001  0.140794E-002  0.140794E-002  0.190234E-003
  0.102864E+000  0.125757E+000  0.997861E-002  0.140587E-002  0.140587E-002  0.198070E-003
  0.106002E+000  0.129650E+000  0.956074E-002  0.140388E-002  0.140388E-002  0.206143E-003
  0.109138E+000  0.133544E+000  0.916455E-002  0.140199E-002  0.140199E-002  0.214476E-003
  0.112270E+000  0.137441E+000  0.878685E-002  0.139995E-002  0.139995E-002  0.223043E-003
  0.115400E+000  0.141341E+000  0.842811E-002  0.139811E-002  0.139811E-002  0.231926E-003
  0.118527E+000  0.145242E+000  0.808637E-002  0.139639E-002  0.139639E-002  0.241133E-003
  0.121650E+000  0.149147E+000  0.776036E-002  0.139478E-002  0.139478E-002  0.250684E-003
  0.124771E+000  0.153053E+000  0.744806E-002  0.139317E-002  0.139317E-002  0.260593E-003
  0.127888E+000  0.156963E+000  0.714944E-002  0.139171E-002  0.139171E-002  0.270910E-003
  0.131001E+000  0.160875E+000  0.686381E-002  0.139047E-002  0.139047E-002  0.281681E-003
  0.134111E+000  0.164790E+000  0.659000E-002  0.138942E-002  0.138942E-002  0.292941E-003
  0.137217E+000  0.168709E+000  0.632747E-002  0.138861E-002  0.138861E-002  0.304738E-003
  0.140319E+000  0.172630E+000  0.607514E-002  0.138797E-002  0.138797E-002  0.317103E-003
  0.143417E+000  0.176555E+000  0.583293E-002  0.138764E-002  0.138764E-002  0.330117E-003
  0.146511E+000  0.180483E+000  0.559996E-002  0.138759E-002  0.138759E-002  0.343825E-003
  0.149600E+000  0.184415E+000  0.537593E-002  0.138788E-002  0.138788E-002  0.358301E-003
  0.152684E+000  0.188350E+000  0.516038E-002  0.138854E-002  0.138854E-002  0.373625E-003
  0.155763E+000  0.192289E+000  0.495292E-002  0.138963E-002  0.138963E-002  0.389886E-003
  0.158838E+000  0.196232E+000  0.475325E-002  0.139124E-002  0.139124E-002  0.407204E-003
  0.161906E+000  0.200180E+000  0.456038E-002  0.139317E-002  0.139317E-002  0.425604E-003
  0.164969E+000  0.204132E+000  0.437471E-002  0.139572E-002  0.139572E-002  0.445297E-003
  0.168026E+000  0.208089E+000  0.419581E-002  0.139891E-002  0.139891E-002  0.466407E-003
  0.171077E+000  0.212050E+000  0.402313E-002  0.140271E-002  0.140271E-002  0.489069E-003
  0.174120E+000  0.216017E+000  0.385670E-002  0.140724E-002  0.140724E-002  0.513476E-003
  0.177157E+000  0.219989E+000  0.369595E-002  0.141251E-002  0.141251E-002  0.539828E-003
  0.180186E+000  0.223967E+000  0.354103E-002  0.141870E-002  0.141870E-002  0.568393E-003
  0.183207E+000  0.227952E+000  0.339136E-002  0.142576E-002  0.142576E-002  0.599401E-003
  0.186219E+000  0.231943E+000  0.324698E-002  0.143387E-002  0.143387E-002  0.633196E-003
  0.189221E+000  0.235941E+000  0.310787E-002  0.144321E-002  0.144321E-002  0.670184E-003
  0.192214E+000  0.239946E+000  0.297295E-002  0.145351E-002  0.145351E-002  0.710635E-003
  0.195196E+000  0.243960E+000  0.284288E-002  0.146524E-002  0.146524E-002  0.755198E-003
  0.198166E+000  0.247982E+000  0.271728E-002  0.147846E-002  0.147846E-002  0.804419E-003
  0.201123E+000  0.252014E+000  0.259568E-002  0.149312E-002  0.149312E-002  0.858889E-003
  0.204066E+000  0.256056E+000  0.247811E-002  0.150950E-002  0.150950E-002  0.919480E-003
  0.206994E+000  0.260109E+000  0.236449E-002  0.152783E-002  0.152783E-002  0.987207E-003
  0.209904E+000  0.264175E+000  0.225411E-002  0.154789E-002  0.154789E-002  0.106292E-002
  0.212796E+000  0.268253E+000  0.214703E-002  0.157006E-002  0.157006E-002  0.114813E-002
  0.215668E+000  0.272347E+000  0.204311E-002  0.159456E-002  0.159456E-002  0.124448E-002
  0.218516E+000  0.276456E+000  0.194204E-002  0.162146E-002  0.162146E-002  0.135379E-002
  0.221339E+000  0.280583E+000  0.184355E-002  0.165094E-002  0.165094E-002  0.147845E-002
  0.224132E+000  0.284730E+000  0.174728E-002  0.168299E-002  0.168299E-002  0.162106E-002
  0.226894E+000  0.288898E+000  0.165293E-002  0.171780E-002  0.171780E-002  0.178519E-002
  0.229618E+000  0.293091E+000  0.156005E-002  0.175510E-002  0.175510E-002  0.197452E-002
  0.232301E+000  0.297310E+000  0.146847E-002  0.179510E-002  0.179510E-002  0.219436E-002
  0.234938E+000  0.301558E+000  0.137757E-002  0.183731E-002  0.183731E-002  0.245047E-002
  0.237521E+000  0.305839E+000  0.128695E-002  0.188116E-002  0.188116E-002  0.274968E-002
  0.240044E+000  0.310156E+000  0.119638E-002  0.192617E-002  0.192617E-002  0.310109E-002
  0.242500E+000  0.314511E+000  0.110497E-002  0.197046E-002  0.197046E-002  0.351383E-002
  0.244880E+000  0.318908E+000  0.101263E-002  0.201264E-002  0.201264E-002  0.400015E-002
  0.247176E+000  0.323350E+000  0.919028E-003  0.205022E-002  0.205022E-002  0.457369E-002
  0.249378E+000  0.327839E+000  0.823682E-003  0.207890E-002  0.207890E-002  0.524687E-002
  0.251479E+000  0.332377E+000  0.726897E-003  0.209477E-002  0.209477E-002  0.603659E-002
  0.253470E+000  0.336963E+000  0.629175E-003  0.209230E-002  0.209230E-002  0.695774E-002
  0.255348E+000  0.341597E+000  0.530950E-003  0.206380E-002  0.206380E-002  0.802185E-002
  0.257107E+000  0.346277E+000  0.434035E-003  0.200277E-002  0.200277E-002  0.924124E-002
  0.258747E+000  0.351000E+000  0.340284E-003  0.190122E-002  0.190122E-002  0.106221E-001
  0.260271E+000  0.355763E+000  0.252031E-003  0.175085E-002  0.175085E-002  0.121626E-001
  0.261681E+000  0.360560E+000  0.172387E-003  0.154539E-002  0.154539E-002  0.138532E-001
  0.262985E+000  0.365387E+000  0.104437E-003  0.127978E-002  0.127978E-002  0.156814E-001
  0.264191E+000  0.370239E+000  0.512889E-004  0.950631E-003  0.950631E-003  0.176174E-001
  0.265308E+000  0.375113E+000  0.158610E-004  0.558213E-003  0.558213E-003  0.196377E-001
  0.266346E+000  0.380004E+000  0.497255E-006  0.104475E-003  0.104475E-003  0.216821E-001
  0.267314E+000  0.384909E+000  0.687552E-005  0.404155E-003  0.404155E-003  0.237368E-001
  0.268221E+000  0.389826E+000  0.357734E-004  0.959864E-003  0.959864E-003  0.257509E-001
  0.269075E+000  0.394753E+000  0.870117E-004  0.155186E-002  0.155186E-002  0.276760E-001
  0.269885E+000  0.399687E+000  0.159671E-003  0.216982E-002  0.216982E-002  0.294853E-001
  0.270658E+000  0.404627E+000  0.251814E-003  0.279938E-002  0.279938E-002  0.311198E-001
  0.271399E+000  0.409571E+000  0.361139E-003  0.343100E-002  0.343100E-002  0.325958E-001
  0.272115E+000  0.414520E+000  0.484963E-003  0.405371E-002  0.405371E-002  0.338839E-001
  0.272810E+000  0.419471E+000  0.620482E-003  0.465977E-002  0.465977E-002  0.349943E-001
  0.273488E+000  0.424425E+000  0.762896E-003  0.522878E-002  0.522878E-002  0.358371E-001
  0.274154E+000  0.429381E+000  0.911743E-003  0.577168E-002  0.577168E-002  0.365368E-001
  0.274810E+000  0.434337E+000  0.106189E-002  0.626884E-002  0.626884E-002  0.370077E-001
  0.275460E+000  0.439295E+000  0.121279E-002  0.672835E-002  0.672835E-002  0.373275E-001
  0.276106E+000  0.444253E+000  0.136159E-002  0.714420E-002  0.714420E-002  0.374853E-001
  0.276750E+000  0.449211E+000  0.150530E-002  0.751005E-002  0.751005E-002  0.374680E-001
  0.277395E+000  0.454170E+000  0.164580E-002  0.784225E-002  0.784225E-002  0.373683E-001
  0.278041E+000  0.459128E+000  0.177846E-002  0.812561E-002  0.812561E-002  0.371251E-001
  0.278692E+000  0.464085E+000  0.190555E-002  0.837504E-002  0.837504E-002  0.368090E-001
  0.279347E+000  0.469042E+000  0.202193E-002  0.857375E-002  0.857375E-002  0.363558E-001
  0.280008E+000  0.473998E+000  0.213297E-002  0.874843E-002  0.874843E-002  0.358819E-001
  0.280677E+000  0.478953E+000  0.223484E-002  0.888568E-002  0.888568E-002  0.353293E-001
  0.281354E+000  0.483907E+000  0.232998E-002  0.899841E-002  0.899841E-002  0.347519E-001
  0.282040E+000  0.488860E+000  0.241737E-002  0.908442E-002  0.908442E-002  0.341390E-001
  0.282735E+000  0.493811E+000  0.249908E-002  0.915334E-002  0.915334E-002  0.335258E-001
  0.283442E+000  0.498761E+000  0.257114E-002  0.919122E-002  0.919122E-002  0.328564E-001
  0.284159E+000  0.503709E+000  0.263588E-002  0.920878E-002  0.920878E-002  0.321720E-001
  0.284888E+000  0.508656E+000  0.269698E-002  0.921919E-002  0.921919E-002  0.315143E-001
  0.285628E+000  0.513601E+000  0.274955E-002  0.920655E-002  0.920655E-002  0.308270E-001
  0.286382E+000  0.518544E+000  0.279792E-002  0.918551E-002  0.918551E-002  0.301558E-001
  0.287148E+000  0.523485E+000  0.284022E-002  0.915077E-002  0.915077E-002  0.294823E-001
  0.287927E+000  0.528424E+000  0.287660E-002  0.910305E-002  0.910305E-002  0.288067E-001
  0.288719E+000  0.533361E+000  0.290951E-002  0.905046E-002  0.905046E-002  0.281527E-001
  0.289525E+000  0.538295E+000  0.293867E-002  0.899190E-002  0.899190E-002  0.275139E-001
  0.290345E+000  0.543227E+000  0.296318E-002  0.892482E-002  0.892482E-002  0.268806E-001
  0.291179E+000  0.548157E+000  0.298482E-002  0.885458E-002  0.885458E-002  0.262675E-001
  0.292028E+000  0.553085E+000  0.300134E-002  0.877446E-002  0.877446E-002  0.256523E-001
  0.292890E+000  0.558010E+000  0.301658E-002  0.869604E-002  0.869604E-002  0.250685E-001
  0.293767E+000  0.562932E+000  0.302797E-002  0.861141E-002  0.861141E-002  0.244905E-001
  0.294659E+000  0.567852E+000  0.303628E-002  0.852288E-002  0.852288E-002  0.239238E-001
  0.295565E+000  0.572769E+000  0.304283E-002  0.843417E-002  0.843417E-002  0.233780E-001
  0.296486E+000  0.577684E+000  0.304730E-002  0.834414E-002  0.834414E-002  0.228479E-001
  0.297421E+000  0.582596E+000  0.305148E-002  0.825760E-002  0.825760E-002  0.223459E-001
  0.298372E+000  0.587505E+000  0.305085E-002  0.816204E-002  0.816204E-002  0.218362E-001
  0.299337E+000  0.592411E+000  0.305007E-002  0.807016E-002  0.807016E-002  0.213527E-001
  0.300316E+000  0.597314E+000  0.304631E-002  0.797424E-002  0.797424E-002  0.208739E-001
  0.301310E+000  0.602214E+000  0.304332E-002  0.788395E-002  0.788395E-002  0.204240E-001
  0.302319E+000  0.607111E+000  0.303719E-002  0.778896E-002  0.778896E-002  0.199750E-001
  0.303343E+000  0.612005E+000  0.302925E-002  0.769270E-002  0.769270E-002  0.195354E-001
  0.304381E+000  0.616896E+000  0.302129E-002  0.759966E-002  0.759966E-002  0.191159E-001
  0.305434E+000  0.621784E+000  0.301270E-002  0.750807E-002  0.750807E-002  0.187111E-001
  0.306501E+000  0.626669E+000  0.300242E-002  0.741524E-002  0.741524E-002  0.183138E-001
  0.307582E+000  0.631550E+000  0.299174E-002  0.732426E-002  0.732426E-002  0.179310E-001
  0.308678E+000  0.636429E+000  0.297997E-002  0.723331E-002  0.723331E-002  0.175574E-001
  0.309788E+000  0.641304E+000  0.296768E-002  0.714369E-002  0.714369E-002  0.171960E-001
  0.310912E+000  0.646176E+000  0.295474E-002  0.705500E-002  0.705500E-002  0.168451E-001
  0.312050E+000  0.651045E+000  0.294134E-002  0.696758E-002  0.696758E-002  0.165051E-001
  0.313202E+000  0.655910E+000  0.292719E-002  0.688068E-002  0.688068E-002  0.161738E-001
  0.314368E+000  0.660773E+000  0.291266E-002  0.679510E-002  0.679510E-002  0.158526E-001
  0.315547E+000  0.665631E+000  0.289793E-002  0.671116E-002  0.671116E-002  0.155420E-001
  0.316740E+000  0.670487E+000  0.288293E-002  0.662859E-002  0.662859E-002  0.152408E-001
  0.317947E+000  0.675339E+000  0.286691E-002  0.654560E-002  0.654560E-002  0.149446E-001
  0.319167E+000  0.680188E+000  0.285140E-002  0.646563E-002  0.646563E-002  0.146610E-001
  0.320400E+000  0.685034E+000  0.283474E-002  0.638489E-002  0.638489E-002  0.143811E-001
  0.321646E+000  0.689876E+000  0.281816E-002  0.630603E-002  0.630603E-002  0.141106E-001
  0.322905E+000  0.694715E+000  0.280130E-002  0.622821E-002  0.622821E-002  0.138473E-001
  0.324177E+000  0.699550E+000  0.278537E-002  0.615403E-002  0.615403E-002  0.135968E-001
  0.325461E+000  0.704383E+000  0.276711E-002  0.607623E-002  0.607623E-002  0.133427E-001
  0.326758E+000  0.709212E+000  0.274996E-002  0.600236E-002  0.600236E-002  0.131014E-001
  0.328068E+000  0.714037E+000  0.273331E-002  0.593097E-002  0.593097E-002  0.128695E-001
  0.329389E+000  0.718859E+000  0.271502E-002  0.585742E-002  0.585742E-002  0.126369E-001
  0.330723E+000  0.723678E+000  0.269741E-002  0.578662E-002  0.578662E-002  0.124138E-001
  0.332069E+000  0.728493E+000  0.268033E-002  0.571822E-002  0.571822E-002  0.121993E-001
  0.333426E+000  0.733306E+000  0.266279E-002  0.565007E-002  0.565007E-002  0.119887E-001
  0.334796E+000  0.738115E+000  0.264466E-002  0.558182E-002  0.558182E-002  0.117810E-001
  0.336176E+000  0.742920E+000  0.262735E-002  0.551645E-002  0.551645E-002  0.115825E-001
  0.337569E+000  0.747722E+000  0.260965E-002  0.545131E-002  0.545131E-002  0.113873E-001
  0.338972E+000  0.752521E+000  0.259140E-002  0.538611E-002  0.538611E-002  0.111948E-001
  0.340387E+000  0.757317E+000  0.257394E-002  0.532354E-002  0.532354E-002  0.110104E-001
  0.341812E+000  0.762109E+000  0.255614E-002  0.526126E-002  0.526126E-002  0.108292E-001
  0.343249E+000  0.766899E+000  0.253865E-002  0.520054E-002  0.520054E-002  0.106536E-001
  0.344696E+000  0.771685E+000  0.252102E-002  0.514046E-002  0.514046E-002  0.104816E-001
  0.346153E+000  0.776468E+000  0.250399E-002  0.508248E-002  0.508248E-002  0.103162E-001
  0.347621E+000  0.781247E+000  0.248616E-002  0.502372E-002  0.502372E-002  0.101513E-001
  0.349100E+000  0.786024E+000  0.246890E-002  0.496691E-002  0.496691E-002  0.999235E-002
  0.350588E+000  0.790797E+000  0.245135E-002  0.491032E-002  0.491032E-002  0.983589E-002
  0.352086E+000  0.795567E+000  0.243423E-002  0.485534E-002  0.485534E-002  0.968453E-002
  0.353594E+000  0.800334E+000  0.241727E-002  0.480144E-002  0.480144E-002  0.953712E-002
  0.355112E+000  0.805098E+000  0.240007E-002  0.474776E-002  0.474776E-002  0.939190E-002
  0.356640E+000  0.809859E+000  0.238350E-002  0.469600E-002  0.469600E-002  0.925211E-002
  0.358177E+000  0.814617E+000  0.236701E-002  0.464508E-002  0.464508E-002  0.911559E-002
  0.359723E+000  0.819372E+000  0.234999E-002  0.459375E-002  0.459375E-002  0.897983E-002
  0.361278E+000  0.824124E+000  0.233303E-002  0.454317E-002  0.454317E-002  0.884704E-002
  0.362842E+000  0.828873E+000  0.231654E-002  0.449411E-002  0.449411E-002  0.871861E-002
  0.364415E+000  0.833619E+000  0.230030E-002  0.444611E-002  0.444611E-002  0.859363E-002
  0.365997E+000  0.838363E+000  0.228436E-002  0.439926E-002  0.439926E-002  0.847217E-002
  0.367588E+000  0.843103E+000  0.226780E-002  0.435175E-002  0.435175E-002  0.835071E-002
  0.369187E+000  0.847840E+000  0.225186E-002  0.430598E-002  0.430598E-002  0.823382E-002
  0.370794E+000  0.852575E+000  0.223619E-002  0.426123E-002  0.426123E-002  0.812007E-002
  0.372410E+000  0.857307E+000  0.222022E-002  0.421639E-002  0.421639E-002  0.800727E-002
  0.374034E+000  0.862036E+000  0.220466E-002  0.417280E-002  0.417280E-002  0.789795E-002
  0.375665E+000  0.866762E+000  0.218962E-002  0.413069E-002  0.413069E-002  0.779249E-002
  0.377305E+000  0.871485E+000  0.217383E-002  0.408758E-002  0.408758E-002  0.768615E-002
  0.378952E+000  0.876206E+000  0.215889E-002  0.404654E-002  0.404654E-002  0.758468E-002
  0.380607E+000  0.880924E+000  0.214377E-002  0.400557E-002  0.400557E-002  0.748429E-002
  0.382270E+000  0.885640E+000  0.212866E-002  0.396502E-002  0.396502E-002  0.738559E-002
  0.383940E+000  0.890353E+000  0.211388E-002  0.392550E-002  0.392550E-002  0.728970E-002
  0.385617E+000  0.895063E+000  0.209926E-002  0.388665E-002  0.388665E-002  0.719589E-002
  0.387301E+000  0.899771E+000  0.208521E-002  0.384923E-002  0.384923E-002  0.710557E-002
  0.388993E+000  0.904476E+000  0.207042E-002  0.381082E-002  0.381082E-002  0.701419E-002
  0.390691E+000  0.909179E+000  0.205639E-002  0.377414E-002  0.377414E-002  0.692678E-002
  0.392396E+000  0.913879E+000  0.204248E-002  0.373804E-002  0.373804E-002  0.684117E-002
  0.394108E+000  0.918577E+000  0.202858E-002  0.370228E-002  0.370228E-002  0.675688E-002
  0.395827E+000  0.923272E+000  0.201441E-002  0.366635E-002  0.366635E-002  0.667297E-002
  0.397552E+000  0.927965E+000  0.200077E-002  0.363169E-002  0.363169E-002  0.659206E-002
  0.399284E+000  0.932656E+000  0.198740E-002  0.359784E-002  0.359784E-002  0.651324E-002
  0.401021E+000  0.937344E+000  0.197416E-002  0.356450E-002  0.356450E-002  0.643600E-002
  0.402765E+000  0.942030E+000  0.196101E-002  0.353162E-002  0.353162E-002  0.636016E-002
  0.404516E+000  0.946714E+000  0.194772E-002  0.349876E-002  0.349876E-002  0.628495E-002
  0.406272E+000  0.951395E+000  0.193477E-002  0.346680E-002  0.346680E-002  0.621193E-002
  0.408034E+000  0.956074E+000  0.192197E-002  0.343535E-002  0.343535E-002  0.614037E-002
  0.409802E+000  0.960751E+000  0.190937E-002  0.340452E-002  0.340452E-002  0.607045E-002
  0.411575E+000  0.965426E+000  0.189700E-002  0.337435E-002  0.337435E-002  0.600221E-002
  0.413355E+000  0.970099E+000  0.188441E-002  0.334401E-002  0.334401E-002  0.593417E-002
  0.415140E+000  0.974769E+000  0.187247E-002  0.331507E-002  0.331507E-002  0.586908E-002
  0.416930E+000  0.979438E+000  0.186008E-002  0.328556E-002  0.328556E-002  0.580346E-002
  0.418726E+000  0.984104E+000  0.184834E-002  0.325743E-002  0.325743E-002  0.574072E-002
  0.420527E+000  0.988769E+000  0.183636E-002  0.322907E-002  0.322907E-002  0.567802E-002
  0.422333E+000  0.993431E+000  0.182466E-002  0.320143E-002  0.320143E-002  0.561702E-002
  0.424144E+000  0.998091E+000  0.181312E-002  0.317426E-002  0.317426E-002  0.555724E-002
  0.425961E+000  0.100275E+001  0.180186E-002  0.314778E-002  0.314778E-002  0.549906E-002
  0.427782E+000  0.100741E+001  0.179258E-002  0.312495E-002  0.312495E-002  0.544763E-002
  0.429608E+000  0.101206E+001  0.177939E-002  0.309549E-002  0.309549E-002  0.538503E-002
  0.431439E+000  0.101671E+001  0.177026E-002  0.307328E-002  0.307328E-002  0.533539E-002
  0.433275E+000  0.102136E+001  0.176158E-002  0.305201E-002  0.305201E-002  0.528772E-002
  0.435115E+000  0.102601E+001  0.174820E-002  0.302277E-002  0.302277E-002  0.522659E-002
  0.436960E+000  0.103066E+001  0.173615E-002  0.299600E-002  0.299600E-002  0.517008E-002
  0.438810E+000  0.103531E+001  0.172719E-002  0.297473E-002  0.297473E-002  0.512337E-002
  0.440663E+000  0.103995E+001  0.171572E-002  0.294931E-002  0.294931E-002  0.506983E-002
  0.442522E+000  0.104459E+001  0.170608E-002  0.292718E-002  0.292718E-002  0.502226E-002
  0.444384E+000  0.104923E+001  0.169534E-002  0.290331E-002  0.290331E-002  0.497199E-002
  0.446251E+000  0.105387E+001  0.168514E-002  0.288052E-002  0.288052E-002  0.492387E-002
  0.448122E+000  0.105851E+001  0.167618E-002  0.286000E-002  0.286000E-002  0.487988E-002
  0.449997E+000  0.106314E+001  0.166707E-002  0.283933E-002  0.283933E-002  0.483591E-002
  0.451876E+000  0.106778E+001  0.165785E-002  0.281863E-002  0.281863E-002  0.479215E-002
  0.453758E+000  0.107241E+001  0.164870E-002  0.279817E-002  0.279817E-002  0.474905E-002
  0.455645E+000  0.107704E+001  0.163842E-002  0.277593E-002  0.277593E-002  0.470318E-002
  0.457536E+000  0.108167E+001  0.162942E-002  0.275597E-002  0.275597E-002  0.466140E-002
  0.459430E+000  0.108629E+001  0.162085E-002  0.273688E-002  0.273688E-002  0.462134E-002
  0.461328E+000  0.109092E+001  0.161011E-002  0.271424E-002  0.271424E-002  0.457550E-002
  0.463230E+000  0.109554E+001  0.160371E-002  0.269901E-002  0.269901E-002  0.454239E-002
  0.465135E+000  0.110017E+001  0.159480E-002  0.267969E-002  0.267969E-002  0.450258E-002
  0.467044E+000  0.110479E+001  0.158448E-002  0.265809E-002  0.265809E-002  0.445916E-002
  0.468956E+000  0.110941E+001  0.157658E-002  0.264068E-002  0.264068E-002  0.442299E-002
  0.470872E+000  0.111403E+001  0.156897E-002  0.262385E-002  0.262385E-002  0.438796E-002
  0.472791E+000  0.111864E+001  0.156041E-002  0.260553E-002  0.260553E-002  0.435064E-002
  0.474713E+000  0.112326E+001  0.155097E-002  0.258585E-002  0.258585E-002  0.431125E-002
  0.476639E+000  0.112787E+001  0.154443E-002  0.257110E-002  0.257110E-002  0.428024E-002
  0.478568E+000  0.113249E+001  0.153583E-002  0.255300E-002  0.255300E-002  0.424383E-002
  0.480500E+000  0.113710E+001  0.152689E-002  0.253444E-002  0.253444E-002  0.420684E-002
  0.482435E+000  0.114171E+001  0.151909E-002  0.251787E-002  0.251787E-002  0.417334E-002
  0.484373E+000  0.114632E+001  0.151190E-002  0.250240E-002  0.250240E-002  0.414179E-002
  0.486314E+000  0.115093E+001  0.150648E-002  0.248993E-002  0.248993E-002  0.411537E-002
  0.488258E+000  0.115553E+001  0.149744E-002  0.247156E-002  0.247156E-002  0.407936E-002
  0.490205E+000  0.116014E+001  0.148987E-002  0.245571E-002  0.245571E-002  0.404766E-002
  0.492154E+000  0.116474E+001  0.148212E-002  0.243964E-002  0.243964E-002  0.401575E-002
  0.494107E+000  0.116934E+001  0.147772E-002  0.242915E-002  0.242915E-002  0.399316E-002
  0.496062E+000  0.117395E+001  0.147145E-002  0.241566E-002  0.241566E-002  0.396575E-002
  0.498021E+000  0.117855E+001  0.146180E-002  0.239669E-002  0.239669E-002  0.392950E-002
  0.499981E+000  0.118315E+001  0.145712E-002  0.238596E-002  0.238596E-002  0.390689E-002
  0.501945E+000  0.118774E+001  0.145223E-002  0.237494E-002  0.237494E-002  0.388391E-002
  0.503911E+000  0.119234E+001  0.144238E-002  0.235588E-002  0.235588E-002  0.384793E-002
  0.505879E+000  0.119694E+001  0.143557E-002  0.234186E-002  0.234186E-002  0.382030E-002
  0.507850E+000  0.120153E+001  0.142943E-002  0.232900E-002  0.232900E-002  0.379469E-002
  0.509824E+000  0.120613E+001  0.142291E-002  0.231558E-002  0.231558E-002  0.376827E-002
  0.511800E+000  0.121072E+001  0.141611E-002  0.230176E-002  0.230176E-002  0.374133E-002
  0.513778E+000  0.121531E+001  0.141045E-002  0.228987E-002  0.228987E-002  0.371762E-002
  0.515759E+000  0.121990E+001  0.140563E-002  0.227940E-002  0.227940E-002  0.369632E-002
  0.517742E+000  0.122449E+001  0.139956E-002  0.226695E-002  0.226695E-002  0.367192E-002
  0.519727E+000  0.122908E+001  0.139258E-002  0.225310E-002  0.225310E-002  0.364535E-002
  0.521715E+000  0.123367E+001  0.138664E-002  0.224097E-002  0.224097E-002  0.362167E-002
  0.523705E+000  0.123826E+001  0.138175E-002  0.223060E-002  0.223060E-002  0.360093E-002
  0.525697E+000  0.124284E+001  0.137749E-002  0.222131E-002  0.222131E-002  0.358202E-002
  0.527691E+000  0.124743E+001  0.137037E-002  0.220744E-002  0.220744E-002  0.355582E-002
  0.529687E+000  0.125201E+001  0.136543E-002  0.219714E-002  0.219714E-002  0.353547E-002
  0.531685E+000  0.125660E+001  0.136332E-002  0.219144E-002  0.219144E-002  0.352259E-002
  0.533686E+000  0.126118E+001  0.135467E-002  0.217527E-002  0.217527E-002  0.349296E-002
  0.535688E+000  0.126576E+001  0.134941E-002  0.216461E-002  0.216461E-002  0.347228E-002
  0.537693E+000  0.127034E+001  0.134451E-002  0.215455E-002  0.215455E-002  0.345264E-002
  0.539699E+000  0.127492E+001  0.133944E-002  0.214428E-002  0.214428E-002  0.343274E-002
  0.541707E+000  0.127950E+001  0.133495E-002  0.213498E-002  0.213498E-002  0.341447E-002
  0.543717E+000  0.128408E+001  0.133186E-002  0.212797E-002  0.212797E-002  0.339993E-002
  0.545730E+000  0.128865E+001  0.132947E-002  0.212210E-002  0.212210E-002  0.338728E-002
  0.547743E+000  0.129323E+001  0.132071E-002  0.210610E-002  0.210610E-002  0.335853E-002
  0.549759E+000  0.129781E+001  0.131787E-002  0.209960E-002  0.209960E-002  0.334502E-002
  0.551777E+000  0.130238E+001  0.131268E-002  0.208938E-002  0.208938E-002  0.332564E-002
  0.553796E+000  0.130696E+001  0.130950E-002  0.208240E-002  0.208240E-002  0.331149E-002
  0.555817E+000  0.131153E+001  0.130332E-002  0.207069E-002  0.207069E-002  0.328987E-002
  0.557839E+000  0.131610E+001  0.129918E-002  0.206227E-002  0.206227E-002  0.327356E-002
  0.559864E+000  0.132067E+001  0.129704E-002  0.205703E-002  0.205703E-002  0.326235E-002
  0.561890E+000  0.132524E+001  0.129429E-002  0.205088E-002  0.205088E-002  0.324975E-002
  0.563918E+000  0.132982E+001  0.128902E-002  0.204076E-002  0.204076E-002  0.323091E-002
  0.565947E+000  0.133438E+001  0.128694E-002  0.203573E-002  0.203573E-002  0.322020E-002
  0.567978E+000  0.133895E+001  0.128234E-002  0.202674E-002  0.202674E-002  0.320327E-002
  0.570010E+000  0.134352E+001  0.127640E-002  0.201568E-002  0.201568E-002  0.318313E-002
  0.572044E+000  0.134809E+001  0.127224E-002  0.200745E-002  0.200745E-002  0.316752E-002
  0.574079E+000  0.135266E+001  0.127095E-002  0.200379E-002  0.200379E-002  0.315917E-002
  0.576116E+000  0.135722E+001  0.126585E-002  0.199413E-002  0.199413E-002  0.314141E-002
  0.578155E+000  0.136179E+001  0.126193E-002  0.198638E-002  0.198638E-002  0.312672E-002
  0.580195E+000  0.136635E+001  0.126101E-002  0.198337E-002  0.198337E-002  0.311953E-002
  0.582236E+000  0.137092E+001  0.125570E-002  0.197349E-002  0.197349E-002  0.310159E-002
  0.584279E+000  0.137548E+001  0.125290E-002  0.196758E-002  0.196758E-002  0.308993E-002
  0.586323E+000  0.138004E+001  0.125272E-002  0.196580E-002  0.196580E-002  0.308480E-002
  0.588368E+000  0.138461E+001  0.124712E-002  0.195556E-002  0.195556E-002  0.306643E-002
  0.590415E+000  0.138917E+001  0.124305E-002  0.194774E-002  0.194774E-002  0.305192E-002
  0.592463E+000  0.139373E+001  0.124010E-002  0.194170E-002  0.194170E-002  0.304023E-002
  0.594512E+000  0.139829E+001  0.123727E-002  0.193586E-002  0.193586E-002  0.302890E-002
  0.596563E+000  0.140285E+001  0.123458E-002  0.193028E-002  0.193028E-002  0.301801E-002
  0.598615E+000  0.140741E+001  0.123183E-002  0.192463E-002  0.192463E-002  0.300706E-002
  0.600668E+000  0.141197E+001  0.122940E-002  0.191949E-002  0.191949E-002  0.299694E-002
  0.602723E+000  0.141653E+001  0.122700E-002  0.191443E-002  0.191443E-002  0.298699E-002
  0.604779E+000  0.142109E+001  0.122540E-002  0.191064E-002  0.191064E-002  0.297905E-002
  0.606835E+000  0.142564E+001  0.122228E-002  0.190449E-002  0.190449E-002  0.296747E-002
  0.608894E+000  0.143020E+001  0.121947E-002  0.189886E-002  0.189886E-002  0.295673E-002
  0.610953E+000  0.143476E+001  0.121850E-002  0.189610E-002  0.189610E-002  0.295050E-002
  0.613013E+000  0.143931E+001  0.121509E-002  0.188957E-002  0.188957E-002  0.293844E-002
  0.615075E+000  0.144387E+001  0.121339E-002  0.188571E-002  0.188571E-002  0.293057E-002
  0.617137E+000  0.144842E+001  0.121067E-002  0.188030E-002  0.188030E-002  0.292031E-002
  0.619201E+000  0.145298E+001  0.121101E-002  0.187965E-002  0.187965E-002  0.291748E-002
  0.621266E+000  0.145753E+001  0.120661E-002  0.187167E-002  0.187167E-002  0.290331E-002
  0.623332E+000  0.146208E+001  0.120561E-002  0.186898E-002  0.186898E-002  0.289736E-002
  0.625399E+000  0.146664E+001  0.120527E-002  0.186732E-002  0.186732E-002  0.289305E-002
  0.627467E+000  0.147119E+001  0.120172E-002  0.186072E-002  0.186072E-002  0.288111E-002
  0.629536E+000  0.147574E+001  0.119939E-002  0.185602E-002  0.185602E-002  0.287214E-002
  0.631606E+000  0.148029E+001  0.119764E-002  0.185224E-002  0.185224E-002  0.286462E-002
  0.633678E+000  0.148484E+001  0.119707E-002  0.185030E-002  0.185030E-002  0.285998E-002
  0.635750E+000  0.148939E+001  0.119561E-002  0.184699E-002  0.184699E-002  0.285325E-002
  0.637823E+000  0.149394E+001  0.119391E-002  0.184333E-002  0.184333E-002  0.284601E-002
  0.639897E+000  0.149849E+001  0.119209E-002  0.183950E-002  0.183950E-002  0.283852E-002
  0.641972E+000  0.150304E+001  0.119033E-002  0.183579E-002  0.183579E-002  0.283124E-002
  0.644048E+000  0.150759E+001  0.118889E-002  0.183258E-002  0.183258E-002  0.282477E-002
  0.646125E+000  0.151214E+001  0.118806E-002  0.183031E-002  0.183031E-002  0.281977E-002
  0.648203E+000  0.151669E+001  0.118812E-002  0.182946E-002  0.182946E-002  0.281696E-002
  0.650281E+000  0.152123E+001  0.118574E-002  0.182483E-002  0.182483E-002  0.280838E-002
  0.652361E+000  0.152578E+001  0.118423E-002  0.182157E-002  0.182157E-002  0.280192E-002
  0.654442E+000  0.153033E+001  0.118414E-002  0.182050E-002  0.182050E-002  0.279886E-002
  0.656523E+000  0.153487E+001  0.118289E-002  0.181767E-002  0.181767E-002  0.279310E-002
  0.658605E+000  0.153942E+001  0.118206E-002  0.181549E-002  0.181549E-002  0.278837E-002
  0.660689E+000  0.154396E+001  0.118302E-002  0.181609E-002  0.181609E-002  0.278792E-002
  0.662773E+000  0.154851E+001  0.117966E-002  0.181004E-002  0.181004E-002  0.277730E-002
  0.664857E+000  0.155305E+001  0.117955E-002  0.180902E-002  0.180902E-002  0.277440E-002
  0.666943E+000  0.155760E+001  0.117907E-002  0.180742E-002  0.180742E-002  0.277064E-002
  0.669030E+000  0.156214E+001  0.117813E-002  0.180515E-002  0.180515E-002  0.276586E-002
  0.671117E+000  0.156668E+001  0.117993E-002  0.180706E-002  0.180706E-002  0.276752E-002
  0.673205E+000  0.157123E+001  0.117697E-002  0.180171E-002  0.180171E-002  0.275807E-002
  0.675294E+000  0.157577E+001  0.117603E-002  0.179947E-002  0.179947E-002  0.275340E-002
  0.677384E+000  0.158031E+001  0.117730E-002  0.180060E-002  0.180060E-002  0.275391E-002
  0.679474E+000  0.158486E+001  0.117822E-002  0.180122E-002  0.180122E-002  0.275365E-002
  0.681565E+000  0.158940E+001  0.117664E-002  0.179803E-002  0.179803E-002  0.274758E-002
  0.683657E+000  0.159394E+001  0.117533E-002  0.179526E-002  0.179526E-002  0.274218E-002
  0.685750E+000  0.159848E+001  0.117445E-002  0.179316E-002  0.179316E-002  0.273781E-002
  0.687844E+000  0.160302E+001  0.117422E-002  0.179206E-002  0.179206E-002  0.273499E-002
  0.689938E+000  0.160756E+001  0.117408E-002  0.179110E-002  0.179110E-002  0.273240E-002
  0.692033E+000  0.161210E+001  0.117402E-002  0.179029E-002  0.179029E-002  0.273004E-002
  0.694128E+000  0.161664E+001  0.117410E-002  0.178969E-002  0.178969E-002  0.272803E-002
  0.696225E+000  0.162118E+001  0.117401E-002  0.178884E-002  0.178884E-002  0.272565E-002
  0.698322E+000  0.162572E+001  0.117439E-002  0.178871E-002  0.178871E-002  0.272439E-002
  0.700420E+000  0.163026E+001  0.117494E-002  0.178886E-002  0.178886E-002  0.272356E-002
  0.702518E+000  0.163479E+001  0.117707E-002  0.179142E-002  0.179142E-002  0.272641E-002
  0.704617E+000  0.163933E+001  0.117532E-002  0.178807E-002  0.178807E-002  0.272028E-002
  0.706717E+000  0.164387E+001  0.117490E-002  0.178677E-002  0.178677E-002  0.271730E-002
  0.708818E+000  0.164841E+001  0.117530E-002  0.178672E-002  0.178672E-002  0.271622E-002
  0.710919E+000  0.165295E+001  0.117770E-002  0.178972E-002  0.178972E-002  0.271979E-002
  0.713021E+000  0.165748E+001  0.117695E-002  0.178793E-002  0.178793E-002  0.271609E-002
  0.715123E+000  0.166202E+001  0.117677E-002  0.178703E-002  0.178703E-002  0.271375E-002
  0.717226E+000  0.166655E+001  0.117903E-002  0.178983E-002  0.178983E-002  0.271706E-002
  0.719330E+000  0.167109E+001  0.117754E-002  0.178695E-002  0.178695E-002  0.271175E-002
  0.721434E+000  0.167563E+001  0.118074E-002  0.179120E-002  0.179120E-002  0.271727E-002
  0.723539E+000  0.168016E+001  0.117877E-002  0.178761E-002  0.178761E-002  0.271090E-002
  0.725645E+000  0.168470E+001  0.118116E-002  0.179064E-002  0.179064E-002  0.271459E-002
  0.727751E+000  0.168923E+001  0.118018E-002  0.178856E-002  0.178856E-002  0.271056E-002
  0.729858E+000  0.169377E+001  0.118405E-002  0.179384E-002  0.179384E-002  0.271767E-002
  0.731966E+000  0.169830E+001  0.118178E-002  0.178983E-002  0.178983E-002  0.271073E-002
  0.734074E+000  0.170283E+001  0.118423E-002  0.179297E-002  0.179297E-002  0.271463E-002
  0.736183E+000  0.170737E+001  0.118412E-002  0.179225E-002  0.179225E-002  0.271268E-002
  0.738292E+000  0.171190E+001  0.118454E-002  0.179232E-002  0.179232E-002  0.271196E-002
  0.740402E+000  0.171643E+001  0.118707E-002  0.179561E-002  0.179561E-002  0.271611E-002
  0.742512E+000  0.172097E+001  0.118919E-002  0.179828E-002  0.179828E-002  0.271933E-002
  0.744623E+000  0.172550E+001  0.118833E-002  0.179645E-002  0.179645E-002  0.271576E-002
  0.746735E+000  0.173003E+001  0.118878E-002  0.179660E-002  0.179660E-002  0.271520E-002
  0.748847E+000  0.173456E+001  0.119035E-002  0.179844E-002  0.179844E-002  0.271720E-002
  0.750960E+000  0.173909E+001  0.119299E-002  0.180192E-002  0.180192E-002  0.272167E-002
  0.753074E+000  0.174363E+001  0.119370E-002  0.180249E-002  0.180249E-002  0.272176E-002
  0.755187E+000  0.174816E+001  0.119580E-002  0.180516E-002  0.180516E-002  0.272505E-002
  0.757302E+000  0.175269E+001  0.119562E-002  0.180440E-002  0.180440E-002  0.272315E-002
  0.759417E+000  0.175722E+001  0.119676E-002  0.180562E-002  0.180562E-002  0.272426E-002
  0.761533E+000  0.176175E+001  0.119781E-002  0.180673E-002  0.180673E-002  0.272520E-002
  0.763649E+000  0.176628E+001  0.119931E-002  0.180851E-002  0.180851E-002  0.272717E-002
  0.765766E+000  0.177081E+001  0.120071E-002  0.181015E-002  0.181015E-002  0.272894E-002
  0.767883E+000  0.177534E+001  0.120248E-002  0.181235E-002  0.181235E-002  0.273156E-002
  0.770001E+000  0.177987E+001  0.120414E-002  0.181440E-002  0.181440E-002  0.273395E-002
  0.772119E+000  0.178440E+001  0.120680E-002  0.181795E-002  0.181795E-002  0.273862E-002
  0.774238E+000  0.178893E+001  0.120931E-002  0.182130E-002  0.182130E-002  0.274298E-002
  0.776357E+000  0.179345E+001  0.120992E-002  0.182178E-002  0.182178E-002  0.274304E-002
  0.778477E+000  0.179798E+001  0.121068E-002  0.182248E-002  0.182248E-002  0.274344E-002
  0.780598E+000  0.180251E+001  0.121216E-002  0.182428E-002  0.182428E-002  0.274550E-002
  0.782719E+000  0.180704E+001  0.121402E-002  0.182666E-002  0.182666E-002  0.274844E-002
  0.784840E+000  0.181157E+001  0.121844E-002  0.183288E-002  0.183288E-002  0.275716E-002
  0.786962E+000  0.181609E+001  0.121820E-002  0.183210E-002  0.183210E-002  0.275538E-002
  0.789085E+000  0.182062E+001  0.121937E-002  0.183345E-002  0.183345E-002  0.275679E-002
  0.791208E+000  0.182515E+001  0.122222E-002  0.183734E-002  0.183734E-002  0.276202E-002
  0.793332E+000  0.182967E+001  0.122583E-002  0.184236E-002  0.184236E-002  0.276898E-002
  0.795456E+000  0.183420E+001  0.122522E-002  0.184105E-002  0.184105E-002  0.276642E-002
  0.797580E+000  0.183873E+001  0.122948E-002  0.184706E-002  0.184706E-002  0.277486E-002
  0.799705E+000  0.184325E+001  0.122936E-002  0.184651E-002  0.184651E-002  0.277345E-002
  0.801831E+000  0.184778E+001  0.123185E-002  0.184987E-002  0.184987E-002  0.277793E-002
  0.803957E+000  0.185230E+001  0.123433E-002  0.185322E-002  0.185322E-002  0.278240E-002
  0.806084E+000  0.185683E+001  0.123559E-002  0.185473E-002  0.185473E-002  0.278411E-002
  0.808211E+000  0.186135E+001  0.123911E-002  0.185966E-002  0.185966E-002  0.279096E-002
  0.810339E+000  0.186588E+001  0.123985E-002  0.186041E-002  0.186041E-002  0.279156E-002
  0.812467E+000  0.187040E+001  0.124326E-002  0.186516E-002  0.186516E-002  0.279815E-002
  0.814595E+000  0.187493E+001  0.124597E-002  0.186888E-002  0.186888E-002  0.280320E-002
  0.816725E+000  0.187945E+001  0.124697E-002  0.187003E-002  0.187003E-002  0.280441E-002
  0.818854E+000  0.188397E+001  0.125135E-002  0.187625E-002  0.187625E-002  0.281323E-002
  0.820984E+000  0.188850E+001  0.125151E-002  0.187617E-002  0.187617E-002  0.281260E-002
  0.823115E+000  0.189302E+001  0.125392E-002  0.187944E-002  0.187944E-002  0.281701E-002
  0.825246E+000  0.189754E+001  0.125898E-002  0.188670E-002  0.188670E-002  0.282740E-002
  0.827377E+000  0.190207E+001  0.125931E-002  0.188688E-002  0.188688E-002  0.282718E-002
  0.829509E+000  0.190659E+001  0.126049E-002  0.188831E-002  0.188831E-002  0.282886E-002
  0.831642E+000  0.191111E+001  0.126385E-002  0.189304E-002  0.189304E-002  0.283547E-002
  0.833775E+000  0.191564E+001  0.126847E-002  0.189966E-002  0.189966E-002  0.284491E-002
  0.835909E+000  0.192016E+001  0.126823E-002  0.189899E-002  0.189899E-002  0.284345E-002
  0.838042E+000  0.192468E+001  0.127087E-002  0.190264E-002  0.190264E-002  0.284847E-002
  0.840177E+000  0.192920E+001  0.127275E-002  0.190515E-002  0.190515E-002  0.285178E-002
  0.842312E+000  0.193372E+001  0.127570E-002  0.190928E-002  0.190928E-002  0.285752E-002
  0.844447E+000  0.193824E+001  0.127835E-002  0.191296E-002  0.191296E-002  0.286260E-002
  0.846583E+000  0.194276E+001  0.128168E-002  0.191765E-002  0.191765E-002  0.286919E-002
  0.848719E+000  0.194728E+001  0.128416E-002  0.192109E-002  0.192109E-002  0.287392E-002
  0.850856E+000  0.195180E+001  0.128748E-002  0.192577E-002  0.192577E-002  0.288050E-002
  0.852994E+000  0.195632E+001  0.129218E-002  0.193253E-002  0.193253E-002  0.289020E-002
  0.855131E+000  0.196084E+001  0.129275E-002  0.193311E-002  0.193311E-002  0.289067E-002
  0.857270E+000  0.196536E+001  0.129706E-002  0.193929E-002  0.193929E-002  0.289952E-002
  0.859408E+000  0.196988E+001  0.129747E-002  0.193964E-002  0.193964E-002  0.289966E-002
  0.861547E+000  0.197440E+001  0.129933E-002  0.194217E-002  0.194217E-002  0.290305E-002
  0.863687E+000  0.197892E+001  0.130192E-002  0.194578E-002  0.194578E-002  0.290807E-002
  0.865827E+000  0.198344E+001  0.130402E-002  0.194868E-002  0.194868E-002  0.291203E-002
  0.867968E+000  0.198796E+001  0.130662E-002  0.195231E-002  0.195231E-002  0.291709E-002
  0.870109E+000  0.199248E+001  0.130939E-002  0.195622E-002  0.195622E-002  0.292257E-002
  0.872250E+000  0.199700E+001  0.131385E-002  0.196264E-002  0.196264E-002  0.293181E-002
  0.874392E+000  0.200151E+001  0.131713E-002  0.196731E-002  0.196731E-002  0.293843E-002
  0.876534E+000  0.200603E+001  0.131758E-002  0.196775E-002  0.196775E-002  0.293875E-002
  0.878677E+000  0.201055E+001  0.132015E-002  0.197137E-002  0.197137E-002  0.294382E-002
  0.880821E+000  0.201507E+001  0.132331E-002  0.197586E-002  0.197586E-002  0.295019E-002
  0.882964E+000  0.201958E+001  0.132717E-002  0.198140E-002  0.198140E-002  0.295814E-002
  0.885108E+000  0.202410E+001  0.132822E-002  0.198276E-002  0.198276E-002  0.295985E-002
  0.887253E+000  0.202862E+001  0.133182E-002  0.198792E-002  0.198792E-002  0.296724E-002
  0.889398E+000  0.203313E+001  0.133550E-002  0.199320E-002  0.199320E-002  0.297480E-002
  0.891544E+000  0.203765E+001  0.133651E-002  0.199451E-002  0.199451E-002  0.297645E-002
  0.893690E+000  0.204217E+001  0.134039E-002  0.200009E-002  0.200009E-002  0.298449E-002
  0.895836E+000  0.204668E+001  0.134230E-002  0.200275E-002  0.200275E-002  0.298816E-002
  0.897983E+000  0.205120E+001  0.134530E-002  0.200703E-002  0.200703E-002  0.299426E-002
  0.900130E+000  0.205571E+001  0.134806E-002  0.201095E-002  0.201095E-002  0.299983E-002
  0.902278E+000  0.206023E+001  0.135053E-002  0.201445E-002  0.201445E-002  0.300477E-002
  0.904426E+000  0.206474E+001  0.135361E-002  0.201888E-002  0.201888E-002  0.301109E-002
  0.906575E+000  0.206926E+001  0.135594E-002  0.202216E-002  0.202216E-002  0.301572E-002
  0.908724E+000  0.207377E+001  0.135893E-002  0.202645E-002  0.202645E-002  0.302185E-002
  0.910874E+000  0.207829E+001  0.136150E-002  0.203010E-002  0.203010E-002  0.302705E-002
  0.913024E+000  0.208280E+001  0.136404E-002  0.203373E-002  0.203373E-002  0.303221E-002
  0.915174E+000  0.208732E+001  0.136948E-002  0.204167E-002  0.204167E-002  0.304380E-002
  0.917325E+000  0.209183E+001  0.136894E-002  0.204070E-002  0.204070E-002  0.304211E-002
  0.919476E+000  0.209634E+001  0.137214E-002  0.204531E-002  0.204531E-002  0.304875E-002
  0.921628E+000  0.210086E+001  0.137621E-002  0.205122E-002  0.205122E-002  0.305732E-002
  0.923780E+000  0.210537E+001  0.137691E-002  0.205212E-002  0.205212E-002  0.305844E-002
  0.925933E+000  0.210988E+001  0.138055E-002  0.205739E-002  0.205739E-002  0.306607E-002
  0.928086E+000  0.211439E+001  0.138647E-002  0.206607E-002  0.206607E-002  0.307878E-002
  0.930239E+000  0.211891E+001  0.138555E-002  0.206455E-002  0.206455E-002  0.307631E-002
  0.932393E+000  0.212342E+001  0.138717E-002  0.206683E-002  0.206683E-002  0.307950E-002
  0.934547E+000  0.212793E+001  0.139016E-002  0.207114E-002  0.207114E-002  0.308572E-002
  0.936702E+000  0.213244E+001  0.139500E-002  0.207822E-002  0.207822E-002  0.309607E-002
  0.938857E+000  0.213696E+001  0.139701E-002  0.208108E-002  0.208108E-002  0.310013E-002
  0.941012E+000  0.214147E+001  0.139894E-002  0.208384E-002  0.208384E-002  0.310406E-002
  0.943168E+000  0.214598E+001  0.140026E-002  0.208568E-002  0.208568E-002  0.310662E-002
  0.945324E+000  0.215049E+001  0.140249E-002  0.208889E-002  0.208889E-002  0.311120E-002
  0.947481E+000  0.215500E+001  0.140473E-002  0.209209E-002  0.209209E-002  0.311581E-002
  0.949638E+000  0.215951E+001  0.140725E-002  0.209573E-002  0.209573E-002  0.312106E-002
  0.951796E+000  0.216402E+001  0.141043E-002  0.210037E-002  0.210037E-002  0.312779E-002
  0.953954E+000  0.216853E+001  0.141330E-002  0.210453E-002  0.210453E-002  0.313382E-002
  0.956112E+000  0.217304E+001  0.141532E-002  0.210743E-002  0.210743E-002  0.313799E-002
  0.958270E+000  0.217755E+001  0.141685E-002  0.210961E-002  0.210961E-002  0.314108E-002
  0.960430E+000  0.218206E+001  0.142025E-002  0.211457E-002  0.211457E-002  0.314832E-002
  0.962589E+000  0.218657E+001  0.142163E-002  0.211653E-002  0.211653E-002  0.315109E-002
  0.964749E+000  0.219108E+001  0.142379E-002  0.211964E-002  0.211964E-002  0.315559E-002
  0.966909E+000  0.219559E+001  0.142570E-002  0.212240E-002  0.212240E-002  0.315957E-002
  0.969070E+000  0.220010E+001  0.142790E-002  0.212558E-002  0.212558E-002  0.316417E-002
  0.971231E+000  0.220461E+001  0.143016E-002  0.212887E-002  0.212887E-002  0.316893E-002
  0.973392E+000  0.220912E+001  0.143335E-002  0.213354E-002  0.213354E-002  0.317577E-002
  0.975554E+000  0.221363E+001  0.143629E-002  0.213784E-002  0.213784E-002  0.318204E-002
  0.977716E+000  0.221813E+001  0.143929E-002  0.214222E-002  0.214222E-002  0.318845E-002
  0.979878E+000  0.222264E+001  0.143889E-002  0.214155E-002  0.214155E-002  0.318734E-002
  0.982041E+000  0.222715E+001  0.144048E-002  0.214385E-002  0.214385E-002  0.319066E-002
  0.984204E+000  0.223166E+001  0.144328E-002  0.214794E-002  0.214794E-002  0.319665E-002
  0.986368E+000  0.223617E+001  0.144641E-002  0.215253E-002  0.215253E-002  0.320339E-002
  0.988532E+000  0.224067E+001  0.144875E-002  0.215596E-002  0.215596E-002  0.320839E-002
  0.990696E+000  0.224518E+001  0.144837E-002  0.215534E-002  0.215534E-002  0.320738E-002
  0.992860E+000  0.224969E+001  0.145146E-002  0.215987E-002  0.215987E-002  0.321404E-002
  0.995025E+000  0.225419E+001  0.145442E-002  0.216422E-002  0.216422E-002  0.322043E-002
  0.997191E+000  0.225870E+001  0.145467E-002  0.216454E-002  0.216454E-002  0.322082E-002
  0.999356E+000  0.226321E+001  0.145602E-002  0.216650E-002  0.216650E-002  0.322367E-002
  0.100152E+001  0.226771E+001  0.145723E-002  0.216826E-002  0.216826E-002  0.322622E-002
  0.100369E+001  0.227222E+001  0.146225E-002  0.217568E-002  0.217568E-002  0.323719E-002
  0.100585E+001  0.227673E+001  0.148408E-002  0.220812E-002  0.220812E-002  0.328540E-002
  0.100802E+001  0.228123E+001  0.146211E-002  0.217539E-002  0.217539E-002  0.323664E-002
  0.101019E+001  0.228574E+001  0.146411E-002  0.217833E-002  0.217833E-002  0.324096E-002
  0.101236E+001  0.229025E+001  0.146626E-002  0.218149E-002  0.218149E-002  0.324561E-002
  0.101452E+001  0.229475E+001  0.147601E-002  0.219597E-002  0.219597E-002  0.326710E-002
  0.101669E+001  0.229926E+001  0.147895E-002  0.220031E-002  0.220031E-002  0.327352E-002
  0.101886E+001  0.230376E+001  0.146957E-002  0.218633E-002  0.218633E-002  0.325269E-002
  0.102103E+001  0.230827E+001  0.147156E-002  0.218926E-002  0.218926E-002  0.325700E-002
  0.102320E+001  0.231277E+001  0.147613E-002  0.219604E-002  0.219604E-002  0.326705E-002
  0.102537E+001  0.231728E+001  0.147392E-002  0.219273E-002  0.219273E-002  0.326210E-002
  0.102754E+001  0.232178E+001  0.148249E-002  0.220547E-002  0.220547E-002  0.328102E-002
  0.102971E+001  0.232629E+001  0.147674E-002  0.219690E-002  0.219690E-002  0.326825E-002
  0.103188E+001  0.233079E+001  0.148336E-002  0.220674E-002  0.220674E-002  0.328286E-002
  0.103405E+001  0.233530E+001  0.147836E-002  0.219929E-002  0.219929E-002  0.327177E-002
  0.103622E+001  0.233980E+001  0.148073E-002  0.220280E-002  0.220280E-002  0.327697E-002
  0.103839E+001  0.234430E+001  0.148449E-002  0.220839E-002  0.220839E-002  0.328528E-002
  0.104056E+001  0.234881E+001  0.148306E-002  0.220625E-002  0.220625E-002  0.328209E-002
  0.104273E+001  0.235331E+001  0.148324E-002  0.220652E-002  0.220652E-002  0.328250E-002
  0.104490E+001  0.235782E+001  0.150482E-002  0.223862E-002  0.223862E-002  0.333024E-002
  0.104708E+001  0.236232E+001  0.149517E-002  0.222427E-002  0.222427E-002  0.330890E-002
  0.104925E+001  0.236682E+001  0.149387E-002  0.222233E-002  0.222233E-002  0.330602E-002
  0.105142E+001  0.237133E+001  0.148813E-002  0.221380E-002  0.221380E-002  0.329333E-002
  0.105359E+001  0.237583E+001  0.149186E-002  0.221936E-002  0.221936E-002  0.330162E-002
  0.105577E+001  0.238033E+001  0.150998E-002  0.224633E-002  0.224633E-002  0.334175E-002
  0.105794E+001  0.238484E+001  0.148822E-002  0.221396E-002  0.221396E-002  0.329362E-002
  0.106011E+001  0.238934E+001  0.149194E-002  0.221951E-002  0.221951E-002  0.330189E-002
  0.106228E+001  0.239384E+001  0.150114E-002  0.223322E-002  0.223322E-002  0.332231E-002
  0.106446E+001  0.239834E+001  0.149736E-002  0.222761E-002  0.222761E-002  0.331399E-002
  0.106663E+001  0.240285E+001  0.150033E-002  0.223204E-002  0.223204E-002  0.332062E-002
  0.106881E+001  0.240735E+001  0.149776E-002  0.222824E-002  0.222824E-002  0.331499E-002
  0.107098E+001  0.241185E+001  0.149126E-002  0.221860E-002  0.221860E-002  0.330069E-002
  0.107316E+001  0.241635E+001  0.152430E-002  0.226777E-002  0.226777E-002  0.337388E-002
  0.107533E+001  0.242086E+001  0.149281E-002  0.222095E-002  0.222095E-002  0.330426E-002
  0.107750E+001  0.242536E+001  0.150728E-002  0.224251E-002  0.224251E-002  0.333637E-002
  0.107968E+001  0.242986E+001  0.149354E-002  0.222210E-002  0.222210E-002  0.330604E-002
  0.108185E+001  0.243436E+001  0.149739E-002  0.222785E-002  0.222785E-002  0.331465E-002
  0.108403E+001  0.243887E+001  0.149483E-002  0.222407E-002  0.222407E-002  0.330908E-002
  0.108620E+001  0.244337E+001  0.151792E-002  0.225846E-002  0.225846E-002  0.336030E-002
  0.108838E+001  0.244787E+001  0.149336E-002  0.222196E-002  0.222196E-002  0.330604E-002
  0.109056E+001  0.245237E+001  0.150569E-002  0.224034E-002  0.224034E-002  0.333345E-002
  0.109273E+001  0.245687E+001  0.149310E-002  0.222165E-002  0.222165E-002  0.330569E-002
  0.109491E+001  0.246137E+001  0.150559E-002  0.224028E-002  0.224028E-002  0.333347E-002
  0.109708E+001  0.246588E+001  0.151323E-002  0.225169E-002  0.225169E-002  0.335051E-002
  0.109926E+001  0.247038E+001  0.149325E-002  0.222200E-002  0.222200E-002  0.330640E-002
  0.110144E+001  0.247488E+001  0.150033E-002  0.223258E-002  0.223258E-002  0.332221E-002
  0.110361E+001  0.247938E+001  0.149506E-002  0.222479E-002  0.222479E-002  0.331069E-002
  0.110579E+001  0.248388E+001  0.149480E-002  0.222445E-002  0.222445E-002  0.331026E-002
  0.110797E+001  0.248838E+001  0.151705E-002  0.225761E-002  0.225761E-002  0.335968E-002
  0.111014E+001  0.249289E+001  0.150446E-002  0.223892E-002  0.223892E-002  0.333194E-002
  0.111232E+001  0.249739E+001  0.149103E-002  0.221898E-002  0.221898E-002  0.330235E-002
  0.111450E+001  0.250189E+001  0.149704E-002  0.222799E-002  0.222799E-002  0.331582E-002
  0.111667E+001  0.250639E+001  0.149562E-002  0.222592E-002  0.222592E-002  0.331283E-002
  0.111885E+001  0.251089E+001  0.148959E-002  0.221700E-002  0.221700E-002  0.329963E-002
  0.112103E+001  0.251539E+001  0.150049E-002  0.223329E-002  0.223329E-002  0.332397E-002
  0.112320E+001  0.251989E+001  0.149106E-002  0.221931E-002  0.221931E-002  0.330325E-002
  0.112538E+001  0.252439E+001  0.148854E-002  0.221561E-002  0.221561E-002  0.329783E-002
  0.112756E+001  0.252889E+001  0.150137E-002  0.223477E-002  0.223477E-002  0.332644E-002
  0.112973E+001  0.253340E+001  0.151451E-002  0.225439E-002  0.225439E-002  0.335572E-002
  0.113191E+001  0.253790E+001  0.149193E-002  0.222084E-002  0.222084E-002  0.330588E-002
  0.113409E+001  0.254240E+001  0.148429E-002  0.220953E-002  0.220953E-002  0.328915E-002
  0.113627E+001  0.254690E+001  0.149089E-002  0.221943E-002  0.221943E-002  0.330397E-002
  0.113844E+001  0.255140E+001  0.148914E-002  0.221689E-002  0.221689E-002  0.330028E-002
  0.114062E+001  0.255590E+001  0.148150E-002  0.220557E-002  0.220557E-002  0.328353E-002
  0.114280E+001  0.256040E+001  0.148795E-002  0.221525E-002  0.221525E-002  0.329805E-002
  0.114498E+001  0.256490E+001  0.150909E-002  0.224679E-002  0.224679E-002  0.334510E-002
  0.114715E+001  0.256940E+001  0.147833E-002  0.220105E-002  0.220105E-002  0.327711E-002
  0.114933E+001  0.257391E+001  0.147818E-002  0.220091E-002  0.220091E-002  0.327700E-002
  0.115151E+001  0.257841E+001  0.147897E-002  0.220215E-002  0.220215E-002  0.327895E-002
  0.115368E+001  0.258291E+001  0.148665E-002  0.221366E-002  0.221366E-002  0.329620E-002
  0.115586E+001  0.258741E+001  0.147385E-002  0.219467E-002  0.219467E-002  0.326802E-002
  0.115804E+001  0.259191E+001  0.147721E-002  0.219975E-002  0.219975E-002  0.327571E-002
  0.116021E+001  0.259641E+001  0.147845E-002  0.220167E-002  0.220167E-002  0.327866E-002
  0.116239E+001  0.260091E+001  0.146943E-002  0.218831E-002  0.218831E-002  0.325888E-002
  0.116457E+001  0.260541E+001  0.147874E-002  0.220225E-002  0.220225E-002  0.327976E-002
  0.116674E+001  0.260992E+001  0.149559E-002  0.222742E-002  0.222742E-002  0.331735E-002
  0.116892E+001  0.261442E+001  0.146947E-002  0.218860E-002  0.218860E-002  0.325965E-002
  0.117110E+001  0.261892E+001  0.146468E-002  0.218154E-002  0.218154E-002  0.324925E-002
  0.117327E+001  0.262342E+001  0.147303E-002  0.219405E-002  0.219405E-002  0.326799E-002
  0.117545E+001  0.262792E+001  0.146006E-002  0.217481E-002  0.217481E-002  0.323946E-002
  0.117763E+001  0.263242E+001  0.147250E-002  0.219342E-002  0.219342E-002  0.326730E-002
  0.117980E+001  0.263692E+001  0.145677E-002  0.217007E-002  0.217007E-002  0.323262E-002
  0.118198E+001  0.264143E+001  0.145495E-002  0.216744E-002  0.216744E-002  0.322882E-002
  0.118415E+001  0.264593E+001  0.147194E-002  0.219282E-002  0.219282E-002  0.326675E-002
  0.118633E+001  0.265043E+001  0.145112E-002  0.216188E-002  0.216188E-002  0.322078E-002
  0.118851E+001  0.265493E+001  0.146547E-002  0.218335E-002  0.218335E-002  0.325288E-002
  0.119068E+001  0.265943E+001  0.144746E-002  0.215659E-002  0.215659E-002  0.321313E-002
  0.119286E+001  0.266394E+001  0.144680E-002  0.215569E-002  0.215569E-002  0.321191E-002
  0.119503E+001  0.266844E+001  0.144660E-002  0.215548E-002  0.215548E-002  0.321171E-002
  0.119721E+001  0.267294E+001  0.145011E-002  0.216079E-002  0.216079E-002  0.321975E-002
  0.119938E+001  0.267744E+001  0.143889E-002  0.214414E-002  0.214414E-002  0.319507E-002
  0.120156E+001  0.268194E+001  0.146701E-002  0.218613E-002  0.218613E-002  0.325776E-002
  0.120373E+001  0.268645E+001  0.143498E-002  0.213847E-002  0.213847E-002  0.318687E-002
  0.120590E+001  0.269095E+001  0.144095E-002  0.214745E-002  0.214745E-002  0.320037E-002
  0.120808E+001  0.269545E+001  0.143812E-002  0.214332E-002  0.214332E-002  0.319433E-002
  0.121025E+001  0.269996E+001  0.143468E-002  0.213828E-002  0.213828E-002  0.318695E-002
  0.121242E+001  0.270446E+001  0.144324E-002  0.215112E-002  0.215112E-002  0.320620E-002
  0.121460E+001  0.270896E+001  0.142762E-002  0.212793E-002  0.212793E-002  0.317176E-002
  0.121677E+001  0.271346E+001  0.142138E-002  0.211871E-002  0.211871E-002  0.315814E-002
  0.121894E+001  0.271797E+001  0.142943E-002  0.213078E-002  0.213078E-002  0.317626E-002
  0.122112E+001  0.272247E+001  0.142923E-002  0.213058E-002  0.213058E-002  0.317608E-002
  0.122329E+001  0.272697E+001  0.142418E-002  0.212312E-002  0.212312E-002  0.316509E-002
  0.122546E+001  0.273148E+001  0.140965E-002  0.210154E-002  0.210154E-002  0.313304E-002
  0.122763E+001  0.273598E+001  0.140679E-002  0.209736E-002  0.209736E-002  0.312693E-002
  0.122980E+001  0.274049E+001  0.141555E-002  0.211051E-002  0.211051E-002  0.314665E-002
  0.123197E+001  0.274499E+001  0.140787E-002  0.209914E-002  0.209914E-002  0.312982E-002
  0.123414E+001  0.274949E+001  0.140047E-002  0.208819E-002  0.208819E-002  0.311362E-002
  0.123631E+001  0.275400E+001  0.141007E-002  0.210259E-002  0.210259E-002  0.313521E-002
  0.123848E+001  0.275850E+001  0.139675E-002  0.208280E-002  0.208280E-002  0.310583E-002
  0.124065E+001  0.276301E+001  0.140378E-002  0.209337E-002  0.209337E-002  0.312170E-002
  0.124282E+001  0.276751E+001  0.138820E-002  0.207021E-002  0.207021E-002  0.308729E-002
  0.124499E+001  0.277202E+001  0.138896E-002  0.207143E-002  0.207143E-002  0.308923E-002
  0.124716E+001  0.277652E+001  0.138025E-002  0.205853E-002  0.205853E-002  0.307011E-002
  0.124933E+001  0.278103E+001  0.137672E-002  0.205334E-002  0.205334E-002  0.306249E-002
  0.125150E+001  0.278553E+001  0.139028E-002  0.207363E-002  0.207363E-002  0.309288E-002
  0.125366E+001  0.279004E+001  0.138013E-002  0.205857E-002  0.205857E-002  0.307053E-002
  0.125583E+001  0.279455E+001  0.137214E-002  0.204674E-002  0.204674E-002  0.305300E-002
  0.125800E+001  0.279905E+001  0.136969E-002  0.204316E-002  0.204316E-002  0.304778E-002
  0.126016E+001  0.280356E+001  0.137213E-002  0.204688E-002  0.204688E-002  0.305345E-002
  0.126233E+001  0.280807E+001  0.135835E-002  0.202640E-002  0.202640E-002  0.302301E-002
  0.126450E+001  0.281257E+001  0.137404E-002  0.204988E-002  0.204988E-002  0.305815E-002
  0.126666E+001  0.281708E+001  0.134887E-002  0.201241E-002  0.201241E-002  0.300236E-002
  0.126882E+001  0.282159E+001  0.136619E-002  0.203833E-002  0.203833E-002  0.304114E-002
  0.127099E+001  0.282609E+001  0.134941E-002  0.201338E-002  0.201338E-002  0.300403E-002
  0.127315E+001  0.283060E+001  0.133791E-002  0.199629E-002  0.199629E-002  0.297864E-002
  0.127531E+001  0.283511E+001  0.134683E-002  0.200967E-002  0.200967E-002  0.299873E-002
  0.127748E+001  0.283962E+001  0.133188E-002  0.198743E-002  0.198743E-002  0.296566E-002
  0.127964E+001  0.284413E+001  0.132601E-002  0.197875E-002  0.197875E-002  0.295281E-002
  0.128180E+001  0.284864E+001  0.132608E-002  0.197893E-002  0.197893E-002  0.295318E-002
  0.128396E+001  0.285314E+001  0.131778E-002  0.196661E-002  0.196661E-002  0.293490E-002
  0.128612E+001  0.285765E+001  0.131338E-002  0.196011E-002  0.196011E-002  0.292531E-002
  0.128828E+001  0.286216E+001  0.130915E-002  0.195388E-002  0.195388E-002  0.291611E-002
  0.129044E+001  0.286667E+001  0.130504E-002  0.194781E-002  0.194781E-002  0.290715E-002
  0.129260E+001  0.287118E+001  0.130264E-002  0.194430E-002  0.194430E-002  0.290202E-002
  0.129476E+001  0.287569E+001  0.130537E-002  0.194843E-002  0.194843E-002  0.290829E-002
  0.129691E+001  0.288020E+001  0.129724E-002  0.193636E-002  0.193636E-002  0.289037E-002
  0.129907E+001  0.288471E+001  0.128722E-002  0.192147E-002  0.192147E-002  0.286825E-002
  0.130123E+001  0.288923E+001  0.128251E-002  0.191451E-002  0.191451E-002  0.285795E-002
  0.130338E+001  0.289374E+001  0.129135E-002  0.192777E-002  0.192777E-002  0.287784E-002
  0.130554E+001  0.289825E+001  0.127373E-002  0.190153E-002  0.190153E-002  0.283877E-002
  0.130769E+001  0.290276E+001  0.127122E-002  0.189785E-002  0.189785E-002  0.283336E-002
  0.130985E+001  0.290727E+001  0.127911E-002  0.190969E-002  0.190969E-002  0.285114E-002
  0.131200E+001  0.291179E+001  0.125933E-002  0.188022E-002  0.188022E-002  0.280722E-002
  0.131415E+001  0.291630E+001  0.125570E-002  0.187485E-002  0.187485E-002  0.279930E-002
  0.131630E+001  0.292081E+001  0.125051E-002  0.186717E-002  0.186717E-002  0.278791E-002
  0.131845E+001  0.292533E+001  0.126142E-002  0.188351E-002  0.188351E-002  0.281240E-002
  0.132060E+001  0.292984E+001  0.124644E-002  0.186121E-002  0.186121E-002  0.277919E-002
  0.132275E+001  0.293436E+001  0.125207E-002  0.186967E-002  0.186967E-002  0.279191E-002
  0.132490E+001  0.293887E+001  0.123042E-002  0.183739E-002  0.183739E-002  0.274379E-002
  0.132705E+001  0.294338E+001  0.122553E-002  0.183014E-002  0.183014E-002  0.273303E-002
  0.132920E+001  0.294790E+001  0.122246E-002  0.182560E-002  0.182560E-002  0.272634E-002
  0.133134E+001  0.295242E+001  0.122537E-002  0.183002E-002  0.183002E-002  0.273301E-002
  0.133349E+001  0.295693E+001  0.120905E-002  0.180568E-002  0.180568E-002  0.269674E-002
  0.133563E+001  0.296145E+001  0.120817E-002  0.180442E-002  0.180442E-002  0.269492E-002
  0.133778E+001  0.296597E+001  0.119496E-002  0.178474E-002  0.178474E-002  0.266561E-002
  0.133992E+001  0.297048E+001  0.118982E-002  0.177710E-002  0.177710E-002  0.265427E-002
  0.134206E+001  0.297500E+001  0.118456E-002  0.176930E-002  0.176930E-002  0.264268E-002
  0.134420E+001  0.297952E+001  0.118502E-002  0.177004E-002  0.177004E-002  0.264385E-002
  0.134634E+001  0.298404E+001  0.118399E-002  0.176853E-002  0.176853E-002  0.264167E-002
  0.134848E+001  0.298856E+001  0.117772E-002  0.175921E-002  0.175921E-002  0.262781E-002
  0.135062E+001  0.299308E+001  0.116632E-002  0.174223E-002  0.174223E-002  0.260250E-002
  0.135276E+001  0.299760E+001  0.115382E-002  0.172360E-002  0.172360E-002  0.257473E-002
  0.135490E+001  0.300212E+001  0.114802E-002  0.171496E-002  0.171496E-002  0.256189E-002
  0.135703E+001  0.300664E+001  0.114677E-002  0.171314E-002  0.171314E-002  0.255922E-002
  0.135917E+001  0.301116E+001  0.113568E-002  0.169661E-002  0.169661E-002  0.253458E-002
  0.136130E+001  0.301568E+001  0.112764E-002  0.168463E-002  0.168463E-002  0.251673E-002
  0.136343E+001  0.302020E+001  0.112509E-002  0.168085E-002  0.168085E-002  0.251113E-002
  0.136557E+001  0.302473E+001  0.111506E-002  0.166590E-002  0.166590E-002  0.248885E-002
  0.136770E+001  0.302925E+001  0.110926E-002  0.165726E-002  0.165726E-002  0.247599E-002
  0.136983E+001  0.303377E+001  0.110756E-002  0.165475E-002  0.165475E-002  0.247228E-002
  0.137196E+001  0.303830E+001  0.109567E-002  0.163701E-002  0.163701E-002  0.244583E-002
  0.137408E+001  0.304282E+001  0.109332E-002  0.163354E-002  0.163354E-002  0.244067E-002
  0.137621E+001  0.304735E+001  0.108360E-002  0.161904E-002  0.161904E-002  0.241904E-002
  0.137834E+001  0.305187E+001  0.108049E-002  0.161441E-002  0.161441E-002  0.241216E-002
  0.138046E+001  0.305640E+001  0.106863E-002  0.159672E-002  0.159672E-002  0.238577E-002
  0.138259E+001  0.306093E+001  0.106075E-002  0.158495E-002  0.158495E-002  0.236822E-002
  0.138471E+001  0.306545E+001  0.105557E-002  0.157725E-002  0.157725E-002  0.235674E-002
  0.138683E+001  0.306998E+001  0.104390E-002  0.155982E-002  0.155982E-002  0.233072E-002
  0.138895E+001  0.307451E+001  0.103655E-002  0.154885E-002  0.154885E-002  0.231436E-002
  0.139107E+001  0.307904E+001  0.102899E-002  0.153757E-002  0.153757E-002  0.229753E-002
  0.139319E+001  0.308357E+001  0.102216E-002  0.152738E-002  0.152738E-002  0.228233E-002
  0.139530E+001  0.308810E+001  0.102913E-002  0.153781E-002  0.153781E-002  0.229793E-002
  0.139742E+001  0.309263E+001  0.100690E-002  0.150461E-002  0.150461E-002  0.224834E-002
  0.139953E+001  0.309716E+001  0.101172E-002  0.151182E-002  0.151182E-002  0.225912E-002
  0.140165E+001  0.310169E+001  0.992602E-003  0.148326E-002  0.148326E-002  0.221647E-002
  0.140376E+001  0.310622E+001  0.983239E-003  0.146928E-002  0.146928E-002  0.219559E-002
  0.140587E+001  0.311075E+001  0.975602E-003  0.145788E-002  0.145788E-002  0.217856E-002
  0.140798E+001  0.311529E+001  0.968595E-003  0.144741E-002  0.144741E-002  0.216293E-002
  0.141009E+001  0.311982E+001  0.960065E-003  0.143467E-002  0.143467E-002  0.214390E-002
  0.141220E+001  0.312435E+001  0.968273E-003  0.144694E-002  0.144694E-002  0.216224E-002
  0.141430E+001  0.312889E+001  0.945147E-003  0.141238E-002  0.141238E-002  0.211060E-002
  0.141641E+001  0.313342E+001  0.948628E-003  0.141759E-002  0.141759E-002  0.211838E-002
  0.141851E+001  0.313796E+001  0.926729E-003  0.138486E-002  0.138486E-002  0.206948E-002
  0.142061E+001  0.314250E+001  0.923799E-003  0.138048E-002  0.138048E-002  0.206293E-002
  0.142271E+001  0.314703E+001  0.910728E-003  0.136095E-002  0.136095E-002  0.203373E-002
  0.142481E+001  0.315157E+001  0.903219E-003  0.134972E-002  0.134972E-002  0.201695E-002
  0.142691E+001  0.315611E+001  0.893836E-003  0.133570E-002  0.133570E-002  0.199599E-002
  0.142901E+001  0.316065E+001  0.886159E-003  0.132422E-002  0.132422E-002  0.197882E-002
  0.143110E+001  0.316519E+001  0.884533E-003  0.132178E-002  0.132178E-002  0.197517E-002
  0.143320E+001  0.316973E+001  0.868884E-003  0.129839E-002  0.129839E-002  0.194020E-002
  0.143529E+001  0.317427E+001  0.860571E-003  0.128596E-002  0.128596E-002  0.192161E-002
  0.143738E+001  0.317881E+001  0.853958E-003  0.127606E-002  0.127606E-002  0.190682E-002
  0.143947E+001  0.318335E+001  0.844531E-003  0.126197E-002  0.126197E-002  0.188573E-002
  0.144156E+001  0.318790E+001  0.842997E-003  0.125966E-002  0.125966E-002  0.188227E-002
  0.144365E+001  0.319244E+001  0.825874E-003  0.123406E-002  0.123406E-002  0.184400E-002
  0.144574E+001  0.319698E+001  0.823617E-003  0.123068E-002  0.123068E-002  0.183892E-002
  0.144782E+001  0.320153E+001  0.812930E-003  0.121469E-002  0.121469E-002  0.181501E-002
  0.144991E+001  0.320607E+001  0.809025E-003  0.120884E-002  0.120884E-002  0.180624E-002
  0.145199E+001  0.321062E+001  0.790898E-003  0.118174E-002  0.118174E-002  0.176572E-002
  0.145407E+001  0.321516E+001  0.784032E-003  0.117146E-002  0.117146E-002  0.175034E-002
  0.145615E+001  0.321971E+001  0.773828E-003  0.115620E-002  0.115620E-002  0.172751E-002
  0.145823E+001  0.322426E+001  0.765495E-003  0.114373E-002  0.114373E-002  0.170884E-002
  0.146031E+001  0.322881E+001  0.760435E-003  0.113615E-002  0.113615E-002  0.169749E-002
  0.146238E+001  0.323336E+001  0.750301E-003  0.112099E-002  0.112099E-002  0.167481E-002
  0.146446E+001  0.323791E+001  0.740669E-003  0.110657E-002  0.110657E-002  0.165324E-002
  0.146653E+001  0.324246E+001  0.730125E-003  0.109080E-002  0.109080E-002  0.162964E-002
  0.146860E+001  0.324701E+001  0.723003E-003  0.108013E-002  0.108013E-002  0.161367E-002
  0.147067E+001  0.325156E+001  0.714170E-003  0.106691E-002  0.106691E-002  0.159389E-002
  0.147274E+001  0.325611E+001  0.704010E-003  0.105171E-002  0.105171E-002  0.157114E-002
  0.147481E+001  0.326066E+001  0.698087E-003  0.104284E-002  0.104284E-002  0.155785E-002
  0.147687E+001  0.326521E+001  0.688396E-003  0.102834E-002  0.102834E-002  0.153615E-002
  0.147894E+001  0.326977E+001  0.678128E-003  0.101297E-002  0.101297E-002  0.151315E-002
  0.148100E+001  0.327432E+001  0.671206E-003  0.100261E-002  0.100261E-002  0.149763E-002
  0.148307E+001  0.327888E+001  0.663581E-003  0.991189E-003  0.991189E-003  0.148054E-002
  0.148513E+001  0.328343E+001  0.657672E-003  0.982334E-003  0.982334E-003  0.146727E-002
  0.148719E+001  0.328799E+001  0.645575E-003  0.964238E-003  0.964238E-003  0.144020E-002
  0.148925E+001  0.329254E+001  0.649100E-003  0.969474E-003  0.969474E-003  0.144797E-002
  0.149130E+001  0.329710E+001  0.628604E-003  0.938834E-003  0.938834E-003  0.140217E-002
  0.149336E+001  0.330166E+001  0.618913E-003  0.924331E-003  0.924331E-003  0.138046E-002
  0.149541E+001  0.330622E+001  0.617995E-003  0.922929E-003  0.922929E-003  0.137833E-002
  0.149747E+001  0.331078E+001  0.602404E-003  0.899616E-003  0.899616E-003  0.134346E-002
  0.149952E+001  0.331534E+001  0.594839E-003  0.888288E-003  0.888288E-003  0.132650E-002
  0.150157E+001  0.331990E+001  0.588208E-003  0.878356E-003  0.878356E-003  0.131163E-002
  0.150362E+001  0.332446E+001  0.579541E-003  0.865383E-003  0.865383E-003  0.129221E-002
  0.150567E+001  0.332902E+001  0.569731E-003  0.850703E-003  0.850703E-003  0.127024E-002
  0.150772E+001  0.333358E+001  0.563170E-003  0.840875E-003  0.840875E-003  0.125552E-002
  0.150976E+001  0.333814E+001  0.555920E-003  0.830019E-003  0.830019E-003  0.123926E-002
  0.151181E+001  0.334270E+001  0.548396E-003  0.818754E-003  0.818754E-003  0.122240E-002
  0.151385E+001  0.334727E+001  0.541774E-003  0.808836E-003  0.808836E-003  0.120754E-002
  0.151590E+001  0.335183E+001  0.536863E-003  0.801472E-003  0.801472E-003  0.119650E-002
  0.151794E+001  0.335639E+001  0.529767E-003  0.790847E-003  0.790847E-003  0.118059E-002
  0.151998E+001  0.336096E+001  0.516208E-003  0.770574E-003  0.770574E-003  0.115028E-002
  0.152202E+001  0.336552E+001  0.514637E-003  0.768197E-003  0.768197E-003  0.114668E-002
  0.152405E+001  0.337009E+001  0.505311E-003  0.754243E-003  0.754243E-003  0.112581E-002
  0.152609E+001  0.337466E+001  0.495357E-003  0.739355E-003  0.739355E-003  0.110354E-002
  0.152813E+001  0.337922E+001  0.487414E-003  0.727466E-003  0.727466E-003  0.108575E-002
  0.153016E+001  0.338379E+001  0.479565E-003  0.715721E-003  0.715721E-003  0.106817E-002
  0.153220E+001  0.338836E+001  0.471197E-003  0.703200E-003  0.703200E-003  0.104943E-002
  0.153423E+001  0.339293E+001  0.463727E-003  0.692020E-003  0.692020E-003  0.103270E-002
  0.153626E+001  0.339749E+001  0.456000E-003  0.680457E-003  0.680457E-003  0.101540E-002
  0.153829E+001  0.340206E+001  0.449229E-003  0.670323E-003  0.670323E-003  0.100023E-002
  0.154032E+001  0.340663E+001  0.442341E-003  0.660014E-003  0.660014E-003  0.984801E-003
  0.154235E+001  0.341120E+001  0.435211E-003  0.649344E-003  0.649344E-003  0.968834E-003
  0.154438E+001  0.341577E+001  0.429548E-003  0.640863E-003  0.640863E-003  0.956134E-003
  0.154641E+001  0.342034E+001  0.428771E-003  0.639673E-003  0.639673E-003  0.954312E-003
  0.154843E+001  0.342491E+001  0.415160E-003  0.619335E-003  0.619335E-003  0.923925E-003
  0.155046E+001  0.342949E+001  0.409058E-003  0.610202E-003  0.610202E-003  0.910254E-003
  0.155248E+001  0.343406E+001  0.402799E-003  0.600835E-003  0.600835E-003  0.896236E-003
  0.155450E+001  0.343863E+001  0.398908E-003  0.595001E-003  0.595001E-003  0.887488E-003
  0.155653E+001  0.344320E+001  0.394583E-003  0.588520E-003  0.588520E-003  0.877776E-003
  0.155855E+001  0.344778E+001  0.383360E-003  0.571751E-003  0.571751E-003  0.852721E-003
  0.156057E+001  0.345235E+001  0.377644E-003  0.563197E-003  0.563197E-003  0.839919E-003
  0.156259E+001  0.345692E+001  0.373564E-003  0.557082E-003  0.557082E-003  0.830755E-003
  0.156461E+001  0.346150E+001  0.366034E-003  0.545824E-003  0.545824E-003  0.813924E-003
  0.156663E+001  0.346607E+001  0.366352E-003  0.546268E-003  0.546268E-003  0.814542E-003
  0.156864E+001  0.347065E+001  0.355544E-003  0.530124E-003  0.530124E-003  0.790426E-003
  0.157066E+001  0.347522E+001  0.348930E-003  0.520235E-003  0.520235E-003  0.775639E-003
  0.157267E+001  0.347980E+001  0.346717E-003  0.516907E-003  0.516907E-003  0.770635E-003
  0.157469E+001  0.348438E+001  0.337102E-003  0.502544E-003  0.502544E-003  0.749180E-003
  0.157670E+001  0.348895E+001  0.332790E-003  0.496088E-003  0.496088E-003  0.739515E-003
  0.157872E+001  0.349353E+001  0.326340E-003  0.486446E-003  0.486446E-003  0.725101E-003
  0.158073E+001  0.349811E+001  0.321104E-003  0.478614E-003  0.478614E-003  0.713387E-003
  0.158274E+001  0.350268E+001  0.315275E-003  0.469899E-003  0.469899E-003  0.700358E-003
  0.158475E+001  0.350726E+001  0.311716E-003  0.464567E-003  0.464567E-003  0.692371E-003
  0.158676E+001  0.351184E+001  0.308646E-003  0.459966E-003  0.459966E-003  0.685474E-003
  0.158877E+001  0.351642E+001  0.304860E-003  0.454298E-003  0.454298E-003  0.676989E-003
  0.159078E+001  0.352099E+001  0.295181E-003  0.439850E-003  0.439850E-003  0.655420E-003
  0.159279E+001  0.352557E+001  0.290129E-003  0.432296E-003  0.432296E-003  0.644127E-003
  0.159480E+001  0.353015E+001  0.285500E-003  0.425374E-003  0.425374E-003  0.633776E-003
  0.159681E+001  0.353473E+001  0.282277E-003  0.420546E-003  0.420546E-003  0.626546E-003
  0.159881E+001  0.353931E+001  0.277919E-003  0.414030E-003  0.414030E-003  0.616800E-003
  0.160082E+001  0.354389E+001  0.271427E-003  0.404334E-003  0.404334E-003  0.602321E-003
