  0.522507E+000  0.801744E-001  0.380647E-003  0.132839E-003  0.132839E-003  0.463582E-004
  0.522507E+000  0.801744E-001  0.380647E-003  0.132839E-003  0.132839E-003  0.463582E-004
  0.523147E+000  0.851333E-001  0.353807E-003  0.131346E-003  0.131346E-003  0.487605E-004
  0.523823E+000  0.900874E-001  0.330111E-003  0.129935E-003  0.129935E-003  0.511438E-004
  0.524534E+000  0.950365E-001  0.308748E-003  0.128467E-003  0.128467E-003  0.534541E-004
  0.525280E+000  0.999805E-001  0.289460E-003  0.126987E-003  0.126987E-003  0.557099E-004
  0.526061E+000  0.104919E+000  0.271741E-003  0.125401E-003  0.125401E-003  0.578689E-004
  0.526875E+000  0.109852E+000  0.255521E-003  0.123765E-003  0.123765E-003  0.599466E-004
  0.527723E+000  0.114780E+000  0.240649E-003  0.122111E-003  0.122111E-003  0.619617E-004
  0.528603E+000  0.119702E+000  0.227033E-003  0.120470E-003  0.120470E-003  0.639246E-004
  0.529516E+000  0.124618E+000  0.214240E-003  0.118695E-003  0.118695E-003  0.657601E-004
  0.530461E+000  0.129528E+000  0.202368E-003  0.116893E-003  0.116893E-003  0.675194E-004
  0.531437E+000  0.134432E+000  0.191366E-003  0.115089E-003  0.115089E-003  0.692156E-004
  0.532443E+000  0.139329E+000  0.181162E-003  0.113298E-003  0.113298E-003  0.708557E-004
  0.533480E+000  0.144221E+000  0.171528E-003  0.111429E-003  0.111429E-003  0.723867E-004
  0.534547E+000  0.149106E+000  0.162458E-003  0.109514E-003  0.109514E-003  0.738233E-004
  0.535642E+000  0.153984E+000  0.154024E-003  0.107634E-003  0.107634E-003  0.752161E-004
  0.536767E+000  0.158856E+000  0.146072E-003  0.105731E-003  0.105731E-003  0.765307E-004
  0.537919E+000  0.163721E+000  0.138536E-003  0.103778E-003  0.103778E-003  0.777403E-004
  0.539098E+000  0.168580E+000  0.131451E-003  0.101832E-003  0.101832E-003  0.788860E-004
  0.540305E+000  0.173433E+000  0.124736E-003  0.998629E-004  0.998629E-004  0.799488E-004
  0.541538E+000  0.178278E+000  0.118403E-003  0.979004E-004  0.979004E-004  0.809472E-004
  0.542797E+000  0.183117E+000  0.112418E-003  0.959427E-004  0.959427E-004  0.818813E-004
  0.544082E+000  0.187949E+000  0.106715E-003  0.939568E-004  0.939568E-004  0.827235E-004
  0.545391E+000  0.192775E+000  0.101338E-003  0.919987E-004  0.919987E-004  0.835191E-004
  0.546725E+000  0.197593E+000  0.962068E-004  0.900172E-004  0.900172E-004  0.842251E-004
  0.548083E+000  0.202406E+000  0.913486E-004  0.880549E-004  0.880549E-004  0.848792E-004
  0.549464E+000  0.207211E+000  0.867321E-004  0.860984E-004  0.860984E-004  0.854684E-004
  0.550868E+000  0.212010E+000  0.823387E-004  0.841459E-004  0.841459E-004  0.859919E-004
  0.552294E+000  0.216802E+000  0.781702E-004  0.822137E-004  0.822137E-004  0.864655E-004
  0.553743E+000  0.221588E+000  0.741844E-004  0.802744E-004  0.802744E-004  0.868633E-004
  0.555213E+000  0.226367E+000  0.703987E-004  0.783568E-004  0.783568E-004  0.872134E-004
  0.556704E+000  0.231139E+000  0.667954E-004  0.764555E-004  0.764555E-004  0.875116E-004
  0.558215E+000  0.235905E+000  0.633663E-004  0.745729E-004  0.745729E-004  0.877605E-004
  0.559747E+000  0.240665E+000  0.600895E-004  0.726971E-004  0.726971E-004  0.879488E-004
  0.561299E+000  0.245418E+000  0.569588E-004  0.708296E-004  0.708296E-004  0.880770E-004
  0.562870E+000  0.250165E+000  0.539823E-004  0.689903E-004  0.689903E-004  0.881696E-004
  0.564460E+000  0.254905E+000  0.511501E-004  0.671782E-004  0.671782E-004  0.882273E-004
  0.566068E+000  0.259640E+000  0.484398E-004  0.653727E-004  0.653727E-004  0.882233E-004
  0.567695E+000  0.264368E+000  0.458576E-004  0.635925E-004  0.635925E-004  0.881847E-004
  0.569339E+000  0.269089E+000  0.433970E-004  0.618362E-004  0.618362E-004  0.881085E-004
  0.571000E+000  0.273805E+000  0.410474E-004  0.600976E-004  0.600976E-004  0.879876E-004
  0.572679E+000  0.278515E+000  0.388033E-004  0.583782E-004  0.583782E-004  0.878261E-004
  0.574374E+000  0.283219E+000  0.366674E-004  0.566881E-004  0.566881E-004  0.876385E-004
  0.576086E+000  0.287917E+000  0.346292E-004  0.550204E-004  0.550204E-004  0.874169E-004
  0.577813E+000  0.292609E+000  0.326833E-004  0.533723E-004  0.533723E-004  0.871556E-004
  0.579556E+000  0.297295E+000  0.308291E-004  0.517510E-004  0.517510E-004  0.868691E-004
  0.581314E+000  0.301976E+000  0.290632E-004  0.501573E-004  0.501573E-004  0.865592E-004
  0.583088E+000  0.306651E+000  0.273800E-004  0.485896E-004  0.485896E-004  0.862265E-004
  0.584875E+000  0.311321E+000  0.257731E-004  0.470409E-004  0.470409E-004  0.858559E-004
  0.586677E+000  0.315985E+000  0.242440E-004  0.455215E-004  0.455215E-004  0.854705E-004
  0.588494E+000  0.320643E+000  0.227814E-004  0.440168E-004  0.440168E-004  0.850440E-004
  0.590323E+000  0.325296E+000  0.213903E-004  0.425401E-004  0.425401E-004  0.845987E-004
  0.592167E+000  0.329944E+000  0.200670E-004  0.410920E-004  0.410920E-004  0.841424E-004
  0.594023E+000  0.334587E+000  0.188059E-004  0.396651E-004  0.396651E-004  0.836576E-004
  0.595892E+000  0.339224E+000  0.176075E-004  0.382669E-004  0.382669E-004  0.831627E-004
  0.597774E+000  0.343856E+000  0.164664E-004  0.368910E-004  0.368910E-004  0.826459E-004
  0.599668E+000  0.348484E+000  0.153839E-004  0.355455E-004  0.355455E-004  0.821261E-004
  0.601575E+000  0.353106E+000  0.143524E-004  0.342188E-004  0.342188E-004  0.815794E-004
  0.603493E+000  0.357724E+000  0.133720E-004  0.329147E-004  0.329147E-004  0.810131E-004
  0.605422E+000  0.362336E+000  0.124439E-004  0.316410E-004  0.316410E-004  0.804486E-004
  0.607364E+000  0.366944E+000  0.115619E-004  0.303891E-004  0.303891E-004  0.798688E-004
  0.609316E+000  0.371547E+000  0.107248E-004  0.291585E-004  0.291585E-004  0.792698E-004
  0.611279E+000  0.376146E+000  0.993143E-005  0.279511E-004  0.279511E-004  0.786593E-004
  0.613252E+000  0.380740E+000  0.918328E-005  0.267758E-004  0.267758E-004  0.780635E-004
  0.615237E+000  0.385329E+000  0.847114E-005  0.256116E-004  0.256116E-004  0.774263E-004
  0.617231E+000  0.389914E+000  0.779952E-005  0.244745E-004  0.244745E-004  0.767918E-004
  0.619236E+000  0.394495E+000  0.716553E-005  0.233615E-004  0.233615E-004  0.761559E-004
  0.621250E+000  0.399071E+000  0.656723E-005  0.222700E-004  0.222700E-004  0.755095E-004
  0.623274E+000  0.403643E+000  0.600356E-005  0.212012E-004  0.212012E-004  0.748601E-004
  0.625307E+000  0.408211E+000  0.547320E-005  0.201547E-004  0.201547E-004  0.742070E-004
  0.627350E+000  0.412775E+000  0.497414E-005  0.191280E-004  0.191280E-004  0.735441E-004
  0.629402E+000  0.417334E+000  0.450659E-005  0.181259E-004  0.181259E-004  0.728904E-004
  0.631462E+000  0.421890E+000  0.406748E-005  0.171404E-004  0.171404E-004  0.722145E-004
  0.633531E+000  0.426442E+000  0.365788E-005  0.161806E-004  0.161806E-004  0.715581E-004
  0.635609E+000  0.430989E+000  0.327396E-005  0.152345E-004  0.152345E-004  0.708704E-004
  0.637696E+000  0.435533E+000  0.291736E-005  0.143135E-004  0.143135E-004  0.702059E-004
  0.639790E+000  0.440074E+000  0.258530E-005  0.134086E-004  0.134086E-004  0.695194E-004
  0.641893E+000  0.444610E+000  0.227800E-005  0.125259E-004  0.125259E-004  0.688481E-004
  0.644003E+000  0.449143E+000  0.199368E-005  0.116599E-004  0.116599E-004  0.681613E-004
  0.646121E+000  0.453672E+000  0.173206E-005  0.108141E-004  0.108141E-004  0.674822E-004
  0.648247E+000  0.458198E+000  0.149203E-005  0.998666E-005  0.998666E-005  0.668035E-004
  0.650380E+000  0.462720E+000  0.127283E-005  0.917744E-005  0.917744E-005  0.661240E-004
  0.652520E+000  0.467238E+000  0.107370E-005  0.838625E-005  0.838625E-005  0.654454E-004
  0.654668E+000  0.471754E+000  0.893778E-006  0.761238E-005  0.761238E-005  0.647677E-004
  0.656822E+000  0.476266E+000  0.732595E-006  0.685706E-005  0.685706E-005  0.640995E-004
  0.658984E+000  0.480774E+000  0.589032E-006  0.611680E-005  0.611680E-005  0.634179E-004
  0.661152E+000  0.485280E+000  0.462780E-006  0.539407E-005  0.539407E-005  0.627428E-004
  0.663327E+000  0.489782E+000  0.353075E-006  0.468776E-005  0.468776E-005  0.620699E-004
  0.665508E+000  0.494281E+000  0.259340E-006  0.399790E-005  0.399790E-005  0.614005E-004
  0.667696E+000  0.498777E+000  0.180921E-006  0.332373E-005  0.332373E-005  0.607324E-004
  0.669890E+000  0.503270E+000  0.117281E-006  0.266534E-005  0.266534E-005  0.600676E-004
  0.672090E+000  0.507760E+000  0.678547E-007  0.202236E-005  0.202236E-005  0.594041E-004
  0.674296E+000  0.512247E+000  0.321036E-007  0.139457E-005  0.139457E-005  0.587437E-004
  0.676508E+000  0.516731E+000  0.950750E-008  0.781704E-006  0.781704E-006  0.580882E-004
  0.678725E+000  0.521213E+000  0.433363E-009  0.183721E-006  0.183721E-006  0.574424E-004
  0.680949E+000  0.525691E+000  0.179058E-008  0.400197E-006  0.400197E-006  0.567804E-004
  0.683178E+000  0.530167E+000  0.157122E-007  0.969690E-006  0.969690E-006  0.561320E-004
  0.685412E+000  0.534640E+000  0.408666E-007  0.152504E-005  0.152504E-005  0.554869E-004
  0.687652E+000  0.539110E+000  0.768268E-007  0.206684E-005  0.206684E-005  0.548477E-004
  0.689897E+000  0.543578E+000  0.123143E-006  0.259488E-005  0.259488E-005  0.542091E-004
  0.692147E+000  0.548043E+000  0.179399E-006  0.310952E-005  0.310952E-005  0.535753E-004
  0.694402E+000  0.552506E+000  0.245169E-006  0.361074E-005  0.361074E-005  0.529420E-004
  0.696662E+000  0.556966E+000  0.320080E-006  0.409910E-005  0.409910E-005  0.523154E-004
  0.698926E+000  0.561423E+000  0.403699E-006  0.457449E-005  0.457449E-005  0.516935E-004
  0.701196E+000  0.565879E+000  0.495701E-006  0.503730E-005  0.503730E-005  0.510733E-004
  0.703470E+000  0.570331E+000  0.595641E-006  0.548738E-005  0.548738E-005  0.504569E-004
  0.705749E+000  0.574782E+000  0.703210E-006  0.592527E-005  0.592527E-005  0.498454E-004
  0.708032E+000  0.579230E+000  0.817986E-006  0.635081E-005  0.635081E-005  0.492380E-004
  0.710320E+000  0.583676E+000  0.939729E-006  0.676485E-005  0.676485E-005  0.486378E-004
  0.712612E+000  0.588120E+000  0.106793E-005  0.716655E-005  0.716655E-005  0.480394E-004
  0.714908E+000  0.592562E+000  0.120218E-005  0.755576E-005  0.755576E-005  0.474412E-004
  0.717208E+000  0.597001E+000  0.134233E-005  0.793391E-005  0.793391E-005  0.468517E-004
  0.719512E+000  0.601439E+000  0.148779E-005  0.829968E-005  0.829968E-005  0.462622E-004
  0.721820E+000  0.605874E+000  0.163842E-005  0.865440E-005  0.865440E-005  0.456796E-004
  0.724132E+000  0.610307E+000  0.179386E-005  0.899802E-005  0.899802E-005  0.451028E-004
  0.726448E+000  0.614739E+000  0.195362E-005  0.932994E-005  0.932994E-005  0.445285E-004
  0.728767E+000  0.619168E+000  0.211730E-005  0.965026E-005  0.965026E-005  0.439577E-004
  0.731090E+000  0.623596E+000  0.228468E-005  0.995953E-005  0.995953E-005  0.433918E-004
  0.733417E+000  0.628022E+000  0.245547E-005  0.102581E-004  0.102581E-004  0.428319E-004
  0.735747E+000  0.632446E+000  0.262906E-005  0.105451E-004  0.105451E-004  0.422752E-004
  0.738080E+000  0.636868E+000  0.280505E-005  0.108207E-004  0.108207E-004  0.417217E-004
  0.740416E+000  0.641288E+000  0.298337E-005  0.110859E-004  0.110859E-004  0.411758E-004
  0.742756E+000  0.645707E+000  0.316332E-005  0.113397E-004  0.113397E-004  0.406321E-004
  0.745099E+000  0.650124E+000  0.334456E-005  0.115822E-004  0.115822E-004  0.400926E-004
  0.747445E+000  0.654539E+000  0.352664E-005  0.118136E-004  0.118136E-004  0.395574E-004
  0.749794E+000  0.658953E+000  0.370928E-005  0.120341E-004  0.120341E-004  0.390279E-004
  0.752146E+000  0.663366E+000  0.389207E-005  0.122440E-004  0.122440E-004  0.385043E-004
  0.754501E+000  0.667776E+000  0.407430E-005  0.124424E-004  0.124424E-004  0.379842E-004
  0.756858E+000  0.672186E+000  0.425557E-005  0.126296E-004  0.126296E-004  0.374692E-004
  0.759218E+000  0.676594E+000  0.443561E-005  0.128062E-004  0.128062E-004  0.369606E-004
  0.761581E+000  0.681000E+000  0.461291E-005  0.129690E-004  0.129690E-004  0.364503E-004
  0.763946E+000  0.685405E+000  0.478823E-005  0.131221E-004  0.131221E-004  0.359497E-004
  0.766314E+000  0.689809E+000  0.496048E-005  0.132636E-004  0.132636E-004  0.354538E-004
  0.768684E+000  0.694212E+000  0.512900E-005  0.133932E-004  0.133932E-004  0.349630E-004
  0.771056E+000  0.698613E+000  0.529326E-005  0.135113E-004  0.135113E-004  0.344778E-004
  0.773431E+000  0.703014E+000  0.545257E-005  0.136172E-004  0.136172E-004  0.339975E-004
  0.775807E+000  0.707413E+000  0.560686E-005  0.137126E-004  0.137126E-004  0.335270E-004
  0.778186E+000  0.711811E+000  0.575366E-005  0.137927E-004  0.137927E-004  0.330547E-004
  0.780567E+000  0.716208E+000  0.589394E-005  0.138617E-004  0.138617E-004  0.325915E-004
  0.782949E+000  0.720604E+000  0.602637E-005  0.139179E-004  0.139179E-004  0.321348E-004
  0.785333E+000  0.724998E+000  0.614995E-005  0.139608E-004  0.139608E-004  0.316832E-004
  0.787719E+000  0.729393E+000  0.626428E-005  0.139909E-004  0.139909E-004  0.312394E-004
  0.790106E+000  0.733786E+000  0.636863E-005  0.140084E-004  0.140084E-004  0.308047E-004
  0.792495E+000  0.738178E+000  0.646039E-005  0.140093E-004  0.140093E-004  0.303707E-004
  0.794886E+000  0.742570E+000  0.654015E-005  0.139965E-004  0.139965E-004  0.299456E-004
  0.797277E+000  0.746961E+000  0.660724E-005  0.139705E-004  0.139705E-004  0.295315E-004
  0.799670E+000  0.751351E+000  0.665879E-005  0.139269E-004  0.139269E-004  0.291202E-004
  0.802064E+000  0.755741E+000  0.669531E-005  0.138686E-004  0.138686E-004  0.287196E-004
  0.804459E+000  0.760130E+000  0.671501E-005  0.137938E-004  0.137938E-004  0.283271E-004
  0.806854E+000  0.764519E+000  0.671795E-005  0.137043E-004  0.137043E-004  0.279486E-004
  0.809251E+000  0.768907E+000  0.669950E-005  0.135925E-004  0.135925E-004  0.275700E-004
  0.811648E+000  0.773295E+000  0.666180E-005  0.134646E-004  0.134646E-004  0.272064E-004
  0.814045E+000  0.777683E+000  0.660253E-005  0.133174E-004  0.133174E-004  0.268537E-004
  0.816443E+000  0.782070E+000  0.652026E-005  0.131498E-004  0.131498E-004  0.265121E-004
  0.818841E+000  0.786458E+000  0.641362E-005  0.129604E-004  0.129604E-004  0.261819E-004
  0.821238E+000  0.790845E+000  0.628134E-005  0.127479E-004  0.127479E-004  0.258636E-004
  0.823636E+000  0.795233E+000  0.612283E-005  0.125121E-004  0.125121E-004  0.255606E-004
  0.826033E+000  0.799621E+000  0.593636E-005  0.122503E-004  0.122503E-004  0.252711E-004
  0.828429E+000  0.804009E+000  0.572133E-005  0.119612E-004  0.119612E-004  0.249977E-004
  0.830825E+000  0.808398E+000  0.547695E-005  0.116430E-004  0.116430E-004  0.247416E-004
  0.833219E+000  0.812787E+000  0.520264E-005  0.112930E-004  0.112930E-004  0.245033E-004
  0.835612E+000  0.817178E+000  0.489896E-005  0.109103E-004  0.109103E-004  0.242880E-004
  0.838004E+000  0.821569E+000  0.456437E-005  0.104880E-004  0.104880E-004  0.240885E-004
  0.840393E+000  0.825961E+000  0.420196E-005  0.100271E-004  0.100271E-004  0.239160E-004
  0.842780E+000  0.830354E+000  0.381231E-005  0.952151E-005  0.952151E-005  0.237678E-004
  0.845165E+000  0.834749E+000  0.339869E-005  0.896808E-005  0.896808E-005  0.236495E-004
  0.847546E+000  0.839146E+000  0.296464E-005  0.836015E-005  0.836015E-005  0.235587E-004
  0.849923E+000  0.843544E+000  0.251647E-005  0.769381E-005  0.769381E-005  0.235034E-004
  0.852297E+000  0.847945E+000  0.206131E-005  0.696126E-005  0.696126E-005  0.234851E-004
  0.854665E+000  0.852348E+000  0.160977E-005  0.615551E-005  0.615551E-005  0.235070E-004
  0.857029E+000  0.856754E+000  0.117472E-005  0.526721E-005  0.526721E-005  0.235746E-004
  0.859386E+000  0.861164E+000  0.773530E-006  0.428669E-005  0.428669E-005  0.236902E-004
  0.861737E+000  0.865577E+000  0.427579E-006  0.320211E-005  0.320211E-005  0.238602E-004
  0.864080E+000  0.869994E+000  0.164053E-006  0.200118E-005  0.200118E-005  0.240911E-004
  0.866415E+000  0.874415E+000  0.161282E-007  0.668794E-006  0.668794E-006  0.243915E-004
  0.868740E+000  0.878842E+000  0.243104E-007  0.810877E-006  0.810877E-006  0.247585E-004
  0.871055E+000  0.883274E+000  0.236977E-006  0.245597E-005  0.245597E-005  0.252091E-004
  0.873358E+000  0.887712E+000  0.710695E-006  0.428452E-005  0.428452E-005  0.257448E-004
  0.875648E+000  0.892156E+000  0.151027E-005  0.631652E-005  0.631652E-005  0.263759E-004
  0.877925E+000  0.896608E+000  0.270823E-005  0.857205E-005  0.857205E-005  0.271073E-004
  0.880187E+000  0.901067E+000  0.438118E-005  0.110679E-004  0.110679E-004  0.279436E-004
  0.882433E+000  0.905534E+000  0.660747E-005  0.138193E-004  0.138193E-004  0.288909E-004
  0.884662E+000  0.910009E+000  0.946069E-005  0.168356E-004  0.168356E-004  0.299507E-004
  0.886874E+000  0.914494E+000  0.130044E-004  0.201204E-004  0.201204E-004  0.311234E-004
  0.889068E+000  0.918987E+000  0.172794E-004  0.236645E-004  0.236645E-004  0.324036E-004
  0.891243E+000  0.923489E+000  0.223004E-004  0.274519E-004  0.274519E-004  0.337888E-004
  0.893401E+000  0.927999E+000  0.280388E-004  0.314420E-004  0.314420E-004  0.352544E-004
  0.895542E+000  0.932518E+000  0.344376E-004  0.355998E-004  0.355998E-004  0.367979E-004
  0.897667E+000  0.937044E+000  0.413914E-004  0.398692E-004  0.398692E-004  0.383999E-004
  0.899777E+000  0.941577E+000  0.487505E-004  0.441792E-004  0.441792E-004  0.400340E-004
  0.901874E+000  0.946115E+000  0.563554E-004  0.484707E-004  0.484707E-004  0.416867E-004
  0.903962E+000  0.950659E+000  0.640305E-004  0.526792E-004  0.526792E-004  0.433381E-004
  0.906041E+000  0.955206E+000  0.715827E-004  0.567354E-004  0.567354E-004  0.449657E-004
  0.908114E+000  0.959756E+000  0.788688E-004  0.606044E-004  0.606044E-004  0.465679E-004
  0.910185E+000  0.964307E+000  0.857056E-004  0.642118E-004  0.642118E-004  0.481067E-004
  0.912255E+000  0.968858E+000  0.920134E-004  0.675543E-004  0.675543E-004  0.495954E-004
  0.914327E+000  0.973409E+000  0.977008E-004  0.706046E-004  0.706046E-004  0.510218E-004
  0.916403E+000  0.977958E+000  0.102716E-003  0.733527E-004  0.733527E-004  0.523822E-004
  0.918484E+000  0.982504E+000  0.107021E-003  0.757882E-004  0.757882E-004  0.536690E-004
  0.920573E+000  0.987046E+000  0.110623E-003  0.779214E-004  0.779214E-004  0.548855E-004
  0.922671E+000  0.991585E+000  0.113533E-003  0.797579E-004  0.797579E-004  0.560296E-004
  0.924780E+000  0.996118E+000  0.115778E-003  0.813097E-004  0.813097E-004  0.571018E-004
  0.926900E+000  0.100065E+001  0.117553E-003  0.827010E-004  0.827010E-004  0.581806E-004
  0.929033E+000  0.100517E+001  0.118435E-003  0.836187E-004  0.836187E-004  0.590361E-004
  0.931180E+000  0.100968E+001  0.119210E-003  0.846008E-004  0.846008E-004  0.600381E-004
  0.933340E+000  0.101419E+001  0.118962E-003  0.849793E-004  0.849793E-004  0.607030E-004
  0.935516E+000  0.101870E+001  0.118575E-003  0.853647E-004  0.853647E-004  0.614549E-004
  0.937706E+000  0.102319E+001  0.117517E-003  0.853567E-004  0.853567E-004  0.619964E-004
  0.939912E+000  0.102768E+001  0.116431E-003  0.854031E-004  0.854031E-004  0.626427E-004
  0.942134E+000  0.103216E+001  0.114906E-003  0.851891E-004  0.851891E-004  0.631568E-004
  0.944372E+000  0.103663E+001  0.112919E-003  0.846796E-004  0.846796E-004  0.635012E-004
  0.946626E+000  0.104109E+001  0.110755E-003  0.840683E-004  0.840683E-004  0.638110E-004
  0.948896E+000  0.104555E+001  0.108567E-003  0.834623E-004  0.834623E-004  0.641617E-004
  0.951182E+000  0.104999E+001  0.106000E-003  0.825763E-004  0.825763E-004  0.643278E-004
  0.953484E+000  0.105443E+001  0.103244E-003  0.815431E-004  0.815431E-004  0.644024E-004
  0.955802E+000  0.105886E+001  0.100435E-003  0.804583E-004  0.804583E-004  0.644541E-004
  0.958136E+000  0.106328E+001  0.976315E-004  0.793632E-004  0.793632E-004  0.645123E-004
  0.960485E+000  0.106770E+001  0.945435E-004  0.780128E-004  0.780128E-004  0.643715E-004
  0.962850E+000  0.107210E+001  0.913787E-004  0.765662E-004  0.765662E-004  0.641537E-004
  0.965231E+000  0.107650E+001  0.881843E-004  0.750559E-004  0.750559E-004  0.638810E-004
  0.967626E+000  0.108089E+001  0.850161E-004  0.735238E-004  0.735238E-004  0.635840E-004
  0.970036E+000  0.108527E+001  0.817948E-004  0.718975E-004  0.718975E-004  0.631968E-004
  0.972462E+000  0.108964E+001  0.785648E-004  0.702110E-004  0.702110E-004  0.627444E-004
  0.974901E+000  0.109401E+001  0.754310E-004  0.685538E-004  0.685538E-004  0.623025E-004
  0.977355E+000  0.109836E+001  0.721193E-004  0.666743E-004  0.666743E-004  0.616393E-004
  0.979823E+000  0.110271E+001  0.688885E-004  0.648032E-004  0.648032E-004  0.609590E-004
  0.982304E+000  0.110705E+001  0.657202E-004  0.629224E-004  0.629224E-004  0.602427E-004
  0.984799E+000  0.111138E+001  0.627346E-004  0.611493E-004  0.611493E-004  0.596030E-004
  0.987307E+000  0.111571E+001  0.594888E-004  0.590498E-004  0.590498E-004  0.586128E-004
  0.989828E+000  0.112003E+001  0.564757E-004  0.571041E-004  0.571041E-004  0.577382E-004
  0.992362E+000  0.112434E+001  0.534977E-004  0.551179E-004  0.551179E-004  0.567859E-004
  0.994908E+000  0.112864E+001  0.506275E-004  0.531652E-004  0.531652E-004  0.558289E-004
  0.997466E+000  0.113294E+001  0.477933E-004  0.511719E-004  0.511719E-004  0.547880E-004
  0.100004E+001  0.113723E+001  0.450600E-004  0.492085E-004  0.492085E-004  0.537376E-004
  0.100262E+001  0.114151E+001  0.423628E-004  0.472014E-004  0.472014E-004  0.525911E-004
  0.100521E+001  0.114578E+001  0.397720E-004  0.452302E-004  0.452302E-004  0.514358E-004
  0.100782E+001  0.115005E+001  0.375342E-004  0.435878E-004  0.435878E-004  0.506162E-004
  0.101043E+001  0.115431E+001  0.348541E-004  0.413455E-004  0.413455E-004  0.490442E-004
  0.101306E+001  0.115857E+001  0.325420E-004  0.394539E-004  0.394539E-004  0.478323E-004
  0.101569E+001  0.116282E+001  0.305545E-004  0.378767E-004  0.378767E-004  0.469519E-004
  0.101834E+001  0.116706E+001  0.281521E-004  0.357051E-004  0.357051E-004  0.452825E-004
  0.102100E+001  0.117129E+001  0.263187E-004  0.341713E-004  0.341713E-004  0.443646E-004
  0.102366E+001  0.117552E+001  0.241323E-004  0.320930E-004  0.320930E-004  0.426774E-004
  0.102634E+001  0.117975E+001  0.222574E-004  0.303418E-004  0.303418E-004  0.413604E-004
  0.102902E+001  0.118397E+001  0.207283E-004  0.289854E-004  0.289854E-004  0.405291E-004
  0.103172E+001  0.118818E+001  0.187833E-004  0.269676E-004  0.269676E-004  0.387153E-004
  0.103442E+001  0.119238E+001  0.171858E-004  0.253547E-004  0.253547E-004  0.374032E-004
  0.103713E+001  0.119658E+001  0.156636E-004  0.237707E-004  0.237707E-004  0.360703E-004
  0.103985E+001  0.120078E+001  0.142648E-004  0.222933E-004  0.222933E-004  0.348366E-004
  0.104258E+001  0.120497E+001  0.128848E-004  0.207635E-004  0.207635E-004  0.334557E-004
  0.104532E+001  0.120915E+001  0.116777E-004  0.194322E-004  0.194322E-004  0.323314E-004
  0.104806E+001  0.121333E+001  0.104142E-004  0.179221E-004  0.179221E-004  0.308375E-004
  0.105081E+001  0.121751E+001  0.933925E-005  0.166524E-004  0.166524E-004  0.296864E-004
  0.105357E+001  0.122168E+001  0.827893E-005  0.153274E-004  0.153274E-004  0.283701E-004
  0.105634E+001  0.122584E+001  0.728828E-005  0.140451E-004  0.140451E-004  0.270584E-004
  0.105911E+001  0.123000E+001  0.636883E-005  0.128103E-004  0.128103E-004  0.257576E-004
  0.106189E+001  0.123416E+001  0.554304E-005  0.116771E-004  0.116771E-004  0.245887E-004
  0.106468E+001  0.123831E+001  0.474794E-005  0.105191E-004  0.105191E-004  0.232923E-004
  0.106747E+001  0.124246E+001  0.405525E-005  0.949484E-005  0.949484E-005  0.222150E-004
  0.107027E+001  0.124660E+001  0.337768E-005  0.841050E-005  0.841050E-005  0.209222E-004
  0.107308E+001  0.125074E+001  0.276474E-005  0.738062E-005  0.738062E-005  0.196770E-004
  0.107589E+001  0.125487E+001  0.221570E-005  0.640729E-005  0.640729E-005  0.184937E-004
  0.107871E+001  0.125900E+001  0.172422E-005  0.547977E-005  0.547977E-005  0.173668E-004
  0.108153E+001  0.126313E+001  0.127282E-005  0.453733E-005  0.453733E-005  0.161030E-004
  0.108436E+001  0.126725E+001  0.883302E-006  0.364596E-005  0.364596E-005  0.149342E-004
  0.108719E+001  0.127137E+001  0.545987E-006  0.275253E-005  0.275253E-005  0.136669E-004
  0.109003E+001  0.127549E+001  0.273256E-006  0.187628E-005  0.187628E-005  0.124006E-004
  0.109287E+001  0.127960E+001  0.768739E-007  0.100381E-005  0.100381E-005  0.110821E-004
  0.109572E+001  0.128372E+001  0.179383E-007  0.125158E-006  0.125158E-006  0.967881E-005
  0.109857E+001  0.128782E+001  0.417830E-007  0.764378E-006  0.764378E-006  0.821053E-005
  0.110142E+001  0.129193E+001  0.365987E-006  0.163854E-005  0.163854E-005  0.646780E-005
  0.110427E+001  0.129604E+001  0.121060E-005  0.243230E-005  0.243230E-005  0.451746E-005
  0.110712E+001  0.130015E+001  0.327479E-005  0.288840E-005  0.288840E-005  0.233540E-005
  0.110995E+001  0.130427E+001  0.854070E-005  0.183499E-005  0.183499E-005  0.255138E-006
  0.111274E+001  0.130842E+001  0.234884E-004  0.528406E-005  0.528406E-005  0.109550E-005
  0.111542E+001  0.131264E+001  0.598881E-004  0.299567E-004  0.299567E-004  0.149321E-004
  0.111795E+001  0.131695E+001  0.995396E-004  0.637897E-004  0.637897E-004  0.408554E-004
  0.112038E+001  0.132132E+001  0.120812E-003  0.857227E-004  0.857227E-004  0.608133E-004
  0.112275E+001  0.132572E+001  0.126931E-003  0.952361E-004  0.952361E-004  0.714488E-004
  0.112511E+001  0.133013E+001  0.130029E-003  0.101425E-003  0.101425E-003  0.791090E-004
  0.112745E+001  0.133455E+001  0.130153E-003  0.104695E-003  0.104695E-003  0.842129E-004
  0.112979E+001  0.133897E+001  0.131539E-003  0.108664E-003  0.108664E-003  0.897651E-004
  0.113211E+001  0.134340E+001  0.129288E-003  0.109394E-003  0.109394E-003  0.925593E-004
  0.113443E+001  0.134783E+001  0.128879E-003  0.111517E-003  0.111517E-003  0.964920E-004
  0.113675E+001  0.135226E+001  0.126017E-003  0.111391E-003  0.111391E-003  0.984609E-004
  0.113906E+001  0.135669E+001  0.124358E-003  0.112200E-003  0.112200E-003  0.101228E-003
  0.114137E+001  0.136113E+001  0.122808E-003  0.113031E-003  0.113031E-003  0.104031E-003
  0.114367E+001  0.136557E+001  0.120829E-003  0.113391E-003  0.113391E-003  0.106410E-003
  0.114597E+001  0.137001E+001  0.119502E-003  0.114309E-003  0.114309E-003  0.109341E-003
  0.114826E+001  0.137445E+001  0.117449E-003  0.114476E-003  0.114476E-003  0.111576E-003
  0.115055E+001  0.137890E+001  0.115542E-003  0.114729E-003  0.114729E-003  0.113920E-003
  0.115283E+001  0.138335E+001  0.113242E-003  0.114527E-003  0.114527E-003  0.115825E-003
  0.115511E+001  0.138780E+001  0.111236E-003  0.114567E-003  0.114567E-003  0.117995E-003
  0.115738E+001  0.139225E+001  0.109368E-003  0.114693E-003  0.114693E-003  0.120276E-003
  0.115965E+001  0.139670E+001  0.107339E-003  0.114606E-003  0.114606E-003  0.122363E-003
  0.116192E+001  0.140116E+001  0.106620E-003  0.115895E-003  0.115895E-003  0.125974E-003
  0.116418E+001  0.140562E+001  0.104654E-003  0.115798E-003  0.115798E-003  0.128127E-003
  0.116643E+001  0.141009E+001  0.101552E-003  0.114368E-003  0.114368E-003  0.128800E-003
  0.116868E+001  0.141455E+001  0.992093E-004  0.113719E-003  0.113719E-003  0.130349E-003
  0.117093E+001  0.141902E+001  0.973525E-004  0.113576E-003  0.113576E-003  0.132501E-003
  0.117317E+001  0.142349E+001  0.952281E-004  0.113065E-003  0.113065E-003  0.134241E-003
  0.117540E+001  0.142796E+001  0.935434E-004  0.113023E-003  0.113023E-003  0.136558E-003
  0.117763E+001  0.143243E+001  0.912659E-004  0.112217E-003  0.112217E-003  0.137977E-003
  0.117986E+001  0.143691E+001  0.891902E-004  0.111603E-003  0.111603E-003  0.139645E-003
  0.118208E+001  0.144139E+001  0.871796E-004  0.111008E-003  0.111008E-003  0.141348E-003
  0.118430E+001  0.144587E+001  0.861299E-004  0.111607E-003  0.111607E-003  0.144619E-003
  0.118651E+001  0.145036E+001  0.833534E-004  0.109911E-003  0.109911E-003  0.144928E-003
  0.118871E+001  0.145485E+001  0.822785E-004  0.110400E-003  0.110400E-003  0.148131E-003
  0.119091E+001  0.145933E+001  0.794257E-004  0.108450E-003  0.108450E-003  0.148078E-003
  0.119311E+001  0.146383E+001  0.774752E-004  0.107656E-003  0.107656E-003  0.149593E-003
  0.119530E+001  0.146832E+001  0.757172E-004  0.107071E-003  0.107071E-003  0.151406E-003
  0.119748E+001  0.147282E+001  0.742383E-004  0.106831E-003  0.106831E-003  0.153732E-003
  0.119966E+001  0.147732E+001  0.722823E-004  0.105859E-003  0.105859E-003  0.155029E-003
  0.120184E+001  0.148182E+001  0.703206E-004  0.104817E-003  0.104817E-003  0.156234E-003
  0.120401E+001  0.148633E+001  0.682991E-004  0.103614E-003  0.103614E-003  0.157187E-003
  0.120617E+001  0.149083E+001  0.665148E-004  0.102701E-003  0.102701E-003  0.158572E-003
  0.120833E+001  0.149534E+001  0.650526E-004  0.102238E-003  0.102238E-003  0.160678E-003
  0.121048E+001  0.149986E+001  0.630451E-004  0.100855E-003  0.100855E-003  0.161338E-003
  0.121263E+001  0.150437E+001  0.613817E-004  0.999591E-004  0.999591E-004  0.162780E-003
  0.121477E+001  0.150889E+001  0.594616E-004  0.985748E-004  0.985748E-004  0.163414E-003
  0.121691E+001  0.151341E+001  0.581841E-004  0.982031E-004  0.982031E-004  0.165745E-003
  0.121904E+001  0.151793E+001  0.566625E-004  0.973686E-004  0.973686E-004  0.167315E-003
  0.122116E+001  0.152246E+001  0.547016E-004  0.957058E-004  0.957058E-004  0.167444E-003
  0.122328E+001  0.152699E+001  0.531765E-004  0.947380E-004  0.947380E-004  0.168781E-003
  0.122540E+001  0.153152E+001  0.515423E-004  0.935166E-004  0.935166E-004  0.169671E-003
  0.122751E+001  0.153605E+001  0.506364E-004  0.935678E-004  0.935678E-004  0.172895E-003
  0.122961E+001  0.154059E+001  0.483042E-004  0.909090E-004  0.909090E-004  0.171089E-003
  0.123171E+001  0.154513E+001  0.470167E-004  0.901346E-004  0.901346E-004  0.172792E-003
  0.123380E+001  0.154967E+001  0.454160E-004  0.886932E-004  0.886932E-004  0.173207E-003
  0.123588E+001  0.155421E+001  0.439657E-004  0.874707E-004  0.874707E-004  0.174022E-003
  0.123796E+001  0.155876E+001  0.428026E-004  0.867665E-004  0.867665E-004  0.175884E-003
  0.124004E+001  0.156331E+001  0.410959E-004  0.848949E-004  0.848949E-004  0.175371E-003
  0.124211E+001  0.156786E+001  0.398556E-004  0.839083E-004  0.839083E-004  0.176650E-003
  0.124417E+001  0.157242E+001  0.386131E-004  0.828546E-004  0.828546E-004  0.177783E-003
  0.124623E+001  0.157697E+001  0.371846E-004  0.813368E-004  0.813368E-004  0.177911E-003
  0.124828E+001  0.158153E+001  0.358318E-004  0.799046E-004  0.799046E-004  0.178183E-003
  0.125033E+001  0.158609E+001  0.349625E-004  0.794996E-004  0.794996E-004  0.180767E-003
  0.125237E+001  0.159066E+001  0.334213E-004  0.774974E-004  0.774974E-004  0.179698E-003
  0.125440E+001  0.159523E+001  0.324882E-004  0.768307E-004  0.768307E-004  0.181692E-003
  0.125643E+001  0.159980E+001  0.312141E-004  0.752998E-004  0.752998E-004  0.181647E-003
  0.125846E+001  0.160437E+001  0.301634E-004  0.742418E-004  0.742418E-004  0.182729E-003
  0.126047E+001  0.160894E+001  0.288078E-004  0.723456E-004  0.723456E-004  0.181679E-003
  0.126248E+001  0.161352E+001  0.279729E-004  0.716918E-004  0.716918E-004  0.183735E-003
  0.126449E+001  0.161810E+001  0.266553E-004  0.697342E-004  0.697342E-004  0.182431E-003
  0.126649E+001  0.162268E+001  0.256265E-004  0.684450E-004  0.684450E-004  0.182803E-003
  0.126849E+001  0.162727E+001  0.247582E-004  0.675257E-004  0.675257E-004  0.184166E-003
  0.127047E+001  0.163186E+001  0.242769E-004  0.676174E-004  0.676174E-004  0.188328E-003
  0.127246E+001  0.163645E+001  0.227048E-004  0.646041E-004  0.646041E-004  0.183820E-003
  0.127444E+001  0.164104E+001  0.218980E-004  0.636644E-004  0.636644E-004  0.185087E-003
  0.127641E+001  0.164563E+001  0.210094E-004  0.624207E-004  0.624207E-004  0.185452E-003
  0.127837E+001  0.165023E+001  0.202015E-004  0.613478E-004  0.613478E-004  0.186295E-003
  0.128033E+001  0.165483E+001  0.194142E-004  0.602786E-004  0.602786E-004  0.187153E-003
  0.128229E+001  0.165943E+001  0.183576E-004  0.582942E-004  0.582942E-004  0.185107E-003
  0.128424E+001  0.166404E+001  0.175448E-004  0.569918E-004  0.569918E-004  0.185125E-003
  0.128618E+001  0.166864E+001  0.167804E-004  0.557720E-004  0.557720E-004  0.185360E-003
  0.128812E+001  0.167325E+001  0.160198E-004  0.544965E-004  0.544965E-004  0.185381E-003
  0.129005E+001  0.167786E+001  0.152990E-004  0.532810E-004  0.532810E-004  0.185552E-003
  0.129198E+001  0.168248E+001  0.145821E-004  0.520102E-004  0.520102E-004  0.185499E-003
  0.129390E+001  0.168709E+001  0.139036E-004  0.508004E-004  0.508004E-004  0.185606E-003
  0.129582E+001  0.169171E+001  0.134021E-004  0.501831E-004  0.501831E-004  0.187900E-003
  0.129773E+001  0.169633E+001  0.127687E-004  0.490119E-004  0.490119E-004  0.188121E-003
  0.129963E+001  0.170096E+001  0.120219E-004  0.473177E-004  0.473177E-004  0.186233E-003
  0.130153E+001  0.170558E+001  0.113755E-004  0.459316E-004  0.459316E-004  0.185452E-003
  0.130342E+001  0.171021E+001  0.109124E-004  0.452158E-004  0.452158E-004  0.187345E-003
  0.130531E+001  0.171484E+001  0.102767E-004  0.437182E-004  0.437182E-004  0.185974E-003
  0.130719E+001  0.171947E+001  0.982075E-005  0.429092E-004  0.429092E-004  0.187472E-003
  0.130907E+001  0.172410E+001  0.917898E-005  0.412120E-004  0.412120E-004  0.185025E-003
  0.131094E+001  0.172874E+001  0.875544E-005  0.404113E-004  0.404113E-004  0.186511E-003
  0.131281E+001  0.173338E+001  0.820130E-005  0.389360E-004  0.389360E-004  0.184840E-003
  0.131467E+001  0.173802E+001  0.775625E-005  0.378927E-004  0.378927E-004  0.185112E-003
  0.131653E+001  0.174266E+001  0.731605E-005  0.368033E-004  0.368033E-004  0.185127E-003
  0.131838E+001  0.174731E+001  0.685488E-005  0.355247E-004  0.355247E-004  0.184091E-003
  0.132022E+001  0.175195E+001  0.648699E-005  0.346512E-004  0.346512E-004  0.185082E-003
  0.132207E+001  0.175660E+001  0.618018E-005  0.340570E-004  0.340570E-004  0.187664E-003
  0.132390E+001  0.176125E+001  0.567021E-005  0.322488E-004  0.322488E-004  0.183399E-003
  0.132573E+001  0.176591E+001  0.531996E-005  0.312519E-004  0.312519E-004  0.183573E-003
  0.132756E+001  0.177056E+001  0.502588E-005  0.305208E-004  0.305208E-004  0.185329E-003
  0.132938E+001  0.177522E+001  0.465629E-005  0.292513E-004  0.292513E-004  0.183743E-003
  0.133119E+001  0.177988E+001  0.431894E-005  0.280883E-004  0.280883E-004  0.182655E-003
  0.133300E+001  0.178454E+001  0.401230E-005  0.270403E-004  0.270403E-004  0.182215E-003
  0.133481E+001  0.178920E+001  0.374799E-005  0.262024E-004  0.262024E-004  0.183163E-003
  0.133661E+001  0.179387E+001  0.344016E-005  0.249714E-004  0.249714E-004  0.181241E-003
  0.133840E+001  0.179853E+001  0.317850E-005  0.239788E-004  0.239788E-004  0.180876E-003
  0.134019E+001  0.180320E+001  0.293983E-005  0.230790E-004  0.230790E-004  0.181157E-003
  0.134198E+001  0.180787E+001  0.269058E-005  0.220100E-004  0.220100E-004  0.180025E-003
  0.134376E+001  0.181254E+001  0.246450E-005  0.210334E-004  0.210334E-004  0.179483E-003
  0.134554E+001  0.181722E+001  0.225759E-005  0.201333E-004  0.201333E-004  0.179519E-003
  0.134731E+001  0.182189E+001  0.205860E-005  0.192110E-004  0.192110E-004  0.179245E-003
  0.134908E+001  0.182657E+001  0.188431E-005  0.184344E-004  0.184344E-004  0.180311E-003
  0.135084E+001  0.183125E+001  0.168429E-005  0.173036E-004  0.173036E-004  0.177731E-003
  0.135260E+001  0.183593E+001  0.152752E-005  0.165152E-004  0.165152E-004  0.178516E-003
  0.135435E+001  0.184061E+001  0.135891E-005  0.154939E-004  0.154939E-004  0.176610E-003
  0.135610E+001  0.184530E+001  0.121239E-005  0.146153E-004  0.146153E-004  0.176134E-003
  0.135784E+001  0.184998E+001  0.108520E-005  0.138666E-004  0.138666E-004  0.177129E-003
  0.135958E+001  0.185467E+001  0.966116E-006  0.131269E-004  0.131269E-004  0.178293E-003
  0.136132E+001  0.185936E+001  0.831938E-006  0.120627E-004  0.120627E-004  0.174832E-003
  0.136305E+001  0.186405E+001  0.727977E-006  0.113049E-004  0.113049E-004  0.175472E-003
  0.136478E+001  0.186874E+001  0.621601E-006  0.103855E-004  0.103855E-004  0.173422E-003
  0.136650E+001  0.187343E+001  0.533264E-006  0.963136E-005  0.963136E-005  0.173843E-003
  0.136822E+001  0.187813E+001  0.452616E-006  0.889015E-005  0.889015E-005  0.174489E-003
  0.136994E+001  0.188282E+001  0.373537E-006  0.803554E-005  0.803554E-005  0.172707E-003
  0.137165E+001  0.188752E+001  0.303894E-006  0.721597E-005  0.721597E-005  0.171158E-003
  0.137336E+001  0.189222E+001  0.245162E-006  0.649064E-005  0.649064E-005  0.171611E-003
  0.137506E+001  0.189692E+001  0.190834E-006  0.569965E-005  0.569965E-005  0.169944E-003
  0.137676E+001  0.190163E+001  0.145836E-006  0.499105E-005  0.499105E-005  0.170438E-003
  0.137846E+001  0.190633E+001  0.106111E-006  0.424734E-005  0.424734E-005  0.169503E-003
  0.138015E+001  0.191103E+001  0.732532E-007  0.352255E-005  0.352255E-005  0.168666E-003
  0.138184E+001  0.191574E+001  0.468153E-007  0.281525E-005  0.281525E-005  0.168177E-003
  0.138352E+001  0.192045E+001  0.266070E-007  0.212821E-005  0.212821E-005  0.168276E-003
  0.138520E+001  0.192516E+001  0.121661E-007  0.145332E-005  0.145332E-005  0.169347E-003
  0.138688E+001  0.192987E+001  0.313058E-008  0.755734E-006  0.755734E-006  0.166315E-003
  0.138856E+001  0.193458E+001  0.253308E-009  0.890762E-007  0.890762E-007  0.167058E-003
  0.139023E+001  0.193929E+001  0.166016E-008  0.571469E-006  0.571469E-006  0.166761E-003
  0.139189E+001  0.194400E+001  0.852742E-008  0.120256E-005  0.120256E-005  0.163907E-003
  0.139356E+001  0.194872E+001  0.204462E-007  0.184447E-005  0.184447E-005  0.164041E-003
  0.139522E+001  0.195344E+001  0.367487E-007  0.245267E-005  0.245267E-005  0.162411E-003
  0.139687E+001  0.195815E+001  0.581435E-007  0.308993E-005  0.308993E-005  0.163400E-003
  0.139853E+001  0.196287E+001  0.829624E-007  0.366468E-005  0.366468E-005  0.161324E-003
  0.140018E+001  0.196759E+001  0.112075E-006  0.424412E-005  0.424412E-005  0.160313E-003
  0.140183E+001  0.197231E+001  0.146495E-006  0.485913E-005  0.485913E-005  0.160865E-003
  0.140347E+001  0.197703E+001  0.182363E-006  0.538909E-005  0.538909E-005  0.159013E-003
  0.140511E+001  0.198176E+001  0.227928E-006  0.607718E-005  0.607718E-005  0.161838E-003
  0.140675E+001  0.198648E+001  0.268452E-006  0.652464E-005  0.652464E-005  0.158418E-003
  0.140839E+001  0.199121E+001  0.314415E-006  0.702472E-005  0.702472E-005  0.156812E-003
  0.141002E+001  0.199593E+001  0.365301E-006  0.755909E-005  0.755909E-005  0.156304E-003
  0.141165E+001  0.200066E+001  0.420580E-006  0.810848E-005  0.810848E-005  0.156227E-003
  0.141328E+001  0.200539E+001  0.475030E-006  0.857644E-005  0.857644E-005  0.154757E-003
  0.141490E+001  0.201011E+001  0.536371E-006  0.911247E-005  0.911247E-005  0.154737E-003
  0.141653E+001  0.201484E+001  0.611299E-006  0.980706E-005  0.980706E-005  0.157267E-003
  0.141815E+001  0.201957E+001  0.682539E-006  0.103795E-004  0.103795E-004  0.157782E-003
  0.141976E+001  0.202431E+001  0.734195E-006  0.106190E-004  0.106190E-004  0.153534E-003
  0.142138E+001  0.202904E+001  0.800809E-006  0.110428E-004  0.110428E-004  0.152226E-003
  0.142299E+001  0.203377E+001  0.869025E-006  0.114565E-004  0.114565E-004  0.150989E-003
  0.142460E+001  0.203850E+001  0.951608E-006  0.120202E-004  0.120202E-004  0.151793E-003
  0.142620E+001  0.204324E+001  0.103399E-005  0.125428E-004  0.125428E-004  0.152113E-003
  0.142781E+001  0.204798E+001  0.109046E-005  0.127234E-004  0.127234E-004  0.148423E-003
  0.142941E+001  0.205271E+001  0.116916E-005  0.131469E-004  0.131469E-004  0.147804E-003
  0.143101E+001  0.205745E+001  0.125411E-005  0.136119E-004  0.136119E-004  0.147713E-003
  0.143261E+001  0.206219E+001  0.132976E-005  0.139513E-004  0.139513E-004  0.146345E-003
  0.143421E+001  0.206692E+001  0.145003E-005  0.147250E-004  0.147250E-004  0.149507E-003
  0.143580E+001  0.207166E+001  0.149630E-005  0.147285E-004  0.147285E-004  0.144954E-003
  0.143739E+001  0.207640E+001  0.157765E-005  0.150699E-004  0.150699E-004  0.143929E-003
  0.143898E+001  0.208114E+001  0.166327E-005  0.154344E-004  0.154344E-004  0.143204E-003
  0.144057E+001  0.208589E+001  0.175019E-005  0.157934E-004  0.157934E-004  0.142498E-003
  0.144215E+001  0.209063E+001  0.189195E-005  0.166205E-004  0.166205E-004  0.145990E-003
  0.144374E+001  0.209537E+001  0.192777E-005  0.164986E-004  0.164986E-004  0.141184E-003
  0.144532E+001  0.210011E+001  0.201428E-005  0.168113E-004  0.168113E-004  0.140292E-003
  0.144690E+001  0.210486E+001  0.211531E-005  0.172300E-004  0.172300E-004  0.140329E-003
  0.144848E+001  0.210960E+001  0.219423E-005  0.174559E-004  0.174559E-004  0.138854E-003
  0.145006E+001  0.211435E+001  0.229059E-005  0.178100E-004  0.178100E-004  0.138464E-003
  0.145163E+001  0.211909E+001  0.238278E-005  0.181220E-004  0.181220E-004  0.137812E-003
  0.145321E+001  0.212384E+001  0.248956E-005  0.185294E-004  0.185294E-004  0.137900E-003
  0.145478E+001  0.212858E+001  0.258230E-005  0.188228E-004  0.188228E-004  0.137191E-003
  0.145635E+001  0.213333E+001  0.265660E-005  0.189752E-004  0.189752E-004  0.135523E-003
  0.145792E+001  0.213808E+001  0.274937E-005  0.192536E-004  0.192536E-004  0.134821E-003
  0.145949E+001  0.214283E+001  0.286326E-005  0.196690E-004  0.196690E-004  0.135105E-003
  0.146105E+001  0.214757E+001  0.292713E-005  0.197367E-004  0.197367E-004  0.133068E-003
  0.146262E+001  0.215232E+001  0.307720E-005  0.203727E-004  0.203727E-004  0.134868E-003
  0.146418E+001  0.215707E+001  0.311296E-005  0.202475E-004  0.202475E-004  0.131687E-003
  0.146574E+001  0.216182E+001  0.321189E-005  0.205330E-004  0.205330E-004  0.131256E-003
  0.146730E+001  0.216657E+001  0.331749E-005  0.208533E-004  0.208533E-004  0.131073E-003
  0.146886E+001  0.217132E+001  0.340454E-005  0.210507E-004  0.210507E-004  0.130151E-003
  0.147042E+001  0.217607E+001  0.348043E-005  0.211762E-004  0.211762E-004  0.128837E-003
  0.147198E+001  0.218082E+001  0.358593E-005  0.214776E-004  0.214776E-004  0.128631E-003
  0.147354E+001  0.218558E+001  0.369218E-005  0.217764E-004  0.217764E-004  0.128430E-003
  0.147509E+001  0.219033E+001  0.376224E-005  0.218604E-004  0.218604E-004  0.127013E-003
  0.147665E+001  0.219508E+001  0.392168E-005  0.224539E-004  0.224539E-004  0.128555E-003
  0.147820E+001  0.219983E+001  0.394866E-005  0.222872E-004  0.222872E-004  0.125788E-003
  0.147975E+001  0.220459E+001  0.404631E-005  0.225206E-004  0.225206E-004  0.125337E-003
  0.148130E+001  0.220934E+001  0.414566E-005  0.227592E-004  0.227592E-004  0.124939E-003
  0.148285E+001  0.221409E+001  0.422322E-005  0.228754E-004  0.228754E-004  0.123901E-003
  0.148440E+001  0.221885E+001  0.436292E-005  0.233229E-004  0.233229E-004  0.124673E-003
  0.148595E+001  0.222360E+001  0.438926E-005  0.231630E-004  0.231630E-004  0.122230E-003
  0.148750E+001  0.222835E+001  0.446561E-005  0.232696E-004  0.232696E-004  0.121249E-003
  0.148905E+001  0.223311E+001  0.456232E-005  0.234804E-004  0.234804E-004  0.120839E-003
  0.149059E+001  0.223786E+001  0.467625E-005  0.237776E-004  0.237776E-004  0.120898E-003
  0.149214E+001  0.224262E+001  0.471898E-005  0.237101E-004  0.237101E-004  0.119125E-003
  0.149369E+001  0.224737E+001  0.493303E-005  0.244970E-004  0.244970E-004  0.121645E-003
  0.149523E+001  0.225213E+001  0.488649E-005  0.239903E-004  0.239903E-004  0.117776E-003
  0.149677E+001  0.225688E+001  0.501857E-005  0.243640E-004  0.243640E-004  0.118277E-003
  0.149832E+001  0.226164E+001  0.505839E-005  0.242867E-004  0.242867E-004  0.116603E-003
  0.149986E+001  0.226640E+001  0.516848E-005  0.245484E-004  0.245484E-004  0.116592E-003
  0.150140E+001  0.227115E+001  0.527179E-005  0.247745E-004  0.247745E-004  0.116423E-003
  0.150295E+001  0.227591E+001  0.533197E-005  0.247956E-004  0.247956E-004  0.115304E-003
  0.150449E+001  0.228066E+001  0.542055E-005  0.249503E-004  0.249503E-004  0.114841E-003
  0.150603E+001  0.228542E+001  0.544584E-005  0.248154E-004  0.248154E-004  0.113075E-003
  0.150757E+001  0.229018E+001  0.552875E-005  0.249449E-004  0.249449E-004  0.112544E-003
  0.150911E+001  0.229493E+001  0.559564E-005  0.250020E-004  0.250020E-004  0.111709E-003
  0.151065E+001  0.229969E+001  0.567774E-005  0.251271E-004  0.251271E-004  0.111197E-003
  0.151219E+001  0.230445E+001  0.577133E-005  0.253018E-004  0.253018E-004  0.110921E-003
  0.151373E+001  0.230921E+001  0.586680E-005  0.254832E-004  0.254832E-004  0.110686E-003
  0.151527E+001  0.231396E+001  0.589064E-005  0.253546E-004  0.253546E-004  0.109129E-003
  0.151681E+001  0.231872E+001  0.596319E-005  0.254377E-004  0.254377E-004  0.108509E-003
  0.151835E+001  0.232348E+001  0.603418E-005  0.255144E-004  0.255144E-004  0.107880E-003
  0.151989E+001  0.232823E+001  0.614904E-005  0.257752E-004  0.257752E-004  0.108040E-003
  0.152143E+001  0.233299E+001  0.622759E-005  0.258823E-004  0.258823E-004  0.107566E-003
  0.152297E+001  0.233775E+001  0.631116E-005  0.260098E-004  0.260098E-004  0.107190E-003
  0.152450E+001  0.234251E+001  0.653588E-005  0.267151E-004  0.267151E-004  0.109194E-003
  0.152604E+001  0.234726E+001  0.640406E-005  0.259635E-004  0.259635E-004  0.105260E-003
  0.152758E+001  0.235202E+001  0.645520E-005  0.259614E-004  0.259614E-004  0.104408E-003
  0.152912E+001  0.235678E+001  0.650905E-005  0.259716E-004  0.259716E-004  0.103626E-003
  0.153066E+001  0.236154E+001  0.656615E-005  0.259959E-004  0.259959E-004  0.102917E-003
  0.153220E+001  0.236629E+001  0.669092E-005  0.262872E-004  0.262872E-004  0.103274E-003
  0.153374E+001  0.237105E+001  0.677354E-005  0.264111E-004  0.264111E-004  0.102979E-003
  0.153528E+001  0.237581E+001  0.685377E-005  0.265253E-004  0.265253E-004  0.102656E-003
  0.153681E+001  0.238057E+001  0.702664E-005  0.269965E-004  0.269965E-004  0.103719E-003
  0.153835E+001  0.238532E+001  0.690218E-005  0.263269E-004  0.263269E-004  0.100416E-003
  0.153989E+001  0.239008E+001  0.696112E-005  0.263628E-004  0.263628E-004  0.998377E-004
  0.154143E+001  0.239484E+001  0.702538E-005  0.264195E-004  0.264195E-004  0.993505E-004
  0.154297E+001  0.239959E+001  0.703551E-005  0.262746E-004  0.262746E-004  0.981222E-004
  0.154451E+001  0.240435E+001  0.709133E-005  0.263024E-004  0.263024E-004  0.975561E-004
  0.154605E+001  0.240911E+001  0.715626E-005  0.263647E-004  0.263647E-004  0.971295E-004
  0.154759E+001  0.241386E+001  0.719990E-005  0.263495E-004  0.263495E-004  0.964295E-004
  0.154913E+001  0.241862E+001  0.725241E-005  0.263680E-004  0.263680E-004  0.958659E-004
  0.155067E+001  0.242338E+001  0.734482E-005  0.265316E-004  0.265316E-004  0.958381E-004
  0.155221E+001  0.242813E+001  0.736366E-005  0.264303E-004  0.264303E-004  0.948641E-004
  0.155375E+001  0.243289E+001  0.750749E-005  0.267772E-004  0.267772E-004  0.955055E-004
  0.155530E+001  0.243765E+001  0.752200E-005  0.266616E-004  0.266616E-004  0.945000E-004
  0.155684E+001  0.244240E+001  0.756938E-005  0.266654E-004  0.266654E-004  0.939354E-004
  0.155838E+001  0.244716E+001  0.754169E-005  0.264075E-004  0.264075E-004  0.924654E-004
  0.155992E+001  0.245192E+001  0.773640E-005  0.269279E-004  0.269279E-004  0.937258E-004
  0.156147E+001  0.245667E+001  0.775846E-005  0.268449E-004  0.268449E-004  0.928838E-004
  0.156301E+001  0.246143E+001  0.767949E-005  0.264174E-004  0.264174E-004  0.908743E-004
  0.156455E+001  0.246618E+001  0.778883E-005  0.266400E-004  0.266400E-004  0.911150E-004
  0.156610E+001  0.247094E+001  0.776434E-005  0.264051E-004  0.264051E-004  0.897973E-004
  0.156764E+001  0.247569E+001  0.784404E-005  0.265272E-004  0.265272E-004  0.897086E-004
  0.156919E+001  0.248045E+001  0.784181E-005  0.263724E-004  0.263724E-004  0.886903E-004
  0.157074E+001  0.248520E+001  0.816451E-005  0.273072E-004  0.273072E-004  0.913307E-004
  0.157228E+001  0.248996E+001  0.795263E-005  0.264555E-004  0.264555E-004  0.880065E-004
  0.157383E+001  0.249471E+001  0.799500E-005  0.264543E-004  0.264543E-004  0.875321E-004
  0.157538E+001  0.249947E+001  0.805445E-005  0.265103E-004  0.265103E-004  0.872545E-004
  0.157692E+001  0.250422E+001  0.814733E-005  0.266771E-004  0.266771E-004  0.873487E-004
  0.157847E+001  0.250898E+001  0.822971E-005  0.268081E-004  0.268081E-004  0.873253E-004
  0.158002E+001  0.251373E+001  0.815458E-005  0.264282E-004  0.264282E-004  0.856499E-004
  0.158157E+001  0.251848E+001  0.814799E-005  0.262741E-004  0.262741E-004  0.847225E-004
  0.158312E+001  0.252324E+001  0.830091E-005  0.266343E-004  0.266343E-004  0.854575E-004
  0.158467E+001  0.252799E+001  0.834308E-005  0.266383E-004  0.266383E-004  0.850508E-004
  0.158623E+001  0.253274E+001  0.840841E-005  0.267158E-004  0.267158E-004  0.848824E-004
  0.158778E+001  0.253750E+001  0.825701E-005  0.261092E-004  0.261092E-004  0.825574E-004
  0.158933E+001  0.254225E+001  0.833075E-005  0.262176E-004  0.262176E-004  0.825079E-004
  0.159089E+001  0.254700E+001  0.847795E-005  0.265552E-004  0.265552E-004  0.831769E-004
  0.159244E+001  0.255175E+001  0.834670E-005  0.260232E-004  0.260232E-004  0.811336E-004
  0.159400E+001  0.255651E+001  0.843069E-005  0.261642E-004  0.261642E-004  0.811978E-004
  0.159555E+001  0.256126E+001  0.845260E-005  0.261137E-004  0.261137E-004  0.806750E-004
  0.159711E+001  0.256601E+001  0.843197E-005  0.259328E-004  0.259328E-004  0.797564E-004
  0.159867E+001  0.257076E+001  0.857776E-005  0.262640E-004  0.262640E-004  0.804161E-004
  0.160022E+001  0.257551E+001  0.858984E-005  0.261862E-004  0.261862E-004  0.798280E-004
