  0.150921E+001  0.286049E+000  0.624547E-002  0.225228E-002  0.225228E-002  0.812229E-003
  0.150921E+001  0.286049E+000  0.624547E-002  0.225228E-002  0.225228E-002  0.812229E-003
  0.150905E+001  0.291046E+000  0.963865E-002  0.364609E-002  0.364609E-002  0.137924E-002
  0.150890E+001  0.296044E+000  0.105411E-001  0.417146E-002  0.417146E-002  0.165078E-002
  0.150874E+001  0.301041E+000  0.368887E-002  0.153222E-002  0.153222E-002  0.636422E-003
  0.150858E+001  0.306039E+000  0.861072E-002  0.375481E-002  0.375481E-002  0.163732E-002
  0.150841E+001  0.311036E+000  0.103863E-001  0.476941E-002  0.476941E-002  0.219012E-002
  0.150824E+001  0.316033E+000  0.426368E-001  0.206127E-001  0.206127E-001  0.996517E-002
  0.150807E+001  0.321030E+000  0.802894E-002  0.408359E-002  0.408359E-002  0.207695E-002
  0.150788E+001  0.326027E+000  0.284508E-001  0.152901E-001  0.152901E-001  0.821726E-002
  0.150769E+001  0.331023E+000  0.383867E-001  0.217382E-001  0.217382E-001  0.123102E-001
  0.150747E+001  0.336018E+000  0.758199E-002  0.453851E-002  0.453851E-002  0.271671E-002
  0.150722E+001  0.341012E+000  0.860026E-002  0.543506E-002  0.543506E-002  0.343476E-002
  0.150691E+001  0.346003E+000  0.148763E-001  0.990988E-002  0.990988E-002  0.660147E-002
  0.150652E+001  0.350987E+000  0.105179E-001  0.733443E-002  0.733443E-002  0.511453E-002
  0.150599E+001  0.355959E+000  0.115520E-001  0.836262E-002  0.836262E-002  0.605382E-002
  0.150532E+001  0.360914E+000  0.121742E-001  0.904387E-002  0.904387E-002  0.671843E-002
  0.150454E+001  0.365853E+000  0.116959E-001  0.883120E-002  0.883120E-002  0.666818E-002
  0.150369E+001  0.370780E+000  0.117201E-001  0.893847E-002  0.893847E-002  0.681702E-002
  0.150281E+001  0.375701E+000  0.116667E-001  0.895249E-002  0.895249E-002  0.686972E-002
  0.150190E+001  0.380618E+000  0.112651E-001  0.867785E-002  0.867785E-002  0.668479E-002
  0.150098E+001  0.385533E+000  0.118975E-001  0.918685E-002  0.918685E-002  0.709377E-002
  0.150007E+001  0.390448E+000  0.121073E-001  0.936179E-002  0.936179E-002  0.723887E-002
  0.149915E+001  0.395363E+000  0.116815E-001  0.903906E-002  0.903906E-002  0.699437E-002
  0.149823E+001  0.400279E+000  0.120089E-001  0.929451E-002  0.929451E-002  0.719369E-002
  0.149732E+001  0.405195E+000  0.121319E-001  0.938843E-002  0.938843E-002  0.726538E-002
  0.149642E+001  0.410113E+000  0.119720E-001  0.926084E-002  0.926084E-002  0.716366E-002
  0.149552E+001  0.415032E+000  0.120328E-001  0.930187E-002  0.930187E-002  0.719078E-002
  0.149463E+001  0.419951E+000  0.122094E-001  0.943068E-002  0.943068E-002  0.728438E-002
  0.149374E+001  0.424873E+000  0.132187E-001  0.102003E-001  0.102003E-001  0.787117E-002
  0.149287E+001  0.429795E+000  0.126004E-001  0.971261E-002  0.971261E-002  0.748665E-002
  0.149200E+001  0.434719E+000  0.126388E-001  0.973048E-002  0.973048E-002  0.749138E-002
  0.149114E+001  0.439644E+000  0.128534E-001  0.988282E-002  0.988282E-002  0.759879E-002
  0.149029E+001  0.444571E+000  0.136129E-001  0.104524E-001  0.104524E-001  0.802564E-002
  0.148944E+001  0.449500E+000  0.133054E-001  0.102013E-001  0.102013E-001  0.782140E-002
  0.148861E+001  0.454429E+000  0.139135E-001  0.106514E-001  0.106514E-001  0.815409E-002
  0.148778E+001  0.459360E+000  0.135028E-001  0.103206E-001  0.103206E-001  0.788830E-002
  0.148696E+001  0.464293E+000  0.137641E-001  0.105029E-001  0.105029E-001  0.801449E-002
  0.148615E+001  0.469227E+000  0.140732E-001  0.107207E-001  0.107207E-001  0.816677E-002
  0.148535E+001  0.474163E+000  0.141934E-001  0.107934E-001  0.107934E-001  0.820782E-002
  0.148456E+001  0.479099E+000  0.142967E-001  0.108525E-001  0.108525E-001  0.823807E-002
  0.148378E+001  0.484038E+000  0.147912E-001  0.112074E-001  0.112074E-001  0.849194E-002
  0.148300E+001  0.488978E+000  0.162587E-001  0.122960E-001  0.122960E-001  0.929919E-002
  0.148224E+001  0.493919E+000  0.150355E-001  0.113494E-001  0.113494E-001  0.856690E-002
  0.148149E+001  0.498862E+000  0.160183E-001  0.120677E-001  0.120677E-001  0.909146E-002
  0.148074E+001  0.503806E+000  0.156398E-001  0.117590E-001  0.117590E-001  0.884114E-002
  0.148001E+001  0.508752E+000  0.168807E-001  0.126665E-001  0.126665E-001  0.950435E-002
  0.147928E+001  0.513699E+000  0.159765E-001  0.119632E-001  0.119632E-001  0.895806E-002
  0.147856E+001  0.518647E+000  0.176484E-001  0.131873E-001  0.131873E-001  0.985387E-002
  0.147786E+001  0.523597E+000  0.170521E-001  0.127149E-001  0.127149E-001  0.948087E-002
  0.147716E+001  0.528548E+000  0.168820E-001  0.125608E-001  0.125608E-001  0.934566E-002
  0.147647E+001  0.533501E+000  0.186445E-001  0.138416E-001  0.138416E-001  0.102760E-001
  0.147580E+001  0.538455E+000  0.183295E-001  0.135779E-001  0.135779E-001  0.100580E-001
  0.147513E+001  0.543410E+000  0.177689E-001  0.131328E-001  0.131328E-001  0.970627E-002
  0.147447E+001  0.548367E+000  0.193043E-001  0.142349E-001  0.142349E-001  0.104967E-001
  0.147383E+001  0.553325E+000  0.198320E-001  0.145905E-001  0.145905E-001  0.107343E-001
  0.147319E+001  0.558284E+000  0.188265E-001  0.138181E-001  0.138181E-001  0.101421E-001
  0.147256E+001  0.563245E+000  0.213189E-001  0.156101E-001  0.156101E-001  0.114300E-001
  0.147195E+001  0.568207E+000  0.200717E-001  0.146619E-001  0.146619E-001  0.107101E-001
  0.147134E+001  0.573170E+000  0.211006E-001  0.153757E-001  0.153757E-001  0.112040E-001
  0.147075E+001  0.578134E+000  0.210949E-001  0.153340E-001  0.153340E-001  0.111464E-001
  0.147016E+001  0.583100E+000  0.230356E-001  0.167026E-001  0.167026E-001  0.121107E-001
  0.146959E+001  0.588067E+000  0.213614E-001  0.154499E-001  0.154499E-001  0.111743E-001
  0.146903E+001  0.593035E+000  0.236057E-001  0.170298E-001  0.170298E-001  0.122858E-001
  0.146847E+001  0.598005E+000  0.273551E-001  0.196831E-001  0.196831E-001  0.141628E-001
  0.146793E+001  0.602975E+000  0.255218E-001  0.183162E-001  0.183162E-001  0.131449E-001
  0.146740E+001  0.607947E+000  0.256111E-001  0.183319E-001  0.183319E-001  0.131215E-001
  0.146688E+001  0.612920E+000  0.275676E-001  0.196796E-001  0.196796E-001  0.140486E-001
  0.146638E+001  0.617894E+000  0.310430E-001  0.221018E-001  0.221018E-001  0.157359E-001
  0.146588E+001  0.622869E+000  0.260726E-001  0.185121E-001  0.185121E-001  0.131440E-001
  0.146539E+001  0.627846E+000  0.276964E-001  0.196104E-001  0.196104E-001  0.138851E-001
  0.146492E+001  0.632823E+000  0.282025E-001  0.199137E-001  0.199137E-001  0.140610E-001
  0.146445E+001  0.637802E+000  0.368647E-001  0.259557E-001  0.259557E-001  0.182749E-001
  0.146400E+001  0.642781E+000  0.318184E-001  0.223393E-001  0.223393E-001  0.156841E-001
  0.146356E+001  0.647762E+000  0.324560E-001  0.227214E-001  0.227214E-001  0.159065E-001
  0.146313E+001  0.652743E+000  0.404021E-001  0.282018E-001  0.282018E-001  0.196856E-001
  0.146272E+001  0.657726E+000  0.344310E-001  0.239644E-001  0.239644E-001  0.166795E-001
  0.146231E+001  0.662710E+000  0.350898E-001  0.243496E-001  0.243496E-001  0.168968E-001
  0.146192E+001  0.667694E+000  0.335609E-001  0.232194E-001  0.232194E-001  0.160646E-001
  0.146154E+001  0.672679E+000  0.370045E-001  0.255247E-001  0.255247E-001  0.176063E-001
  0.146117E+001  0.677666E+000  0.367483E-001  0.252703E-001  0.252703E-001  0.173774E-001
  0.146081E+001  0.682653E+000  0.392455E-001  0.269035E-001  0.269035E-001  0.184428E-001
  0.146047E+001  0.687641E+000  0.496404E-001  0.339246E-001  0.339246E-001  0.231844E-001
  0.146013E+001  0.692630E+000  0.673872E-001  0.459045E-001  0.459045E-001  0.312703E-001
  0.145981E+001  0.697620E+000  0.678468E-001  0.460703E-001  0.460703E-001  0.312833E-001
  0.145951E+001  0.702610E+000  0.741839E-001  0.502154E-001  0.502154E-001  0.339910E-001
  0.145921E+001  0.707602E+000  0.467419E-001  0.315353E-001  0.315353E-001  0.212758E-001
  0.145893E+001  0.712594E+000  0.538607E-001  0.362199E-001  0.362199E-001  0.243569E-001
  0.145866E+001  0.717586E+000  0.564664E-001  0.378462E-001  0.378462E-001  0.253661E-001
  0.145840E+001  0.722580E+000  0.562311E-001  0.375607E-001  0.375607E-001  0.250894E-001
  0.145816E+001  0.727574E+000  0.982214E-001  0.653907E-001  0.653907E-001  0.435337E-001
  0.145793E+001  0.732568E+000  0.847770E+000  0.562483E+000  0.562483E+000  0.373200E+000
  0.145771E+001  0.737564E+000  0.100911E+000  0.667200E-001  0.667200E-001  0.441137E-001
  0.145750E+001  0.742559E+000  0.109324E+000  0.720238E-001  0.720238E-001  0.474502E-001
  0.145731E+001  0.747556E+000  0.756686E-001  0.496772E-001  0.496772E-001  0.326136E-001
  0.145713E+001  0.752553E+000  0.132298E+000  0.865427E-001  0.865427E-001  0.566119E-001
  0.145697E+001  0.757550E+000  0.427965E+000  0.278977E+000  0.278977E+000  0.181856E+000
  0.145682E+001  0.762548E+000  0.778998E-001  0.505979E-001  0.505979E-001  0.328647E-001
  0.145668E+001  0.767546E+000  0.331906E+000  0.214780E+000  0.214780E+000  0.138986E+000
  0.145655E+001  0.772544E+000  0.787217E-001  0.507436E-001  0.507436E-001  0.327090E-001
  0.145644E+001  0.777543E+000  0.803223E-001  0.515809E-001  0.515809E-001  0.331240E-001
  0.145635E+001  0.782542E+000  0.836265E-001  0.535130E-001  0.535130E-001  0.342433E-001
  0.145626E+001  0.787541E+000  0.226981E-001  0.144638E-001  0.144638E-001  0.921674E-002
  0.145620E+001  0.792541E+000  0.275842E-001  0.175177E-001  0.175177E-001  0.111249E-001
  0.145614E+001  0.797541E+000  0.701720E-001  0.443712E-001  0.443712E-001  0.280568E-001
  0.145610E+001  0.802540E+000  0.357443E-001  0.225103E-001  0.225103E-001  0.141761E-001
  0.145608E+001  0.807540E+000  0.113455E-001  0.712332E-002  0.712332E-002  0.447239E-002
  0.145607E+001  0.812540E+000  0.132469E-002  0.831475E-003  0.831475E-003  0.521884E-003
  0.145607E+001  0.817540E+000  0.548325E+001  0.341227E+001  0.341227E+001  0.212348E+001
  0.145609E+001  0.822540E+000  0.468621E-001  0.290368E-001  0.290368E-001  0.179919E-001
  0.145612E+001  0.827540E+000  0.203473E+000  0.125608E+000  0.125608E+000  0.775403E-001
  0.145617E+001  0.832540E+000  0.346201E+000  0.212782E+000  0.212782E+000  0.130780E+000
  0.145623E+001  0.837540E+000  0.907083E-001  0.555257E-001  0.555257E-001  0.339892E-001
  0.145631E+001  0.842539E+000  0.209969E+000  0.127964E+000  0.127964E+000  0.779867E-001
  0.145640E+001  0.847538E+000  0.444618E-001  0.269836E-001  0.269836E-001  0.163761E-001
  0.145651E+001  0.852537E+000  0.230022E+000  0.138979E+000  0.138979E+000  0.839706E-001
  0.145664E+001  0.857535E+000  0.411189E+000  0.247290E+000  0.247290E+000  0.148721E+000
  0.145678E+001  0.862533E+000  0.377171E+000  0.225819E+000  0.225819E+000  0.135202E+000
  0.145693E+001  0.867531E+000  0.142899E+000  0.851837E-001  0.851837E-001  0.507788E-001
  0.145710E+001  0.872528E+000  0.268895E+000  0.159564E+000  0.159564E+000  0.946862E-001
  0.145729E+001  0.877525E+000  0.765183E-001  0.451937E-001  0.451937E-001  0.266925E-001
  0.145749E+001  0.882520E+000  0.112353E+000  0.660538E-001  0.660538E-001  0.388339E-001
  0.145771E+001  0.887516E+000  0.729973E-001  0.427130E-001  0.427130E-001  0.249927E-001
  0.145795E+001  0.892510E+000  0.142754E+000  0.831246E-001  0.831246E-001  0.484027E-001
  0.145820E+001  0.897504E+000  0.747654E-001  0.433272E-001  0.433272E-001  0.251085E-001
  0.145847E+001  0.902497E+000  0.256490E+000  0.147911E+000  0.147911E+000  0.852960E-001
  0.145875E+001  0.907489E+000  0.530825E-001  0.304632E-001  0.304632E-001  0.174823E-001
  0.145905E+001  0.912480E+000  0.493462E-001  0.281789E-001  0.281789E-001  0.160914E-001
  0.145937E+001  0.917469E+000  0.612762E-001  0.348145E-001  0.348145E-001  0.197801E-001
  0.145970E+001  0.922458E+000  0.452984E-001  0.256078E-001  0.256078E-001  0.144765E-001
  0.146005E+001  0.927446E+000  0.451721E-001  0.254060E-001  0.254060E-001  0.142890E-001
  0.146042E+001  0.932432E+000  0.410414E-001  0.229626E-001  0.229626E-001  0.128475E-001
  0.146080E+001  0.937418E+000  0.573141E-001  0.319015E-001  0.319015E-001  0.177566E-001
  0.146121E+001  0.942401E+000  0.462818E-001  0.256220E-001  0.256220E-001  0.141845E-001
  0.146163E+001  0.947384E+000  0.473989E-001  0.260999E-001  0.260999E-001  0.143718E-001
  0.146206E+001  0.952365E+000  0.379604E-001  0.207915E-001  0.207915E-001  0.113878E-001
  0.146252E+001  0.957344E+000  0.385246E-001  0.209838E-001  0.209838E-001  0.114296E-001
  0.146299E+001  0.962322E+000  0.333398E-001  0.180598E-001  0.180598E-001  0.978282E-002
  0.146348E+001  0.967298E+000  0.328931E-001  0.177183E-001  0.177183E-001  0.954420E-002
  0.146399E+001  0.972272E+000  0.394381E-001  0.211233E-001  0.211233E-001  0.113138E-001
  0.146451E+001  0.977244E+000  0.294656E-001  0.156928E-001  0.156928E-001  0.835769E-002
  0.146505E+001  0.982215E+000  0.309230E-001  0.163746E-001  0.163746E-001  0.867075E-002
  0.146561E+001  0.987183E+000  0.316276E-001  0.166501E-001  0.166501E-001  0.876536E-002
  0.146619E+001  0.992149E+000  0.289537E-001  0.151525E-001  0.151525E-001  0.792984E-002
  0.146679E+001  0.997114E+000  0.262362E-001  0.136481E-001  0.136481E-001  0.709977E-002
  0.146741E+001  0.100208E+001  0.272553E-001  0.140922E-001  0.140922E-001  0.728629E-002
  0.146804E+001  0.100704E+001  0.248941E-001  0.127934E-001  0.127934E-001  0.657473E-002
  0.146869E+001  0.101199E+001  0.249791E-001  0.127583E-001  0.127583E-001  0.651643E-002
  0.146936E+001  0.101695E+001  0.259947E-001  0.131944E-001  0.131944E-001  0.669724E-002
  0.147005E+001  0.102190E+001  0.245649E-001  0.123901E-001  0.123901E-001  0.624932E-002
  0.147076E+001  0.102685E+001  0.228555E-001  0.114543E-001  0.114543E-001  0.574043E-002
  0.147149E+001  0.103180E+001  0.218402E-001  0.108746E-001  0.108746E-001  0.541467E-002
  0.147224E+001  0.103674E+001  0.236577E-001  0.117024E-001  0.117024E-001  0.578868E-002
  0.147300E+001  0.104168E+001  0.208324E-001  0.102374E-001  0.102374E-001  0.503086E-002
  0.147378E+001  0.104662E+001  0.218333E-001  0.106581E-001  0.106581E-001  0.520286E-002
  0.147459E+001  0.105155E+001  0.209725E-001  0.101683E-001  0.101683E-001  0.492999E-002
  0.147541E+001  0.105649E+001  0.194822E-001  0.938149E-002  0.938149E-002  0.451758E-002
  0.147625E+001  0.106141E+001  0.190820E-001  0.912551E-002  0.912551E-002  0.436406E-002
  0.147711E+001  0.106634E+001  0.186774E-001  0.886974E-002  0.886974E-002  0.421217E-002
  0.147799E+001  0.107126E+001  0.182705E-001  0.861528E-002  0.861528E-002  0.406245E-002
  0.147889E+001  0.107618E+001  0.179416E-001  0.839972E-002  0.839972E-002  0.393250E-002
  0.147981E+001  0.108110E+001  0.176822E-001  0.821839E-002  0.821839E-002  0.381978E-002
  0.148075E+001  0.108601E+001  0.181007E-001  0.835134E-002  0.835134E-002  0.385315E-002
  0.148170E+001  0.109091E+001  0.169147E-001  0.774687E-002  0.774687E-002  0.354805E-002
  0.148268E+001  0.109582E+001  0.165805E-001  0.753687E-002  0.753687E-002  0.342597E-002
  0.148367E+001  0.110072E+001  0.171269E-001  0.772671E-002  0.772671E-002  0.348586E-002
  0.148469E+001  0.110561E+001  0.159584E-001  0.714418E-002  0.714418E-002  0.319828E-002
  0.148572E+001  0.111051E+001  0.166385E-001  0.739124E-002  0.739124E-002  0.328338E-002
  0.148678E+001  0.111539E+001  0.154752E-001  0.682036E-002  0.682036E-002  0.300592E-002
  0.148785E+001  0.112028E+001  0.153211E-001  0.669909E-002  0.669909E-002  0.292915E-002
  0.148895E+001  0.112516E+001  0.151898E-001  0.658808E-002  0.658808E-002  0.285737E-002
  0.149006E+001  0.113003E+001  0.146586E-001  0.630620E-002  0.630620E-002  0.271296E-002
  0.149119E+001  0.113490E+001  0.142658E-001  0.608688E-002  0.608688E-002  0.259714E-002
  0.149234E+001  0.113977E+001  0.141043E-001  0.596802E-002  0.596802E-002  0.252528E-002
  0.149351E+001  0.114463E+001  0.138973E-001  0.583100E-002  0.583100E-002  0.244655E-002
  0.149470E+001  0.114948E+001  0.135481E-001  0.563605E-002  0.563605E-002  0.234462E-002
  0.149591E+001  0.115434E+001  0.133876E-001  0.552127E-002  0.552127E-002  0.227706E-002
  0.149714E+001  0.115918E+001  0.131292E-001  0.536738E-002  0.536738E-002  0.219425E-002
  0.149839E+001  0.116402E+001  0.132635E-001  0.537429E-002  0.537429E-002  0.217763E-002
  0.149965E+001  0.116886E+001  0.128072E-001  0.514324E-002  0.514324E-002  0.206548E-002
  0.150094E+001  0.117369E+001  0.125366E-001  0.498886E-002  0.498886E-002  0.198528E-002
  0.150224E+001  0.117852E+001  0.124030E-001  0.489060E-002  0.489060E-002  0.192840E-002
  0.150357E+001  0.118334E+001  0.123571E-001  0.482704E-002  0.482704E-002  0.188559E-002
  0.150491E+001  0.118816E+001  0.118991E-001  0.460455E-002  0.460455E-002  0.178180E-002
  0.150627E+001  0.119297E+001  0.117102E-001  0.448834E-002  0.448834E-002  0.172031E-002
  0.150765E+001  0.119778E+001  0.115280E-001  0.437587E-002  0.437587E-002  0.166102E-002
  0.150904E+001  0.120258E+001  0.116955E-001  0.439636E-002  0.439636E-002  0.165260E-002
  0.151046E+001  0.120737E+001  0.111523E-001  0.415059E-002  0.415059E-002  0.154474E-002
  0.151189E+001  0.121216E+001  0.110282E-001  0.406341E-002  0.406341E-002  0.149718E-002
  0.151334E+001  0.121695E+001  0.110964E-001  0.404706E-002  0.404706E-002  0.147604E-002
  0.151481E+001  0.122173E+001  0.108228E-001  0.390670E-002  0.390670E-002  0.141019E-002
  0.151630E+001  0.122650E+001  0.104843E-001  0.374501E-002  0.374501E-002  0.133771E-002
  0.151780E+001  0.123127E+001  0.104388E-001  0.368948E-002  0.368948E-002  0.130400E-002
  0.151932E+001  0.123603E+001  0.102711E-001  0.359141E-002  0.359141E-002  0.125577E-002
  0.152086E+001  0.124079E+001  0.100470E-001  0.347488E-002  0.347488E-002  0.120183E-002
  0.152242E+001  0.124554E+001  0.100616E-001  0.344154E-002  0.344154E-002  0.117717E-002
  0.152399E+001  0.125029E+001  0.978318E-002  0.330904E-002  0.330904E-002  0.111924E-002
  0.152557E+001  0.125503E+001  0.974515E-002  0.325908E-002  0.325908E-002  0.108994E-002
  0.152718E+001  0.125977E+001  0.946081E-002  0.312756E-002  0.312756E-002  0.103391E-002
  0.152880E+001  0.126450E+001  0.935853E-002  0.305774E-002  0.305774E-002  0.999063E-003
  0.153043E+001  0.126922E+001  0.918528E-002  0.296580E-002  0.296580E-002  0.957617E-003
  0.153208E+001  0.127394E+001  0.905528E-002  0.288879E-002  0.288879E-002  0.921572E-003
  0.153375E+001  0.127866E+001  0.901036E-002  0.283938E-002  0.283938E-002  0.894754E-003
  0.153542E+001  0.128337E+001  0.907019E-002  0.282311E-002  0.282311E-002  0.878697E-003
  0.153712E+001  0.128807E+001  0.870388E-002  0.267496E-002  0.267496E-002  0.822096E-003
  0.153883E+001  0.129277E+001  0.865734E-002  0.262667E-002  0.262667E-002  0.796939E-003
  0.154055E+001  0.129746E+001  0.854504E-002  0.255899E-002  0.255899E-002  0.766341E-003
  0.154228E+001  0.130215E+001  0.833955E-002  0.246458E-002  0.246458E-002  0.728354E-003
  0.154403E+001  0.130684E+001  0.822477E-002  0.239797E-002  0.239797E-002  0.699138E-003
  0.154579E+001  0.131152E+001  0.812166E-002  0.233552E-002  0.233552E-002  0.671618E-003
  0.154756E+001  0.131619E+001  0.802926E-002  0.227681E-002  0.227681E-002  0.645620E-003
  0.154935E+001  0.132086E+001  0.795047E-002  0.222232E-002  0.222232E-002  0.621182E-003
  0.155114E+001  0.132553E+001  0.788015E-002  0.217080E-002  0.217080E-002  0.598006E-003
  0.155295E+001  0.133019E+001  0.768184E-002  0.208475E-002  0.208475E-002  0.565771E-003
  0.155477E+001  0.133485E+001  0.758000E-002  0.202588E-002  0.202588E-002  0.541447E-003
  0.155660E+001  0.133950E+001  0.758156E-002  0.199480E-002  0.199480E-002  0.524854E-003
  0.155843E+001  0.134415E+001  0.739799E-002  0.191564E-002  0.191564E-002  0.496037E-003
  0.156028E+001  0.134880E+001  0.726551E-002  0.185054E-002  0.185054E-002  0.471334E-003
  0.156214E+001  0.135344E+001  0.735363E-002  0.184142E-002  0.184142E-002  0.461111E-003
  0.156400E+001  0.135808E+001  0.712892E-002  0.175430E-002  0.175430E-002  0.431701E-003
  0.156587E+001  0.136272E+001  0.699905E-002  0.169157E-002  0.169157E-002  0.408828E-003
  0.156774E+001  0.136736E+001  0.693938E-002  0.164626E-002  0.164626E-002  0.390551E-003
  0.156962E+001  0.137199E+001  0.685137E-002  0.159428E-002  0.159428E-002  0.370982E-003
  0.157151E+001  0.137662E+001  0.662721E-002  0.151136E-002  0.151136E-002  0.344671E-003
  0.157340E+001  0.138125E+001  0.651641E-002  0.145525E-002  0.145525E-002  0.324987E-003
  0.157529E+001  0.138588E+001  0.650975E-002  0.142226E-002  0.142226E-002  0.310736E-003
  0.157719E+001  0.139050E+001  0.627117E-002  0.133884E-002  0.133884E-002  0.285830E-003
  0.157908E+001  0.139513E+001  0.617743E-002  0.128728E-002  0.128728E-002  0.268250E-003
  0.158098E+001  0.139976E+001  0.597006E-002  0.121244E-002  0.121244E-002  0.246228E-003
  0.158287E+001  0.140438E+001  0.581857E-002  0.114991E-002  0.114991E-002  0.227251E-003
  0.158476E+001  0.140901E+001  0.565670E-002  0.108582E-002  0.108582E-002  0.208426E-003
  0.158665E+001  0.141365E+001  0.549787E-002  0.102281E-002  0.102281E-002  0.190279E-003
  0.158852E+001  0.141828E+001  0.538378E-002  0.968616E-003  0.968616E-003  0.174266E-003
  0.159040E+001  0.142292E+001  0.510908E-002  0.886192E-003  0.886192E-003  0.153713E-003
  0.159226E+001  0.142756E+001  0.489377E-002  0.815939E-003  0.815939E-003  0.136040E-003
  0.159411E+001  0.143220E+001  0.469947E-002  0.750403E-003  0.750403E-003  0.119822E-003
  0.159596E+001  0.143685E+001  0.446056E-002  0.679027E-003  0.679027E-003  0.103366E-003
  0.159779E+001  0.144150E+001  0.420495E-002  0.607340E-003  0.607340E-003  0.877196E-004
  0.159961E+001  0.144616E+001  0.395098E-002  0.538244E-003  0.538244E-003  0.733238E-004
  0.160142E+001  0.145082E+001  0.370039E-002  0.472147E-003  0.472147E-003  0.602413E-004
