  0.544621E-002  0.697446E-001
  0.618168E-002  0.746903E-001
  0.695179E-002  0.796306E-001
  0.775458E-002  0.845657E-001
  0.858817E-002  0.894957E-001
  0.945081E-002  0.944208E-001
  0.103409E-001  0.993409E-001
  0.112568E-001  0.104256E+000
  0.121974E-001  0.109167E+000
  0.131612E-001  0.114073E+000
  0.141471E-001  0.118975E+000
  0.151541E-001  0.123873E+000
  0.161812E-001  0.128766E+000
  0.172276E-001  0.133655E+000
  0.182925E-001  0.138541E+000
  0.193752E-001  0.143422E+000
  0.204750E-001  0.148299E+000
  0.215915E-001  0.153173E+000
  0.227241E-001  0.158043E+000
  0.238723E-001  0.162910E+000
  0.250358E-001  0.167772E+000
  0.262142E-001  0.172632E+000
  0.274071E-001  0.177487E+000
  0.286143E-001  0.182339E+000
  0.298354E-001  0.187188E+000
  0.310702E-001  0.192033E+000
  0.323186E-001  0.196875E+000
  0.335802E-001  0.201713E+000
  0.348550E-001  0.206548E+000
  0.361426E-001  0.211379E+000
  0.374431E-001  0.216207E+000
  0.387560E-001  0.221031E+000
  0.400815E-001  0.225853E+000
  0.414192E-001  0.230670E+000
  0.427691E-001  0.235485E+000
  0.441310E-001  0.240296E+000
  0.455048E-001  0.245103E+000
  0.468904E-001  0.249907E+000
  0.482876E-001  0.254708E+000
  0.496963E-001  0.259506E+000
  0.511164E-001  0.264300E+000
  0.525478E-001  0.269090E+000
  0.539904E-001  0.273878E+000
  0.554440E-001  0.278662E+000
  0.569085E-001  0.283442E+000
  0.583838E-001  0.288220E+000
  0.598698E-001  0.292994E+000
  0.613663E-001  0.297765E+000
  0.628733E-001  0.302532E+000
  0.643906E-001  0.307296E+000
  0.659181E-001  0.312057E+000
  0.674556E-001  0.316815E+000
  0.690032E-001  0.321570E+000
  0.705605E-001  0.326321E+000
  0.721275E-001  0.331069E+000
  0.737042E-001  0.335814E+000
  0.752903E-001  0.340556E+000
  0.768857E-001  0.345294E+000
  0.784903E-001  0.350030E+000
  0.801041E-001  0.354762E+000
  0.817268E-001  0.359492E+000
  0.833584E-001  0.364218E+000
  0.849986E-001  0.368941E+000
  0.866476E-001  0.373661E+000
  0.883049E-001  0.378379E+000
  0.899707E-001  0.383093E+000
  0.916447E-001  0.387805E+000
  0.933269E-001  0.392513E+000
  0.950170E-001  0.397219E+000
  0.967151E-001  0.401922E+000
  0.984209E-001  0.406622E+000
  0.100134E+000  0.411319E+000
  0.101855E+000  0.416013E+000
  0.103584E+000  0.420705E+000
  0.105320E+000  0.425394E+000
  0.107063E+000  0.430080E+000
  0.108813E+000  0.434764E+000
  0.110570E+000  0.439445E+000
  0.112334E+000  0.444124E+000
  0.114105E+000  0.448800E+000
  0.115882E+000  0.453473E+000
  0.117666E+000  0.458144E+000
  0.119457E+000  0.462812E+000
  0.121254E+000  0.467478E+000
  0.123057E+000  0.472142E+000
  0.124866E+000  0.476803E+000
  0.126681E+000  0.481462E+000
  0.128503E+000  0.486118E+000
  0.130330E+000  0.490772E+000
  0.132163E+000  0.495424E+000
  0.134002E+000  0.500074E+000
  0.135846E+000  0.504721E+000
  0.137696E+000  0.509367E+000
  0.139551E+000  0.514010E+000
  0.141412E+000  0.518651E+000
  0.143278E+000  0.523289E+000
  0.145149E+000  0.527926E+000
  0.147025E+000  0.532561E+000
  0.148906E+000  0.537194E+000
  0.150792E+000  0.541824E+000
  0.152683E+000  0.546453E+000
  0.154578E+000  0.551080E+000
  0.156479E+000  0.555704E+000
  0.158384E+000  0.560327E+000
  0.160293E+000  0.564948E+000
  0.162207E+000  0.569567E+000
  0.164126E+000  0.574185E+000
  0.166048E+000  0.578800E+000
  0.167976E+000  0.583414E+000
  0.169907E+000  0.588026E+000
  0.171842E+000  0.592636E+000
  0.173781E+000  0.597245E+000
  0.175725E+000  0.601852E+000
  0.177672E+000  0.606457E+000
  0.179624E+000  0.611060E+000
  0.181579E+000  0.615662E+000
  0.183537E+000  0.620263E+000
  0.185500E+000  0.624861E+000
  0.187466E+000  0.629459E+000
  0.189436E+000  0.634054E+000
  0.191409E+000  0.638648E+000
  0.193386E+000  0.643241E+000
  0.195366E+000  0.647832E+000
  0.197350E+000  0.652422E+000
  0.199337E+000  0.657010E+000
  0.201327E+000  0.661597E+000
  0.203321E+000  0.666182E+000
  0.205317E+000  0.670766E+000
  0.207317E+000  0.675349E+000
  0.209320E+000  0.679930E+000
  0.211326E+000  0.684510E+000
  0.213335E+000  0.689089E+000
  0.215346E+000  0.693666E+000
  0.217361E+000  0.698242E+000
  0.219379E+000  0.702817E+000
  0.221399E+000  0.707391E+000
  0.223423E+000  0.711963E+000
  0.225449E+000  0.716534E+000
  0.227477E+000  0.721104E+000
  0.229509E+000  0.725673E+000
  0.231543E+000  0.730241E+000
  0.233579E+000  0.734807E+000
  0.235618E+000  0.739372E+000
  0.237660E+000  0.743937E+000
  0.239704E+000  0.748500E+000
  0.241751E+000  0.753061E+000
  0.243800E+000  0.757622E+000
  0.245852E+000  0.762182E+000
  0.247905E+000  0.766741E+000
  0.249961E+000  0.771298E+000
  0.252020E+000  0.775855E+000
  0.254081E+000  0.780411E+000
  0.256143E+000  0.784965E+000
  0.258209E+000  0.789519E+000
  0.260276E+000  0.794072E+000
  0.262345E+000  0.798623E+000
  0.264417E+000  0.803174E+000
  0.266491E+000  0.807724E+000
  0.268566E+000  0.812272E+000
  0.270644E+000  0.816820E+000
  0.272724E+000  0.821367E+000
  0.274805E+000  0.825913E+000
  0.276889E+000  0.830458E+000
  0.278975E+000  0.835003E+000
  0.281062E+000  0.839546E+000
  0.283152E+000  0.844088E+000
  0.285243E+000  0.848630E+000
  0.287336E+000  0.853171E+000
  0.289431E+000  0.857711E+000
  0.291528E+000  0.862250E+000
  0.293626E+000  0.866788E+000
  0.295726E+000  0.871326E+000
  0.297828E+000  0.875863E+000
  0.299932E+000  0.880399E+000
  0.302037E+000  0.884934E+000
  0.304144E+000  0.889468E+000
  0.306253E+000  0.894002E+000
  0.308363E+000  0.898535E+000
  0.310475E+000  0.903067E+000
  0.312588E+000  0.907598E+000
  0.314703E+000  0.912129E+000
  0.316820E+000  0.916659E+000
  0.318938E+000  0.921188E+000
  0.321058E+000  0.925716E+000
  0.323179E+000  0.930244E+000
  0.325301E+000  0.934771E+000
  0.327425E+000  0.939298E+000
  0.329551E+000  0.943823E+000
  0.331677E+000  0.948349E+000
  0.333806E+000  0.952873E+000
  0.335935E+000  0.957397E+000
  0.338066E+000  0.961920E+000
  0.340199E+000  0.966442E+000
  0.342332E+000  0.970964E+000
  0.344467E+000  0.975486E+000
  0.346604E+000  0.980006E+000
  0.348741E+000  0.984526E+000
  0.350880E+000  0.989046E+000
  0.353020E+000  0.993565E+000
  0.355161E+000  0.998083E+000
  0.357304E+000  0.100260E+001
  0.359448E+000  0.100712E+001
  0.361593E+000  0.101163E+001
  0.363739E+000  0.101615E+001
  0.365886E+000  0.102067E+001
  0.368035E+000  0.102518E+001
  0.370184E+000  0.102969E+001
  0.372335E+000  0.103421E+001
  0.374487E+000  0.103872E+001
  0.376640E+000  0.104323E+001
  0.378794E+000  0.104775E+001
  0.380949E+000  0.105226E+001
  0.383105E+000  0.105677E+001
  0.385262E+000  0.106128E+001
  0.387421E+000  0.106579E+001
  0.389580E+000  0.107030E+001
  0.391740E+000  0.107481E+001
  0.393901E+000  0.107932E+001
  0.396064E+000  0.108383E+001
  0.398227E+000  0.108833E+001
  0.400391E+000  0.109284E+001
  0.402556E+000  0.109735E+001
  0.404722E+000  0.110186E+001
  0.406889E+000  0.110636E+001
  0.409057E+000  0.111087E+001
  0.411226E+000  0.111537E+001
  0.413395E+000  0.111988E+001
  0.415566E+000  0.112438E+001
  0.417737E+000  0.112889E+001
  0.419909E+000  0.113339E+001
  0.422082E+000  0.113789E+001
  0.424256E+000  0.114239E+001
  0.426431E+000  0.114690E+001
  0.428607E+000  0.115140E+001
  0.430783E+000  0.115590E+001
  0.432960E+000  0.116040E+001
  0.435138E+000  0.116490E+001
  0.437316E+000  0.116940E+001
  0.439496E+000  0.117390E+001
  0.441676E+000  0.117840E+001
  0.443857E+000  0.118290E+001
  0.446038E+000  0.118740E+001
  0.448221E+000  0.119190E+001
  0.450404E+000  0.119640E+001
  0.452587E+000  0.120090E+001
  0.454772E+000  0.120539E+001
  0.456957E+000  0.120989E+001
  0.459142E+000  0.121439E+001
  0.461329E+000  0.121888E+001
  0.463516E+000  0.122338E+001
  0.465703E+000  0.122788E+001
  0.467891E+000  0.123237E+001
  0.470080E+000  0.123687E+001
  0.472270E+000  0.124136E+001
  0.474460E+000  0.124586E+001
  0.476650E+000  0.125035E+001
  0.478841E+000  0.125485E+001
  0.481033E+000  0.125934E+001
  0.483226E+000  0.126383E+001
  0.485418E+000  0.126833E+001
  0.487612E+000  0.127282E+001
  0.489806E+000  0.127731E+001
  0.492000E+000  0.128181E+001
  0.494195E+000  0.128630E+001
  0.496390E+000  0.129079E+001
  0.498586E+000  0.129528E+001
  0.500783E+000  0.129977E+001
  0.502980E+000  0.130427E+001
  0.505177E+000  0.130876E+001
  0.507375E+000  0.131325E+001
  0.509573E+000  0.131774E+001
  0.511772E+000  0.132223E+001
  0.513971E+000  0.132672E+001
  0.516170E+000  0.133121E+001
  0.518370E+000  0.133570E+001
  0.520571E+000  0.134019E+001
  0.522772E+000  0.134468E+001
  0.524973E+000  0.134917E+001
  0.527174E+000  0.135366E+001
  0.529376E+000  0.135815E+001
  0.531579E+000  0.136264E+001
  0.533781E+000  0.136713E+001
  0.535984E+000  0.137161E+001
  0.538187E+000  0.137610E+001
  0.540391E+000  0.138059E+001
  0.542595E+000  0.138508E+001
  0.544799E+000  0.138957E+001
  0.547004E+000  0.139405E+001
  0.549209E+000  0.139854E+001
  0.551414E+000  0.140303E+001
  0.553620E+000  0.140752E+001
  0.555826E+000  0.141200E+001
  0.558032E+000  0.141649E+001
  0.560238E+000  0.142098E+001
  0.562445E+000  0.142546E+001
  0.564651E+000  0.142995E+001
  0.566859E+000  0.143444E+001
  0.569066E+000  0.143892E+001
  0.571273E+000  0.144341E+001
  0.573481E+000  0.144790E+001
  0.575689E+000  0.145238E+001
  0.577897E+000  0.145687E+001
  0.580106E+000  0.146135E+001
  0.582314E+000  0.146584E+001
  0.584523E+000  0.147033E+001
  0.586732E+000  0.147481E+001
  0.588941E+000  0.147930E+001
  0.591151E+000  0.148378E+001
  0.593360E+000  0.148827E+001
  0.595570E+000  0.149275E+001
  0.597779E+000  0.149724E+001
  0.599989E+000  0.150172E+001
  0.602199E+000  0.150621E+001
  0.604409E+000  0.151069E+001
  0.606620E+000  0.151518E+001
  0.608830E+000  0.151966E+001
  0.611041E+000  0.152415E+001
  0.613251E+000  0.152863E+001
  0.615462E+000  0.153312E+001
  0.617673E+000  0.153760E+001
  0.619883E+000  0.154209E+001
  0.622094E+000  0.154657E+001
  0.624305E+000  0.155106E+001
  0.626516E+000  0.155554E+001
  0.628727E+000  0.156003E+001
  0.630938E+000  0.156451E+001
  0.633150E+000  0.156899E+001
  0.635361E+000  0.157348E+001
  0.637572E+000  0.157796E+001
  0.639783E+000  0.158245E+001
  0.641994E+000  0.158693E+001
  0.644206E+000  0.159142E+001
  0.646417E+000  0.159590E+001
  0.648628E+000  0.160039E+001
  0.650839E+000  0.160487E+001
  0.653051E+000  0.160935E+001
  0.655262E+000  0.161384E+001
  0.657473E+000  0.161832E+001
  0.659684E+000  0.162281E+001
  0.661895E+000  0.162729E+001
  0.664106E+000  0.163178E+001
  0.666317E+000  0.163626E+001
  0.668528E+000  0.164075E+001
  0.670739E+000  0.164523E+001
  0.672950E+000  0.164972E+001
  0.675160E+000  0.165420E+001
  0.677371E+000  0.165869E+001
  0.679581E+000  0.166317E+001
  0.681792E+000  0.166765E+001
  0.684002E+000  0.167214E+001
  0.686212E+000  0.167662E+001
  0.688422E+000  0.168111E+001
  0.690632E+000  0.168559E+001
  0.692842E+000  0.169008E+001
  0.695052E+000  0.169457E+001
  0.697261E+000  0.169905E+001
  0.699471E+000  0.170354E+001
  0.701680E+000  0.170802E+001
  0.703889E+000  0.171251E+001
  0.706098E+000  0.171699E+001
  0.708307E+000  0.172148E+001
  0.710515E+000  0.172596E+001
  0.712724E+000  0.173045E+001
  0.714932E+000  0.173494E+001
  0.717140E+000  0.173942E+001
  0.719348E+000  0.174391E+001
  0.721556E+000  0.174839E+001
  0.723763E+000  0.175288E+001
  0.725970E+000  0.175737E+001
  0.728177E+000  0.176185E+001
  0.730384E+000  0.176634E+001
  0.732591E+000  0.177083E+001
  0.734797E+000  0.177531E+001
  0.737003E+000  0.177980E+001
  0.739209E+000  0.178429E+001
  0.741414E+000  0.178878E+001
  0.743620E+000  0.179326E+001
  0.745825E+000  0.179775E+001
  0.748030E+000  0.180224E+001
  0.750234E+000  0.180673E+001
  0.752438E+000  0.181121E+001
  0.754642E+000  0.181570E+001
  0.756846E+000  0.182019E+001
  0.759049E+000  0.182468E+001
  0.761252E+000  0.182917E+001
  0.763455E+000  0.183366E+001
  0.765657E+000  0.183814E+001
  0.767860E+000  0.184263E+001
  0.770061E+000  0.184712E+001
  0.772263E+000  0.185161E+001
  0.774464E+000  0.185610E+001
  0.776665E+000  0.186059E+001
  0.778865E+000  0.186508E+001
  0.781065E+000  0.186957E+001
  0.783265E+000  0.187406E+001
  0.785465E+000  0.187855E+001
  0.787664E+000  0.188304E+001
  0.789862E+000  0.188753E+001
  0.792061E+000  0.189202E+001
  0.794259E+000  0.189651E+001
  0.796456E+000  0.190100E+001
  0.798653E+000  0.190550E+001
  0.800850E+000  0.190999E+001
  0.803047E+000  0.191448E+001
  0.805243E+000  0.191897E+001
  0.807438E+000  0.192346E+001
  0.809633E+000  0.192796E+001
  0.811828E+000  0.193245E+001
  0.814022E+000  0.193694E+001
  0.816216E+000  0.194143E+001
  0.818410E+000  0.194593E+001
  0.820603E+000  0.195042E+001
  0.822796E+000  0.195491E+001
  0.824988E+000  0.195941E+001
  0.827179E+000  0.196390E+001
  0.829371E+000  0.196840E+001
  0.831562E+000  0.197289E+001
  0.833752E+000  0.197739E+001
  0.835942E+000  0.198188E+001
  0.838131E+000  0.198638E+001
  0.840320E+000  0.199087E+001
  0.842509E+000  0.199537E+001
  0.844697E+000  0.199986E+001
  0.846884E+000  0.200436E+001
  0.849071E+000  0.200885E+001
  0.851258E+000  0.201335E+001
  0.853444E+000  0.201785E+001
  0.855630E+000  0.202234E+001
  0.857815E+000  0.202684E+001
  0.859999E+000  0.203134E+001
  0.862183E+000  0.203584E+001
  0.864367E+000  0.204034E+001
  0.866550E+000  0.204483E+001
  0.868733E+000  0.204933E+001
  0.870915E+000  0.205383E+001
  0.873096E+000  0.205833E+001
  0.875277E+000  0.206283E+001
  0.877457E+000  0.206733E+001
  0.879637E+000  0.207183E+001
  0.881817E+000  0.207633E+001
  0.883996E+000  0.208083E+001
  0.886174E+000  0.208533E+001
  0.888352E+000  0.208983E+001
  0.890529E+000  0.209433E+001
  0.892705E+000  0.209883E+001
  0.894882E+000  0.210333E+001
  0.897057E+000  0.210784E+001
  0.899232E+000  0.211234E+001
  0.901407E+000  0.211684E+001
  0.903580E+000  0.212134E+001
  0.905754E+000  0.212585E+001
  0.907927E+000  0.213035E+001
  0.910099E+000  0.213485E+001
  0.912270E+000  0.213936E+001
  0.914441E+000  0.214386E+001
  0.916612E+000  0.214837E+001
  0.918782E+000  0.215287E+001
  0.920951E+000  0.215737E+001
  0.923120E+000  0.216188E+001
  0.925288E+000  0.216639E+001
  0.927456E+000  0.217089E+001
  0.929623E+000  0.217540E+001
  0.931789E+000  0.217990E+001
  0.933955E+000  0.218441E+001
  0.936120E+000  0.218892E+001
  0.938285E+000  0.219342E+001
  0.940449E+000  0.219793E+001
  0.942613E+000  0.220244E+001
  0.944776E+000  0.220695E+001
  0.946938E+000  0.221145E+001
  0.949100E+000  0.221596E+001
  0.951261E+000  0.222047E+001
  0.953422E+000  0.222498E+001
  0.955582E+000  0.222949E+001
  0.957741E+000  0.223400E+001
  0.959900E+000  0.223851E+001
  0.962058E+000  0.224302E+001
  0.964216E+000  0.224753E+001
  0.966373E+000  0.225204E+001
  0.968530E+000  0.225655E+001
  0.970686E+000  0.226106E+001
  0.972841E+000  0.226558E+001
  0.974996E+000  0.227009E+001
  0.977150E+000  0.227460E+001
  0.979303E+000  0.227911E+001
  0.981456E+000  0.228362E+001
  0.983609E+000  0.228814E+001
  0.985761E+000  0.229265E+001
  0.987912E+000  0.229716E+001
  0.990063E+000  0.230168E+001
  0.992213E+000  0.230619E+001
  0.994362E+000  0.231071E+001
  0.996511E+000  0.231522E+001
  0.998659E+000  0.231974E+001
  0.100081E+001  0.232425E+001
  0.100295E+001  0.232877E+001
  0.100510E+001  0.233328E+001
  0.100725E+001  0.233780E+001
  0.100939E+001  0.234232E+001
  0.101154E+001  0.234683E+001
  0.101368E+001  0.235135E+001
  0.101583E+001  0.235587E+001
  0.101797E+001  0.236038E+001
  0.102011E+001  0.236490E+001
  0.102225E+001  0.236942E+001
  0.102439E+001  0.237394E+001
  0.102654E+001  0.237846E+001
  0.102868E+001  0.238297E+001
  0.103082E+001  0.238749E+001
  0.103296E+001  0.239201E+001
  0.103509E+001  0.239653E+001
  0.103723E+001  0.240105E+001
  0.103937E+001  0.240557E+001
  0.104151E+001  0.241009E+001
  0.104364E+001  0.241461E+001
  0.104578E+001  0.241913E+001
  0.104792E+001  0.242365E+001
  0.105005E+001  0.242818E+001
  0.105218E+001  0.243270E+001
  0.105432E+001  0.243722E+001
  0.105645E+001  0.244174E+001
  0.105858E+001  0.244626E+001
  0.106072E+001  0.245079E+001
  0.106285E+001  0.245531E+001
  0.106498E+001  0.245983E+001
  0.106711E+001  0.246435E+001
  0.106924E+001  0.246888E+001
  0.107137E+001  0.247340E+001
  0.107350E+001  0.247793E+001
  0.107563E+001  0.248245E+001
  0.107776E+001  0.248697E+001
  0.107988E+001  0.249150E+001
  0.108201E+001  0.249602E+001
  0.108414E+001  0.250055E+001
  0.108626E+001  0.250508E+001
  0.108839E+001  0.250960E+001
  0.109051E+001  0.251413E+001
  0.109264E+001  0.251865E+001
  0.109476E+001  0.252318E+001
  0.109689E+001  0.252771E+001
  0.109901E+001  0.253223E+001
  0.110113E+001  0.253676E+001
  0.110326E+001  0.254129E+001
  0.110538E+001  0.254581E+001
  0.110750E+001  0.255034E+001
  0.110962E+001  0.255487E+001
  0.111174E+001  0.255940E+001
  0.111386E+001  0.256393E+001
  0.111598E+001  0.256846E+001
  0.111810E+001  0.257298E+001
  0.112022E+001  0.257751E+001
  0.112233E+001  0.258204E+001
  0.112445E+001  0.258657E+001
  0.112657E+001  0.259110E+001
  0.112869E+001  0.259563E+001
  0.113080E+001  0.260016E+001
  0.113292E+001  0.260469E+001
  0.113503E+001  0.260922E+001
  0.113715E+001  0.261375E+001
  0.113926E+001  0.261828E+001
  0.114138E+001  0.262281E+001
  0.114349E+001  0.262735E+001
  0.114560E+001  0.263188E+001
  0.114772E+001  0.263641E+001
  0.114983E+001  0.264094E+001
  0.115194E+001  0.264547E+001
  0.115405E+001  0.265001E+001
  0.115616E+001  0.265454E+001
  0.115827E+001  0.265907E+001
  0.116038E+001  0.266360E+001
  0.116249E+001  0.266814E+001
  0.116460E+001  0.267267E+001
  0.116671E+001  0.267720E+001
  0.116882E+001  0.268174E+001
  0.117093E+001  0.268627E+001
  0.117304E+001  0.269080E+001
  0.117514E+001  0.269534E+001
  0.117725E+001  0.269987E+001
  0.117936E+001  0.270441E+001
  0.118146E+001  0.270894E+001
  0.118357E+001  0.271348E+001
  0.118567E+001  0.271801E+001
  0.118778E+001  0.272255E+001
  0.118988E+001  0.272708E+001
  0.119199E+001  0.273162E+001
  0.119409E+001  0.273615E+001
  0.119620E+001  0.274069E+001
  0.119830E+001  0.274523E+001
  0.120040E+001  0.274976E+001
  0.120250E+001  0.275430E+001
  0.120461E+001  0.275884E+001
  0.120671E+001  0.276337E+001
  0.120881E+001  0.276791E+001
  0.121091E+001  0.277245E+001
  0.121301E+001  0.277698E+001
  0.121511E+001  0.278152E+001
  0.121721E+001  0.278606E+001
  0.121931E+001  0.279060E+001
  0.122141E+001  0.279514E+001
  0.122351E+001  0.279967E+001
  0.122561E+001  0.280421E+001
  0.122771E+001  0.280875E+001
  0.122980E+001  0.281329E+001
  0.123190E+001  0.281783E+001
  0.123400E+001  0.282237E+001
  0.123610E+001  0.282691E+001
  0.123819E+001  0.283144E+001
  0.124029E+001  0.283598E+001
  0.124238E+001  0.284052E+001
  0.124448E+001  0.284506E+001
  0.124657E+001  0.284960E+001
  0.124867E+001  0.285414E+001
  0.125076E+001  0.285868E+001
  0.125286E+001  0.286322E+001
  0.125495E+001  0.286776E+001
  0.125705E+001  0.287230E+001
  0.125914E+001  0.287685E+001
  0.126123E+001  0.288139E+001
  0.126332E+001  0.288593E+001
  0.126542E+001  0.289047E+001
  0.126751E+001  0.289501E+001
  0.126960E+001  0.289955E+001
  0.127169E+001  0.290409E+001
  0.127378E+001  0.290863E+001
  0.127587E+001  0.291318E+001
  0.127796E+001  0.291772E+001
  0.128005E+001  0.292226E+001
  0.128214E+001  0.292680E+001
  0.128423E+001  0.293135E+001
  0.128632E+001  0.293589E+001
  0.128841E+001  0.294043E+001
  0.129050E+001  0.294497E+001
  0.129259E+001  0.294952E+001
  0.129468E+001  0.295406E+001
  0.129676E+001  0.295860E+001
  0.129885E+001  0.296315E+001
  0.130094E+001  0.296769E+001
  0.130303E+001  0.297223E+001
  0.130511E+001  0.297678E+001
  0.130720E+001  0.298132E+001
  0.130929E+001  0.298587E+001
  0.131137E+001  0.299041E+001
  0.131346E+001  0.299495E+001
  0.131554E+001  0.299950E+001
  0.131763E+001  0.300404E+001
  0.131971E+001  0.300859E+001
  0.132180E+001  0.301313E+001
  0.132388E+001  0.301768E+001
  0.132596E+001  0.302222E+001
  0.132805E+001  0.302677E+001
  0.133013E+001  0.303131E+001
  0.133221E+001  0.303586E+001
  0.133430E+001  0.304040E+001
  0.133638E+001  0.304495E+001
  0.133846E+001  0.304950E+001
  0.134054E+001  0.305404E+001
  0.134263E+001  0.305859E+001
  0.134471E+001  0.306313E+001
  0.134679E+001  0.306768E+001
  0.134887E+001  0.307223E+001
  0.135095E+001  0.307677E+001
  0.135303E+001  0.308132E+001
  0.135511E+001  0.308587E+001
  0.135719E+001  0.309041E+001
  0.135927E+001  0.309496E+001
  0.136135E+001  0.309951E+001
  0.136343E+001  0.310405E+001
  0.136551E+001  0.310860E+001
  0.136759E+001  0.311315E+001
  0.136966E+001  0.311770E+001
  0.137174E+001  0.312224E+001
  0.137382E+001  0.312679E+001
  0.137590E+001  0.313134E+001
  0.137798E+001  0.313589E+001
  0.138005E+001  0.314044E+001
  0.138213E+001  0.314498E+001
  0.138421E+001  0.314953E+001
  0.138628E+001  0.315408E+001
  0.138836E+001  0.315863E+001
  0.139044E+001  0.316318E+001
  0.139251E+001  0.316773E+001
  0.139459E+001  0.317228E+001
  0.139666E+001  0.317682E+001
  0.139874E+001  0.318137E+001
  0.140081E+001  0.318592E+001
  0.140289E+001  0.319047E+001
  0.140496E+001  0.319502E+001
  0.140704E+001  0.319957E+001
  0.140911E+001  0.320412E+001
  0.141118E+001  0.320867E+001
  0.141326E+001  0.321322E+001
  0.141533E+001  0.321777E+001
  0.141740E+001  0.322232E+001
  0.141948E+001  0.322687E+001
  0.142155E+001  0.323142E+001
  0.142362E+001  0.323597E+001
  0.142569E+001  0.324052E+001
  0.142776E+001  0.324507E+001
  0.142984E+001  0.324962E+001
  0.143191E+001  0.325417E+001
  0.143398E+001  0.325872E+001
  0.143605E+001  0.326327E+001
  0.143812E+001  0.326783E+001
  0.144019E+001  0.327238E+001
  0.144226E+001  0.327693E+001
  0.144433E+001  0.328148E+001
  0.144640E+001  0.328603E+001
  0.144847E+001  0.329058E+001
  0.145054E+001  0.329513E+001
  0.145261E+001  0.329969E+001
  0.145468E+001  0.330424E+001
  0.145675E+001  0.330879E+001
  0.145882E+001  0.331334E+001
  0.146089E+001  0.331789E+001
  0.146295E+001  0.332244E+001
  0.146502E+001  0.332700E+001
  0.146709E+001  0.333155E+001
  0.146916E+001  0.333610E+001
  0.147123E+001  0.334065E+001
  0.147329E+001  0.334521E+001
  0.147536E+001  0.334976E+001
  0.147743E+001  0.335431E+001
  0.147949E+001  0.335887E+001
  0.148156E+001  0.336342E+001
  0.148363E+001  0.336797E+001
  0.148569E+001  0.337252E+001
  0.148776E+001  0.337708E+001
  0.148982E+001  0.338163E+001
  0.149189E+001  0.338618E+001
  0.149396E+001  0.339074E+001
  0.149602E+001  0.339529E+001
  0.149809E+001  0.339985E+001
  0.150015E+001  0.340440E+001
  0.150221E+001  0.340895E+001
  0.150428E+001  0.341351E+001
  0.150634E+001  0.341806E+001
  0.150841E+001  0.342261E+001
  0.151047E+001  0.342717E+001
  0.151253E+001  0.343172E+001
  0.151460E+001  0.343628E+001
  0.151666E+001  0.344083E+001
  0.151872E+001  0.344539E+001
  0.152079E+001  0.344994E+001
  0.152285E+001  0.345450E+001
  0.152491E+001  0.345905E+001
  0.152698E+001  0.346361E+001
  0.152904E+001  0.346816E+001
  0.153110E+001  0.347272E+001
  0.153316E+001  0.347727E+001
  0.153522E+001  0.348183E+001
  0.153728E+001  0.348638E+001
  0.153935E+001  0.349094E+001
  0.154141E+001  0.349549E+001
  0.154347E+001  0.350005E+001
  0.154553E+001  0.350460E+001
  0.154759E+001  0.350916E+001
  0.154965E+001  0.351371E+001
  0.155171E+001  0.351827E+001
  0.155377E+001  0.352283E+001
  0.155583E+001  0.352738E+001
  0.155789E+001  0.353194E+001
  0.155995E+001  0.353649E+001
  0.156201E+001  0.354105E+001
  0.156407E+001  0.354561E+001
  0.156613E+001  0.355016E+001
  0.156818E+001  0.355472E+001
  0.157024E+001  0.355928E+001
  0.157230E+001  0.356383E+001
  0.157436E+001  0.356839E+001
  0.157642E+001  0.357295E+001
  0.157848E+001  0.357750E+001
  0.158053E+001  0.358206E+001
  0.158259E+001  0.358662E+001
  0.158465E+001  0.359117E+001
  0.158671E+001  0.359573E+001
  0.158876E+001  0.360029E+001
  0.159082E+001  0.360485E+001
  0.159288E+001  0.360940E+001
  0.159493E+001  0.361396E+001
  0.159699E+001  0.361852E+001
  0.159905E+001  0.362308E+001
  0.160110E+001  0.362763E+001
