  0.157709E+001  0.747534E-001
  0.157575E+001  0.795684E-001
  0.157440E+001  0.843834E-001
  0.157305E+001  0.891986E-001
  0.157171E+001  0.940142E-001
  0.157036E+001  0.988304E-001
  0.156902E+001  0.103647E+000
  0.156769E+001  0.108465E+000
  0.156635E+001  0.113284E+000
  0.156502E+001  0.118104E+000
  0.156370E+001  0.122925E+000
  0.156237E+001  0.127747E+000
  0.156106E+001  0.132571E+000
  0.155975E+001  0.137396E+000
  0.155844E+001  0.142222E+000
  0.155714E+001  0.147050E+000
  0.155584E+001  0.151879E+000
  0.155455E+001  0.156709E+000
  0.155327E+001  0.161541E+000
  0.155199E+001  0.166375E+000
  0.155071E+001  0.171210E+000
  0.154945E+001  0.176047E+000
  0.154818E+001  0.180885E+000
  0.154693E+001  0.185724E+000
  0.154568E+001  0.190566E+000
  0.154444E+001  0.195409E+000
  0.154320E+001  0.200253E+000
  0.154197E+001  0.205100E+000
  0.154074E+001  0.209947E+000
  0.153953E+001  0.214797E+000
  0.153832E+001  0.219648E+000
  0.153711E+001  0.224501E+000
  0.153591E+001  0.229355E+000
  0.153472E+001  0.234212E+000
  0.153354E+001  0.239070E+000
  0.153236E+001  0.243929E+000
  0.153119E+001  0.248790E+000
  0.153003E+001  0.253654E+000
  0.152888E+001  0.258518E+000
  0.152773E+001  0.263385E+000
  0.152659E+001  0.268253E+000
  0.152546E+001  0.273123E+000
  0.152433E+001  0.277995E+000
  0.152322E+001  0.282869E+000
  0.152211E+001  0.287745E+000
  0.152101E+001  0.292622E+000
  0.151992E+001  0.297502E+000
  0.151884E+001  0.302383E+000
  0.151776E+001  0.307267E+000
  0.151670E+001  0.312153E+000
  0.151565E+001  0.317042E+000
  0.151462E+001  0.321934E+000
  0.151360E+001  0.326829E+000
  0.151260E+001  0.331728E+000
  0.151163E+001  0.336633E+000
  0.151070E+001  0.341546E+000
  0.150984E+001  0.346470E+000
  0.150907E+001  0.351411E+000
  0.150844E+001  0.356371E+000
  0.150796E+001  0.361348E+000
  0.150761E+001  0.366336E+000
  0.150733E+001  0.371328E+000
  0.150710E+001  0.376323E+000
  0.150689E+001  0.381319E+000
  0.150671E+001  0.386315E+000
  0.150654E+001  0.391312E+000
  0.150637E+001  0.396309E+000
  0.150622E+001  0.401307E+000
  0.150606E+001  0.406305E+000
  0.150592E+001  0.411303E+000
  0.150577E+001  0.416301E+000
  0.150563E+001  0.421299E+000
  0.150550E+001  0.426297E+000
  0.150536E+001  0.431295E+000
  0.150523E+001  0.436293E+000
  0.150510E+001  0.441292E+000
  0.150498E+001  0.446290E+000
  0.150486E+001  0.451288E+000
  0.150474E+001  0.456287E+000
  0.150462E+001  0.461286E+000
  0.150450E+001  0.466284E+000
  0.150439E+001  0.471283E+000
  0.150428E+001  0.476282E+000
  0.150418E+001  0.481281E+000
  0.150407E+001  0.486280E+000
  0.150397E+001  0.491279E+000
  0.150387E+001  0.496278E+000
  0.150378E+001  0.501277E+000
  0.150369E+001  0.506276E+000
  0.150360E+001  0.511275E+000
  0.150351E+001  0.516274E+000
  0.150343E+001  0.521274E+000
  0.150335E+001  0.526273E+000
  0.150328E+001  0.531273E+000
  0.150320E+001  0.536272E+000
  0.150314E+001  0.541272E+000
  0.150307E+001  0.546271E+000
  0.150301E+001  0.551271E+000
  0.150295E+001  0.556270E+000
  0.150290E+001  0.561270E+000
  0.150285E+001  0.566270E+000
  0.150280E+001  0.571270E+000
  0.150276E+001  0.576269E+000
  0.150272E+001  0.581269E+000
  0.150268E+001  0.586269E+000
  0.150265E+001  0.591269E+000
  0.150263E+001  0.596269E+000
  0.150261E+001  0.601269E+000
  0.150259E+001  0.606269E+000
  0.150258E+001  0.611269E+000
  0.150257E+001  0.616269E+000
  0.150256E+001  0.621269E+000
  0.150256E+001  0.626269E+000
  0.150257E+001  0.631269E+000
  0.150258E+001  0.636269E+000
  0.150259E+001  0.641269E+000
  0.150261E+001  0.646269E+000
  0.150264E+001  0.651269E+000
  0.150267E+001  0.656269E+000
  0.150270E+001  0.661269E+000
  0.150274E+001  0.666268E+000
  0.150278E+001  0.671268E+000
  0.150283E+001  0.676268E+000
  0.150289E+001  0.681268E+000
  0.150295E+001  0.686267E+000
  0.150301E+001  0.691267E+000
  0.150308E+001  0.696266E+000
  0.150316E+001  0.701266E+000
  0.150324E+001  0.706265E+000
  0.150333E+001  0.711264E+000
  0.150342E+001  0.716264E+000
  0.150352E+001  0.721263E+000
  0.150362E+001  0.726262E+000
  0.150373E+001  0.731260E+000
  0.150385E+001  0.736259E+000
  0.150397E+001  0.741258E+000
  0.150409E+001  0.746256E+000
  0.150423E+001  0.751254E+000
  0.150437E+001  0.756252E+000
  0.150451E+001  0.761250E+000
  0.150466E+001  0.766248E+000
  0.150482E+001  0.771245E+000
  0.150499E+001  0.776243E+000
  0.150516E+001  0.781240E+000
  0.150533E+001  0.786237E+000
  0.150552E+001  0.791233E+000
  0.150571E+001  0.796230E+000
  0.150590E+001  0.801226E+000
  0.150610E+001  0.806222E+000
  0.150631E+001  0.811217E+000
  0.150653E+001  0.816213E+000
  0.150675E+001  0.821208E+000
  0.150698E+001  0.826202E+000
  0.150722E+001  0.831197E+000
  0.150746E+001  0.836191E+000
  0.150771E+001  0.841185E+000
  0.150797E+001  0.846178E+000
  0.150823E+001  0.851171E+000
  0.150851E+001  0.856164E+000
  0.150878E+001  0.861156E+000
  0.150907E+001  0.866148E+000
  0.150936E+001  0.871139E+000
  0.150966E+001  0.876130E+000
  0.150997E+001  0.881120E+000
  0.151029E+001  0.886111E+000
  0.151061E+001  0.891100E+000
  0.151094E+001  0.896089E+000
  0.151128E+001  0.901078E+000
  0.151162E+001  0.906066E+000
  0.151198E+001  0.911053E+000
  0.151234E+001  0.916040E+000
  0.151271E+001  0.921027E+000
  0.151308E+001  0.926013E+000
  0.151347E+001  0.930998E+000
  0.151386E+001  0.935982E+000
  0.151426E+001  0.940966E+000
  0.151467E+001  0.945950E+000
  0.151508E+001  0.950932E+000
  0.151551E+001  0.955914E+000
  0.151594E+001  0.960896E+000
  0.151638E+001  0.965876E+000
  0.151683E+001  0.970856E+000
  0.151729E+001  0.975835E+000
  0.151775E+001  0.980813E+000
  0.151823E+001  0.985791E+000
  0.151871E+001  0.990767E+000
  0.151920E+001  0.995743E+000
  0.151970E+001  0.100072E+001
  0.152021E+001  0.100569E+001
  0.152073E+001  0.101067E+001
  0.152125E+001  0.101564E+001
  0.152179E+001  0.102061E+001
  0.152233E+001  0.102558E+001
  0.152288E+001  0.103055E+001
  0.152344E+001  0.103552E+001
  0.152401E+001  0.104048E+001
  0.152459E+001  0.104545E+001
  0.152518E+001  0.105042E+001
  0.152578E+001  0.105538E+001
  0.152639E+001  0.106034E+001
  0.152700E+001  0.106530E+001
  0.152763E+001  0.107027E+001
  0.152826E+001  0.107523E+001
  0.152891E+001  0.108018E+001
  0.152956E+001  0.108514E+001
  0.153023E+001  0.109010E+001
  0.153090E+001  0.109505E+001
  0.153158E+001  0.110000E+001
  0.153227E+001  0.110496E+001
  0.153298E+001  0.110991E+001
  0.153369E+001  0.111486E+001
  0.153441E+001  0.111980E+001
  0.153514E+001  0.112475E+001
  0.153588E+001  0.112969E+001
  0.153664E+001  0.113464E+001
  0.153740E+001  0.113958E+001
  0.153817E+001  0.114452E+001
  0.153895E+001  0.114946E+001
  0.153974E+001  0.115439E+001
  0.154055E+001  0.115933E+001
  0.154136E+001  0.116426E+001
  0.154218E+001  0.116919E+001
  0.154302E+001  0.117412E+001
  0.154386E+001  0.117905E+001
  0.154472E+001  0.118398E+001
  0.154559E+001  0.118890E+001
  0.154646E+001  0.119382E+001
  0.154735E+001  0.119875E+001
  0.154825E+001  0.120366E+001
  0.154916E+001  0.120858E+001
  0.155008E+001  0.121349E+001
  0.155101E+001  0.121841E+001
  0.155196E+001  0.122332E+001
  0.155291E+001  0.122823E+001
  0.155388E+001  0.123313E+001
  0.155486E+001  0.123803E+001
  0.155585E+001  0.124294E+001
  0.155685E+001  0.124783E+001
  0.155786E+001  0.125273E+001
  0.155889E+001  0.125762E+001
  0.155992E+001  0.126252E+001
  0.156097E+001  0.126740E+001
  0.156203E+001  0.127229E+001
  0.156311E+001  0.127717E+001
  0.156420E+001  0.128205E+001
  0.156529E+001  0.128693E+001
  0.156641E+001  0.129181E+001
  0.156753E+001  0.129668E+001
  0.156867E+001  0.130155E+001
  0.156982E+001  0.130641E+001
  0.157099E+001  0.131127E+001
  0.157217E+001  0.131613E+001
  0.157337E+001  0.132099E+001
  0.157457E+001  0.132584E+001
  0.157580E+001  0.133069E+001
  0.157704E+001  0.133553E+001
  0.157829E+001  0.134037E+001
  0.157957E+001  0.134521E+001
  0.158086E+001  0.135004E+001
  0.158216E+001  0.135486E+001
  0.158349E+001  0.135969E+001
  0.158483E+001  0.136450E+001
  0.158619E+001  0.136931E+001
  0.158757E+001  0.137412E+001
  0.158898E+001  0.137892E+001
  0.159040E+001  0.138371E+001
  0.159185E+001  0.138849E+001
  0.159333E+001  0.139327E+001
  0.159483E+001  0.139804E+001
  0.159635E+001  0.140280E+001
  0.159791E+001  0.140755E+001
  0.159949E+001  0.141230E+001
  0.160111E+001  0.141703E+001
