  0.792563E-002  0.962571E-002
  0.111036E-001  0.134858E-001
  0.142813E-001  0.173462E-001
  0.174587E-001  0.212068E-001
  0.206357E-001  0.250677E-001
  0.238123E-001  0.289289E-001
  0.269884E-001  0.327906E-001
  0.301638E-001  0.366528E-001
  0.333386E-001  0.405155E-001
  0.365127E-001  0.443788E-001
  0.396859E-001  0.482428E-001
  0.428583E-001  0.521075E-001
  0.460298E-001  0.559730E-001
  0.492002E-001  0.598394E-001
  0.523695E-001  0.637066E-001
  0.555376E-001  0.675748E-001
  0.587045E-001  0.714440E-001
  0.618701E-001  0.753143E-001
  0.650342E-001  0.791857E-001
  0.681969E-001  0.830584E-001
  0.713580E-001  0.869324E-001
  0.745174E-001  0.908076E-001
  0.776752E-001  0.946843E-001
  0.808311E-001  0.985625E-001
  0.839851E-001  0.102442E+000
  0.871371E-001  0.106324E+000
  0.902870E-001  0.110207E+000
  0.934348E-001  0.114091E+000
  0.965803E-001  0.117978E+000
  0.997234E-001  0.121867E+000
  0.102864E+000  0.125757E+000
  0.106002E+000  0.129650E+000
  0.109138E+000  0.133544E+000
  0.112270E+000  0.137441E+000
  0.115400E+000  0.141341E+000
  0.118527E+000  0.145242E+000
  0.121650E+000  0.149147E+000
  0.124771E+000  0.153053E+000
  0.127888E+000  0.156963E+000
  0.131001E+000  0.160875E+000
  0.134111E+000  0.164790E+000
  0.137217E+000  0.168709E+000
  0.140319E+000  0.172630E+000
  0.143417E+000  0.176555E+000
  0.146511E+000  0.180483E+000
  0.149600E+000  0.184415E+000
  0.152684E+000  0.188350E+000
  0.155763E+000  0.192289E+000
  0.158838E+000  0.196232E+000
  0.161906E+000  0.200180E+000
  0.164969E+000  0.204132E+000
  0.168026E+000  0.208089E+000
  0.171077E+000  0.212050E+000
  0.174120E+000  0.216017E+000
  0.177157E+000  0.219989E+000
  0.180186E+000  0.223967E+000
  0.183207E+000  0.227952E+000
  0.186219E+000  0.231943E+000
  0.189221E+000  0.235941E+000
  0.192214E+000  0.239946E+000
  0.195196E+000  0.243960E+000
  0.198166E+000  0.247982E+000
  0.201123E+000  0.252014E+000
  0.204066E+000  0.256056E+000
  0.206994E+000  0.260109E+000
  0.209904E+000  0.264175E+000
  0.212796E+000  0.268253E+000
  0.215668E+000  0.272347E+000
  0.218516E+000  0.276456E+000
  0.221339E+000  0.280583E+000
  0.224132E+000  0.284730E+000
  0.226894E+000  0.288898E+000
  0.229618E+000  0.293091E+000
  0.232301E+000  0.297310E+000
  0.234938E+000  0.301558E+000
  0.237521E+000  0.305839E+000
  0.240044E+000  0.310156E+000
  0.242500E+000  0.314511E+000
  0.244880E+000  0.318908E+000
  0.247176E+000  0.323350E+000
  0.249378E+000  0.327839E+000
  0.251479E+000  0.332377E+000
  0.253470E+000  0.336963E+000
  0.255348E+000  0.341597E+000
  0.257107E+000  0.346277E+000
  0.258747E+000  0.351000E+000
  0.260271E+000  0.355763E+000
  0.261681E+000  0.360560E+000
  0.262985E+000  0.365387E+000
  0.264191E+000  0.370239E+000
  0.265308E+000  0.375113E+000
  0.266346E+000  0.380004E+000
  0.267314E+000  0.384909E+000
  0.268221E+000  0.389826E+000
  0.269075E+000  0.394753E+000
  0.269885E+000  0.399687E+000
  0.270658E+000  0.404627E+000
  0.271399E+000  0.409571E+000
  0.272115E+000  0.414520E+000
  0.272810E+000  0.419471E+000
  0.273488E+000  0.424425E+000
  0.274154E+000  0.429381E+000
  0.274810E+000  0.434337E+000
  0.275460E+000  0.439295E+000
  0.276106E+000  0.444253E+000
  0.276750E+000  0.449211E+000
  0.277395E+000  0.454170E+000
  0.278041E+000  0.459128E+000
  0.278692E+000  0.464085E+000
  0.279347E+000  0.469042E+000
  0.280008E+000  0.473998E+000
  0.280677E+000  0.478953E+000
  0.281354E+000  0.483907E+000
  0.282040E+000  0.488860E+000
  0.282735E+000  0.493811E+000
  0.283442E+000  0.498761E+000
  0.284159E+000  0.503709E+000
  0.284888E+000  0.508656E+000
  0.285628E+000  0.513601E+000
  0.286382E+000  0.518544E+000
  0.287148E+000  0.523485E+000
  0.287927E+000  0.528424E+000
  0.288719E+000  0.533361E+000
  0.289525E+000  0.538295E+000
  0.290345E+000  0.543227E+000
  0.291179E+000  0.548157E+000
  0.292028E+000  0.553085E+000
  0.292890E+000  0.558010E+000
  0.293767E+000  0.562932E+000
  0.294659E+000  0.567852E+000
  0.295565E+000  0.572769E+000
  0.296486E+000  0.577684E+000
  0.297421E+000  0.582596E+000
  0.298372E+000  0.587505E+000
  0.299337E+000  0.592411E+000
  0.300316E+000  0.597314E+000
  0.301310E+000  0.602214E+000
  0.302319E+000  0.607111E+000
  0.303343E+000  0.612005E+000
  0.304381E+000  0.616896E+000
  0.305434E+000  0.621784E+000
  0.306501E+000  0.626669E+000
  0.307582E+000  0.631550E+000
  0.308678E+000  0.636429E+000
  0.309788E+000  0.641304E+000
  0.310912E+000  0.646176E+000
  0.312050E+000  0.651045E+000
  0.313202E+000  0.655910E+000
  0.314368E+000  0.660773E+000
  0.315547E+000  0.665631E+000
  0.316740E+000  0.670487E+000
  0.317947E+000  0.675339E+000
  0.319167E+000  0.680188E+000
  0.320400E+000  0.685034E+000
  0.321646E+000  0.689876E+000
  0.322905E+000  0.694715E+000
  0.324177E+000  0.699550E+000
  0.325461E+000  0.704383E+000
  0.326758E+000  0.709212E+000
  0.328068E+000  0.714037E+000
  0.329389E+000  0.718859E+000
  0.330723E+000  0.723678E+000
  0.332069E+000  0.728493E+000
  0.333426E+000  0.733306E+000
  0.334796E+000  0.738115E+000
  0.336176E+000  0.742920E+000
  0.337569E+000  0.747722E+000
  0.338972E+000  0.752521E+000
  0.340387E+000  0.757317E+000
  0.341812E+000  0.762109E+000
  0.343249E+000  0.766899E+000
  0.344696E+000  0.771685E+000
  0.346153E+000  0.776468E+000
  0.347621E+000  0.781247E+000
  0.349100E+000  0.786024E+000
  0.350588E+000  0.790797E+000
  0.352086E+000  0.795567E+000
  0.353594E+000  0.800334E+000
  0.355112E+000  0.805098E+000
  0.356640E+000  0.809859E+000
  0.358177E+000  0.814617E+000
  0.359723E+000  0.819372E+000
  0.361278E+000  0.824124E+000
  0.362842E+000  0.828873E+000
  0.364415E+000  0.833619E+000
  0.365997E+000  0.838363E+000
  0.367588E+000  0.843103E+000
  0.369187E+000  0.847840E+000
  0.370794E+000  0.852575E+000
  0.372410E+000  0.857307E+000
  0.374034E+000  0.862036E+000
  0.375665E+000  0.866762E+000
  0.377305E+000  0.871485E+000
  0.378952E+000  0.876206E+000
  0.380607E+000  0.880924E+000
  0.382270E+000  0.885640E+000
  0.383940E+000  0.890353E+000
  0.385617E+000  0.895063E+000
  0.387301E+000  0.899771E+000
  0.388993E+000  0.904476E+000
  0.390691E+000  0.909179E+000
  0.392396E+000  0.913879E+000
  0.394108E+000  0.918577E+000
  0.395827E+000  0.923272E+000
  0.397552E+000  0.927965E+000
  0.399284E+000  0.932656E+000
  0.401021E+000  0.937344E+000
  0.402765E+000  0.942030E+000
  0.404516E+000  0.946714E+000
  0.406272E+000  0.951395E+000
  0.408034E+000  0.956074E+000
  0.409802E+000  0.960751E+000
  0.411575E+000  0.965426E+000
  0.413355E+000  0.970099E+000
  0.415140E+000  0.974769E+000
  0.416930E+000  0.979438E+000
  0.418726E+000  0.984104E+000
  0.420527E+000  0.988769E+000
  0.422333E+000  0.993431E+000
  0.424144E+000  0.998091E+000
  0.425961E+000  0.100275E+001
  0.427782E+000  0.100741E+001
  0.429608E+000  0.101206E+001
  0.431439E+000  0.101671E+001
  0.433275E+000  0.102136E+001
  0.435115E+000  0.102601E+001
  0.436960E+000  0.103066E+001
  0.438810E+000  0.103531E+001
  0.440663E+000  0.103995E+001
  0.442522E+000  0.104459E+001
  0.444384E+000  0.104923E+001
  0.446251E+000  0.105387E+001
  0.448122E+000  0.105851E+001
  0.449997E+000  0.106314E+001
  0.451876E+000  0.106778E+001
  0.453758E+000  0.107241E+001
  0.455645E+000  0.107704E+001
  0.457536E+000  0.108167E+001
  0.459430E+000  0.108629E+001
  0.461328E+000  0.109092E+001
  0.463230E+000  0.109554E+001
  0.465135E+000  0.110017E+001
  0.467044E+000  0.110479E+001
  0.468956E+000  0.110941E+001
  0.470872E+000  0.111403E+001
  0.472791E+000  0.111864E+001
  0.474713E+000  0.112326E+001
  0.476639E+000  0.112787E+001
  0.478568E+000  0.113249E+001
  0.480500E+000  0.113710E+001
  0.482435E+000  0.114171E+001
  0.484373E+000  0.114632E+001
  0.486314E+000  0.115093E+001
  0.488258E+000  0.115553E+001
  0.490205E+000  0.116014E+001
  0.492154E+000  0.116474E+001
  0.494107E+000  0.116934E+001
  0.496062E+000  0.117395E+001
  0.498021E+000  0.117855E+001
  0.499981E+000  0.118315E+001
  0.501945E+000  0.118774E+001
  0.503911E+000  0.119234E+001
  0.505879E+000  0.119694E+001
  0.507850E+000  0.120153E+001
  0.509824E+000  0.120613E+001
  0.511800E+000  0.121072E+001
  0.513778E+000  0.121531E+001
  0.515759E+000  0.121990E+001
  0.517742E+000  0.122449E+001
  0.519727E+000  0.122908E+001
  0.521715E+000  0.123367E+001
  0.523705E+000  0.123826E+001
  0.525697E+000  0.124284E+001
  0.527691E+000  0.124743E+001
  0.529687E+000  0.125201E+001
  0.531685E+000  0.125660E+001
  0.533686E+000  0.126118E+001
  0.535688E+000  0.126576E+001
  0.537693E+000  0.127034E+001
  0.539699E+000  0.127492E+001
  0.541707E+000  0.127950E+001
  0.543717E+000  0.128408E+001
  0.545730E+000  0.128865E+001
  0.547743E+000  0.129323E+001
  0.549759E+000  0.129781E+001
  0.551777E+000  0.130238E+001
  0.553796E+000  0.130696E+001
  0.555817E+000  0.131153E+001
  0.557839E+000  0.131610E+001
  0.559864E+000  0.132067E+001
  0.561890E+000  0.132524E+001
  0.563918E+000  0.132982E+001
  0.565947E+000  0.133438E+001
  0.567978E+000  0.133895E+001
  0.570010E+000  0.134352E+001
  0.572044E+000  0.134809E+001
  0.574079E+000  0.135266E+001
  0.576116E+000  0.135722E+001
  0.578155E+000  0.136179E+001
  0.580195E+000  0.136635E+001
  0.582236E+000  0.137092E+001
  0.584279E+000  0.137548E+001
  0.586323E+000  0.138004E+001
  0.588368E+000  0.138461E+001
  0.590415E+000  0.138917E+001
  0.592463E+000  0.139373E+001
  0.594512E+000  0.139829E+001
  0.596563E+000  0.140285E+001
  0.598615E+000  0.140741E+001
  0.600668E+000  0.141197E+001
  0.602723E+000  0.141653E+001
  0.604779E+000  0.142109E+001
  0.606835E+000  0.142564E+001
  0.608894E+000  0.143020E+001
  0.610953E+000  0.143476E+001
  0.613013E+000  0.143931E+001
  0.615075E+000  0.144387E+001
  0.617137E+000  0.144842E+001
  0.619201E+000  0.145298E+001
  0.621266E+000  0.145753E+001
  0.623332E+000  0.146208E+001
  0.625399E+000  0.146664E+001
  0.627467E+000  0.147119E+001
  0.629536E+000  0.147574E+001
  0.631606E+000  0.148029E+001
  0.633678E+000  0.148484E+001
  0.635750E+000  0.148939E+001
  0.637823E+000  0.149394E+001
  0.639897E+000  0.149849E+001
  0.641972E+000  0.150304E+001
  0.644048E+000  0.150759E+001
  0.646125E+000  0.151214E+001
  0.648203E+000  0.151669E+001
  0.650281E+000  0.152123E+001
  0.652361E+000  0.152578E+001
  0.654442E+000  0.153033E+001
  0.656523E+000  0.153487E+001
  0.658605E+000  0.153942E+001
  0.660689E+000  0.154396E+001
  0.662773E+000  0.154851E+001
  0.664857E+000  0.155305E+001
  0.666943E+000  0.155760E+001
  0.669030E+000  0.156214E+001
  0.671117E+000  0.156668E+001
  0.673205E+000  0.157123E+001
  0.675294E+000  0.157577E+001
  0.677384E+000  0.158031E+001
  0.679474E+000  0.158486E+001
  0.681565E+000  0.158940E+001
  0.683657E+000  0.159394E+001
  0.685750E+000  0.159848E+001
  0.687844E+000  0.160302E+001
  0.689938E+000  0.160756E+001
  0.692033E+000  0.161210E+001
  0.694128E+000  0.161664E+001
  0.696225E+000  0.162118E+001
  0.698322E+000  0.162572E+001
  0.700420E+000  0.163026E+001
  0.702518E+000  0.163479E+001
  0.704617E+000  0.163933E+001
  0.706717E+000  0.164387E+001
  0.708818E+000  0.164841E+001
  0.710919E+000  0.165295E+001
  0.713021E+000  0.165748E+001
  0.715123E+000  0.166202E+001
  0.717226E+000  0.166655E+001
  0.719330E+000  0.167109E+001
  0.721434E+000  0.167563E+001
  0.723539E+000  0.168016E+001
  0.725645E+000  0.168470E+001
  0.727751E+000  0.168923E+001
  0.729858E+000  0.169377E+001
  0.731966E+000  0.169830E+001
  0.734074E+000  0.170283E+001
  0.736183E+000  0.170737E+001
  0.738292E+000  0.171190E+001
  0.740402E+000  0.171643E+001
  0.742512E+000  0.172097E+001
  0.744623E+000  0.172550E+001
  0.746735E+000  0.173003E+001
  0.748847E+000  0.173456E+001
  0.750960E+000  0.173909E+001
  0.753074E+000  0.174363E+001
  0.755187E+000  0.174816E+001
  0.757302E+000  0.175269E+001
  0.759417E+000  0.175722E+001
  0.761533E+000  0.176175E+001
  0.763649E+000  0.176628E+001
  0.765766E+000  0.177081E+001
  0.767883E+000  0.177534E+001
  0.770001E+000  0.177987E+001
  0.772119E+000  0.178440E+001
  0.774238E+000  0.178893E+001
  0.776357E+000  0.179345E+001
  0.778477E+000  0.179798E+001
  0.780598E+000  0.180251E+001
  0.782719E+000  0.180704E+001
  0.784840E+000  0.181157E+001
  0.786962E+000  0.181609E+001
  0.789085E+000  0.182062E+001
  0.791208E+000  0.182515E+001
  0.793332E+000  0.182967E+001
  0.795456E+000  0.183420E+001
  0.797580E+000  0.183873E+001
  0.799705E+000  0.184325E+001
  0.801831E+000  0.184778E+001
  0.803957E+000  0.185230E+001
  0.806084E+000  0.185683E+001
  0.808211E+000  0.186135E+001
  0.810339E+000  0.186588E+001
  0.812467E+000  0.187040E+001
  0.814595E+000  0.187493E+001
  0.816725E+000  0.187945E+001
  0.818854E+000  0.188397E+001
  0.820984E+000  0.188850E+001
  0.823115E+000  0.189302E+001
  0.825246E+000  0.189754E+001
  0.827377E+000  0.190207E+001
  0.829509E+000  0.190659E+001
  0.831642E+000  0.191111E+001
  0.833775E+000  0.191564E+001
  0.835909E+000  0.192016E+001
  0.838042E+000  0.192468E+001
  0.840177E+000  0.192920E+001
  0.842312E+000  0.193372E+001
  0.844447E+000  0.193824E+001
  0.846583E+000  0.194276E+001
  0.848719E+000  0.194728E+001
  0.850856E+000  0.195180E+001
  0.852994E+000  0.195632E+001
  0.855131E+000  0.196084E+001
  0.857270E+000  0.196536E+001
  0.859408E+000  0.196988E+001
  0.861547E+000  0.197440E+001
  0.863687E+000  0.197892E+001
  0.865827E+000  0.198344E+001
  0.867968E+000  0.198796E+001
  0.870109E+000  0.199248E+001
  0.872250E+000  0.199700E+001
  0.874392E+000  0.200151E+001
  0.876534E+000  0.200603E+001
  0.878677E+000  0.201055E+001
  0.880821E+000  0.201507E+001
  0.882964E+000  0.201958E+001
  0.885108E+000  0.202410E+001
  0.887253E+000  0.202862E+001
  0.889398E+000  0.203313E+001
  0.891544E+000  0.203765E+001
  0.893690E+000  0.204217E+001
  0.895836E+000  0.204668E+001
  0.897983E+000  0.205120E+001
  0.900130E+000  0.205571E+001
  0.902278E+000  0.206023E+001
  0.904426E+000  0.206474E+001
  0.906575E+000  0.206926E+001
  0.908724E+000  0.207377E+001
  0.910874E+000  0.207829E+001
  0.913024E+000  0.208280E+001
  0.915174E+000  0.208732E+001
  0.917325E+000  0.209183E+001
  0.919476E+000  0.209634E+001
  0.921628E+000  0.210086E+001
  0.923780E+000  0.210537E+001
  0.925933E+000  0.210988E+001
  0.928086E+000  0.211439E+001
  0.930239E+000  0.211891E+001
  0.932393E+000  0.212342E+001
  0.934547E+000  0.212793E+001
  0.936702E+000  0.213244E+001
  0.938857E+000  0.213696E+001
  0.941012E+000  0.214147E+001
  0.943168E+000  0.214598E+001
  0.945324E+000  0.215049E+001
  0.947481E+000  0.215500E+001
  0.949638E+000  0.215951E+001
  0.951796E+000  0.216402E+001
  0.953954E+000  0.216853E+001
  0.956112E+000  0.217304E+001
  0.958270E+000  0.217755E+001
  0.960430E+000  0.218206E+001
  0.962589E+000  0.218657E+001
  0.964749E+000  0.219108E+001
  0.966909E+000  0.219559E+001
  0.969070E+000  0.220010E+001
  0.971231E+000  0.220461E+001
  0.973392E+000  0.220912E+001
  0.975554E+000  0.221363E+001
  0.977716E+000  0.221813E+001
  0.979878E+000  0.222264E+001
  0.982041E+000  0.222715E+001
  0.984204E+000  0.223166E+001
  0.986368E+000  0.223617E+001
  0.988532E+000  0.224067E+001
  0.990696E+000  0.224518E+001
  0.992860E+000  0.224969E+001
  0.995025E+000  0.225419E+001
  0.997191E+000  0.225870E+001
  0.999356E+000  0.226321E+001
  0.100152E+001  0.226771E+001
  0.100369E+001  0.227222E+001
  0.100585E+001  0.227673E+001
  0.100802E+001  0.228123E+001
  0.101019E+001  0.228574E+001
  0.101236E+001  0.229025E+001
  0.101452E+001  0.229475E+001
  0.101669E+001  0.229926E+001
  0.101886E+001  0.230376E+001
  0.102103E+001  0.230827E+001
  0.102320E+001  0.231277E+001
  0.102537E+001  0.231728E+001
  0.102754E+001  0.232178E+001
  0.102971E+001  0.232629E+001
  0.103188E+001  0.233079E+001
  0.103405E+001  0.233530E+001
  0.103622E+001  0.233980E+001
  0.103839E+001  0.234430E+001
  0.104056E+001  0.234881E+001
  0.104273E+001  0.235331E+001
  0.104490E+001  0.235782E+001
  0.104708E+001  0.236232E+001
  0.104925E+001  0.236682E+001
  0.105142E+001  0.237133E+001
  0.105359E+001  0.237583E+001
  0.105577E+001  0.238033E+001
  0.105794E+001  0.238484E+001
  0.106011E+001  0.238934E+001
  0.106228E+001  0.239384E+001
  0.106446E+001  0.239834E+001
  0.106663E+001  0.240285E+001
  0.106881E+001  0.240735E+001
  0.107098E+001  0.241185E+001
  0.107316E+001  0.241635E+001
  0.107533E+001  0.242086E+001
  0.107750E+001  0.242536E+001
  0.107968E+001  0.242986E+001
  0.108185E+001  0.243436E+001
  0.108403E+001  0.243887E+001
  0.108620E+001  0.244337E+001
  0.108838E+001  0.244787E+001
  0.109056E+001  0.245237E+001
  0.109273E+001  0.245687E+001
  0.109491E+001  0.246137E+001
  0.109708E+001  0.246588E+001
  0.109926E+001  0.247038E+001
  0.110144E+001  0.247488E+001
  0.110361E+001  0.247938E+001
  0.110579E+001  0.248388E+001
  0.110797E+001  0.248838E+001
  0.111014E+001  0.249289E+001
  0.111232E+001  0.249739E+001
  0.111450E+001  0.250189E+001
  0.111667E+001  0.250639E+001
  0.111885E+001  0.251089E+001
  0.112103E+001  0.251539E+001
  0.112320E+001  0.251989E+001
  0.112538E+001  0.252439E+001
  0.112756E+001  0.252889E+001
  0.112973E+001  0.253340E+001
  0.113191E+001  0.253790E+001
  0.113409E+001  0.254240E+001
  0.113627E+001  0.254690E+001
  0.113844E+001  0.255140E+001
  0.114062E+001  0.255590E+001
  0.114280E+001  0.256040E+001
  0.114498E+001  0.256490E+001
  0.114715E+001  0.256940E+001
  0.114933E+001  0.257391E+001
  0.115151E+001  0.257841E+001
  0.115368E+001  0.258291E+001
  0.115586E+001  0.258741E+001
  0.115804E+001  0.259191E+001
  0.116021E+001  0.259641E+001
  0.116239E+001  0.260091E+001
  0.116457E+001  0.260541E+001
  0.116674E+001  0.260992E+001
  0.116892E+001  0.261442E+001
  0.117110E+001  0.261892E+001
  0.117327E+001  0.262342E+001
  0.117545E+001  0.262792E+001
  0.117763E+001  0.263242E+001
  0.117980E+001  0.263692E+001
  0.118198E+001  0.264143E+001
  0.118415E+001  0.264593E+001
  0.118633E+001  0.265043E+001
  0.118851E+001  0.265493E+001
  0.119068E+001  0.265943E+001
  0.119286E+001  0.266394E+001
  0.119503E+001  0.266844E+001
  0.119721E+001  0.267294E+001
  0.119938E+001  0.267744E+001
  0.120156E+001  0.268194E+001
  0.120373E+001  0.268645E+001
  0.120590E+001  0.269095E+001
  0.120808E+001  0.269545E+001
  0.121025E+001  0.269996E+001
  0.121242E+001  0.270446E+001
  0.121460E+001  0.270896E+001
  0.121677E+001  0.271346E+001
  0.121894E+001  0.271797E+001
  0.122112E+001  0.272247E+001
  0.122329E+001  0.272697E+001
  0.122546E+001  0.273148E+001
  0.122763E+001  0.273598E+001
  0.122980E+001  0.274049E+001
  0.123197E+001  0.274499E+001
  0.123414E+001  0.274949E+001
  0.123631E+001  0.275400E+001
  0.123848E+001  0.275850E+001
  0.124065E+001  0.276301E+001
  0.124282E+001  0.276751E+001
  0.124499E+001  0.277202E+001
  0.124716E+001  0.277652E+001
  0.124933E+001  0.278103E+001
  0.125150E+001  0.278553E+001
  0.125366E+001  0.279004E+001
  0.125583E+001  0.279455E+001
  0.125800E+001  0.279905E+001
  0.126016E+001  0.280356E+001
  0.126233E+001  0.280807E+001
  0.126450E+001  0.281257E+001
  0.126666E+001  0.281708E+001
  0.126882E+001  0.282159E+001
  0.127099E+001  0.282609E+001
  0.127315E+001  0.283060E+001
  0.127531E+001  0.283511E+001
  0.127748E+001  0.283962E+001
  0.127964E+001  0.284413E+001
  0.128180E+001  0.284864E+001
  0.128396E+001  0.285314E+001
  0.128612E+001  0.285765E+001
  0.128828E+001  0.286216E+001
  0.129044E+001  0.286667E+001
  0.129260E+001  0.287118E+001
  0.129476E+001  0.287569E+001
  0.129691E+001  0.288020E+001
  0.129907E+001  0.288471E+001
  0.130123E+001  0.288923E+001
  0.130338E+001  0.289374E+001
  0.130554E+001  0.289825E+001
  0.130769E+001  0.290276E+001
  0.130985E+001  0.290727E+001
  0.131200E+001  0.291179E+001
  0.131415E+001  0.291630E+001
  0.131630E+001  0.292081E+001
  0.131845E+001  0.292533E+001
  0.132060E+001  0.292984E+001
  0.132275E+001  0.293436E+001
  0.132490E+001  0.293887E+001
  0.132705E+001  0.294338E+001
  0.132920E+001  0.294790E+001
  0.133134E+001  0.295242E+001
  0.133349E+001  0.295693E+001
  0.133563E+001  0.296145E+001
  0.133778E+001  0.296597E+001
  0.133992E+001  0.297048E+001
  0.134206E+001  0.297500E+001
  0.134420E+001  0.297952E+001
  0.134634E+001  0.298404E+001
  0.134848E+001  0.298856E+001
  0.135062E+001  0.299308E+001
  0.135276E+001  0.299760E+001
  0.135490E+001  0.300212E+001
  0.135703E+001  0.300664E+001
  0.135917E+001  0.301116E+001
  0.136130E+001  0.301568E+001
  0.136343E+001  0.302020E+001
  0.136557E+001  0.302473E+001
  0.136770E+001  0.302925E+001
  0.136983E+001  0.303377E+001
  0.137196E+001  0.303830E+001
  0.137408E+001  0.304282E+001
  0.137621E+001  0.304735E+001
  0.137834E+001  0.305187E+001
  0.138046E+001  0.305640E+001
  0.138259E+001  0.306093E+001
  0.138471E+001  0.306545E+001
  0.138683E+001  0.306998E+001
  0.138895E+001  0.307451E+001
  0.139107E+001  0.307904E+001
  0.139319E+001  0.308357E+001
  0.139530E+001  0.308810E+001
  0.139742E+001  0.309263E+001
  0.139953E+001  0.309716E+001
  0.140165E+001  0.310169E+001
  0.140376E+001  0.310622E+001
  0.140587E+001  0.311075E+001
  0.140798E+001  0.311529E+001
  0.141009E+001  0.311982E+001
  0.141220E+001  0.312435E+001
  0.141430E+001  0.312889E+001
  0.141641E+001  0.313342E+001
  0.141851E+001  0.313796E+001
  0.142061E+001  0.314250E+001
  0.142271E+001  0.314703E+001
  0.142481E+001  0.315157E+001
  0.142691E+001  0.315611E+001
  0.142901E+001  0.316065E+001
  0.143110E+001  0.316519E+001
  0.143320E+001  0.316973E+001
  0.143529E+001  0.317427E+001
  0.143738E+001  0.317881E+001
  0.143947E+001  0.318335E+001
  0.144156E+001  0.318790E+001
  0.144365E+001  0.319244E+001
  0.144574E+001  0.319698E+001
  0.144782E+001  0.320153E+001
  0.144991E+001  0.320607E+001
  0.145199E+001  0.321062E+001
  0.145407E+001  0.321516E+001
  0.145615E+001  0.321971E+001
  0.145823E+001  0.322426E+001
  0.146031E+001  0.322881E+001
  0.146238E+001  0.323336E+001
  0.146446E+001  0.323791E+001
  0.146653E+001  0.324246E+001
  0.146860E+001  0.324701E+001
  0.147067E+001  0.325156E+001
  0.147274E+001  0.325611E+001
  0.147481E+001  0.326066E+001
  0.147687E+001  0.326521E+001
  0.147894E+001  0.326977E+001
  0.148100E+001  0.327432E+001
  0.148307E+001  0.327888E+001
  0.148513E+001  0.328343E+001
  0.148719E+001  0.328799E+001
  0.148925E+001  0.329254E+001
  0.149130E+001  0.329710E+001
  0.149336E+001  0.330166E+001
  0.149541E+001  0.330622E+001
  0.149747E+001  0.331078E+001
  0.149952E+001  0.331534E+001
  0.150157E+001  0.331990E+001
  0.150362E+001  0.332446E+001
  0.150567E+001  0.332902E+001
  0.150772E+001  0.333358E+001
  0.150976E+001  0.333814E+001
  0.151181E+001  0.334270E+001
  0.151385E+001  0.334727E+001
  0.151590E+001  0.335183E+001
  0.151794E+001  0.335639E+001
  0.151998E+001  0.336096E+001
  0.152202E+001  0.336552E+001
  0.152405E+001  0.337009E+001
  0.152609E+001  0.337466E+001
  0.152813E+001  0.337922E+001
  0.153016E+001  0.338379E+001
  0.153220E+001  0.338836E+001
  0.153423E+001  0.339293E+001
  0.153626E+001  0.339749E+001
  0.153829E+001  0.340206E+001
  0.154032E+001  0.340663E+001
  0.154235E+001  0.341120E+001
  0.154438E+001  0.341577E+001
  0.154641E+001  0.342034E+001
  0.154843E+001  0.342491E+001
  0.155046E+001  0.342949E+001
  0.155248E+001  0.343406E+001
  0.155450E+001  0.343863E+001
  0.155653E+001  0.344320E+001
  0.155855E+001  0.344778E+001
  0.156057E+001  0.345235E+001
  0.156259E+001  0.345692E+001
  0.156461E+001  0.346150E+001
  0.156663E+001  0.346607E+001
  0.156864E+001  0.347065E+001
  0.157066E+001  0.347522E+001
  0.157267E+001  0.347980E+001
  0.157469E+001  0.348438E+001
  0.157670E+001  0.348895E+001
  0.157872E+001  0.349353E+001
  0.158073E+001  0.349811E+001
  0.158274E+001  0.350268E+001
  0.158475E+001  0.350726E+001
  0.158676E+001  0.351184E+001
  0.158877E+001  0.351642E+001
  0.159078E+001  0.352099E+001
  0.159279E+001  0.352557E+001
  0.159480E+001  0.353015E+001
  0.159681E+001  0.353473E+001
  0.159881E+001  0.353931E+001
  0.160082E+001  0.354389E+001
