  0.129435E+000  0.397609E-001
  0.130571E+000  0.446300E-001
  0.131819E+000  0.494718E-001
  0.133173E+000  0.542852E-001
  0.134625E+000  0.590694E-001
  0.136172E+000  0.638241E-001
  0.137807E+000  0.685492E-001
  0.139526E+000  0.732447E-001
  0.141322E+000  0.779110E-001
  0.143191E+000  0.825485E-001
  0.145128E+000  0.871578E-001
  0.147130E+000  0.917396E-001
  0.149192E+000  0.962947E-001
  0.151310E+000  0.100824E+000
  0.153481E+000  0.105328E+000
  0.155701E+000  0.109808E+000
  0.157968E+000  0.114265E+000
  0.160279E+000  0.118699E+000
  0.162630E+000  0.123111E+000
  0.165020E+000  0.127503E+000
  0.167446E+000  0.131875E+000
  0.169907E+000  0.136228E+000
  0.172399E+000  0.140562E+000
  0.174921E+000  0.144879E+000
  0.177472E+000  0.149180E+000
  0.180050E+000  0.153464E+000
  0.182653E+000  0.157733E+000
  0.185280E+000  0.161987E+000
  0.187930E+000  0.166227E+000
  0.190601E+000  0.170454E+000
  0.193292E+000  0.174668E+000
  0.196002E+000  0.178870E+000
  0.198729E+000  0.183061E+000
  0.201474E+000  0.187240E+000
  0.204234E+000  0.191409E+000
  0.207009E+000  0.195569E+000
  0.209798E+000  0.199719E+000
  0.212599E+000  0.203860E+000
  0.215412E+000  0.207994E+000
  0.218237E+000  0.212120E+000
  0.221071E+000  0.216239E+000
  0.223914E+000  0.220352E+000
  0.226765E+000  0.224460E+000
  0.229622E+000  0.228562E+000
  0.232485E+000  0.232662E+000
  0.235352E+000  0.236758E+000
  0.238222E+000  0.240852E+000
  0.241093E+000  0.244946E+000
  0.243964E+000  0.249040E+000
  0.246831E+000  0.253136E+000
  0.249692E+000  0.257237E+000
  0.252544E+000  0.261343E+000
  0.255384E+000  0.265459E+000
  0.258206E+000  0.269586E+000
  0.261005E+000  0.273729E+000
  0.263773E+000  0.277893E+000
  0.266502E+000  0.282083E+000
  0.269181E+000  0.286304E+000
  0.271798E+000  0.290565E+000
  0.274340E+000  0.294870E+000
  0.276794E+000  0.299227E+000
  0.279152E+000  0.303636E+000
  0.281410E+000  0.308097E+000
  0.283576E+000  0.312603E+000
  0.285669E+000  0.317144E+000
  0.287712E+000  0.321708E+000
  0.289734E+000  0.326281E+000
  0.291764E+000  0.330850E+000
  0.293822E+000  0.335407E+000
  0.295928E+000  0.339942E+000
  0.298093E+000  0.344449E+000
  0.300323E+000  0.348924E+000
  0.302620E+000  0.353365E+000
  0.304982E+000  0.357772E+000
  0.307407E+000  0.362144E+000
  0.309891E+000  0.366484E+000
  0.312428E+000  0.370793E+000
  0.315013E+000  0.375073E+000
  0.317641E+000  0.379326E+000
  0.320307E+000  0.383556E+000
  0.323006E+000  0.387765E+000
  0.325736E+000  0.391954E+000
  0.328492E+000  0.396126E+000
  0.331271E+000  0.400282E+000
  0.334071E+000  0.404424E+000
  0.336890E+000  0.408555E+000
  0.339724E+000  0.412674E+000
  0.342572E+000  0.416783E+000
  0.345433E+000  0.420884E+000
  0.348305E+000  0.424977E+000
  0.351187E+000  0.429062E+000
  0.354078E+000  0.433142E+000
  0.356977E+000  0.437216E+000
  0.359882E+000  0.441285E+000
  0.362794E+000  0.445350E+000
  0.365711E+000  0.449411E+000
  0.368633E+000  0.453468E+000
  0.371560E+000  0.457522E+000
  0.374490E+000  0.461573E+000
  0.377424E+000  0.465622E+000
  0.380361E+000  0.469669E+000
  0.383300E+000  0.473713E+000
  0.386242E+000  0.477757E+000
  0.389185E+000  0.481798E+000
  0.392131E+000  0.485839E+000
  0.395077E+000  0.489878E+000
  0.398025E+000  0.493917E+000
  0.400974E+000  0.497955E+000
  0.403924E+000  0.501992E+000
  0.406874E+000  0.506029E+000
  0.409824E+000  0.510065E+000
  0.412775E+000  0.514102E+000
  0.415726E+000  0.518138E+000
  0.418677E+000  0.522175E+000
  0.421627E+000  0.526211E+000
  0.424577E+000  0.530248E+000
  0.427527E+000  0.534285E+000
  0.430476E+000  0.538323E+000
  0.433424E+000  0.542361E+000
  0.436372E+000  0.546400E+000
  0.439318E+000  0.550440E+000
  0.442264E+000  0.554480E+000
  0.445208E+000  0.558522E+000
  0.448151E+000  0.562564E+000
  0.451092E+000  0.566607E+000
  0.454032E+000  0.570651E+000
  0.456971E+000  0.574697E+000
  0.459908E+000  0.578743E+000
  0.462843E+000  0.582791E+000
  0.465776E+000  0.586841E+000
  0.468707E+000  0.590891E+000
  0.471636E+000  0.594944E+000
  0.474563E+000  0.598997E+000
  0.477487E+000  0.603053E+000
  0.480410E+000  0.607110E+000
  0.483329E+000  0.611169E+000
  0.486247E+000  0.615230E+000
  0.489161E+000  0.619292E+000
  0.492073E+000  0.623357E+000
  0.494982E+000  0.627423E+000
  0.497889E+000  0.631492E+000
  0.500792E+000  0.635563E+000
  0.503692E+000  0.639636E+000
  0.506588E+000  0.643711E+000
  0.509482E+000  0.647789E+000
  0.512372E+000  0.651869E+000
  0.515258E+000  0.655952E+000
  0.518141E+000  0.660038E+000
  0.521020E+000  0.664126E+000
  0.523894E+000  0.668216E+000
  0.526765E+000  0.672310E+000
  0.529632E+000  0.676407E+000
  0.532495E+000  0.680506E+000
  0.535353E+000  0.684609E+000
  0.538206E+000  0.688715E+000
  0.541055E+000  0.692824E+000
  0.543899E+000  0.696936E+000
  0.546738E+000  0.701052E+000
  0.549572E+000  0.705171E+000
  0.552401E+000  0.709294E+000
  0.555225E+000  0.713420E+000
  0.558042E+000  0.717551E+000
  0.560855E+000  0.721685E+000
  0.563661E+000  0.725823E+000
  0.566461E+000  0.729965E+000
  0.569256E+000  0.734112E+000
  0.572043E+000  0.738262E+000
  0.574825E+000  0.742417E+000
  0.577599E+000  0.746577E+000
  0.580367E+000  0.750741E+000
  0.583128E+000  0.754910E+000
  0.585881E+000  0.759083E+000
  0.588627E+000  0.763262E+000
  0.591365E+000  0.767446E+000
  0.594095E+000  0.771634E+000
  0.596817E+000  0.775828E+000
  0.599531E+000  0.780028E+000
  0.602237E+000  0.784233E+000
  0.604933E+000  0.788443E+000
  0.607621E+000  0.792659E+000
  0.610299E+000  0.796882E+000
  0.612968E+000  0.801110E+000
  0.615627E+000  0.805344E+000
  0.618276E+000  0.809584E+000
  0.620915E+000  0.813831E+000
  0.623544E+000  0.818085E+000
  0.626161E+000  0.822345E+000
  0.628768E+000  0.826611E+000
  0.631363E+000  0.830885E+000
  0.633947E+000  0.835166E+000
  0.636519E+000  0.839453E+000
  0.639079E+000  0.843748E+000
  0.641627E+000  0.848051E+000
  0.644161E+000  0.852361E+000
  0.646683E+000  0.856678E+000
  0.649192E+000  0.861003E+000
  0.651686E+000  0.865336E+000
  0.654168E+000  0.869677E+000
  0.656634E+000  0.874027E+000
  0.659087E+000  0.878384E+000
  0.661525E+000  0.882749E+000
  0.663947E+000  0.887123E+000
  0.666354E+000  0.891506E+000
  0.668746E+000  0.895896E+000
  0.671122E+000  0.900296E+000
  0.673481E+000  0.904704E+000
  0.675825E+000  0.909121E+000
  0.678151E+000  0.913547E+000
  0.680460E+000  0.917982E+000
  0.682752E+000  0.922425E+000
  0.685027E+000  0.926878E+000
  0.687284E+000  0.931340E+000
  0.689523E+000  0.935810E+000
  0.691744E+000  0.940290E+000
  0.693946E+000  0.944779E+000
  0.696130E+000  0.949277E+000
  0.698295E+000  0.953784E+000
  0.700441E+000  0.958300E+000
  0.702568E+000  0.962825E+000
  0.704676E+000  0.967359E+000
  0.706765E+000  0.971902E+000
  0.708834E+000  0.976453E+000
  0.710884E+000  0.981014E+000
  0.712914E+000  0.985583E+000
  0.714924E+000  0.990161E+000
  0.716915E+000  0.994748E+000
  0.718887E+000  0.999342E+000
  0.720839E+000  0.100395E+001
  0.722771E+000  0.100856E+001
  0.724684E+000  0.101318E+001
  0.726577E+000  0.101780E+001
  0.728452E+000  0.102244E+001
  0.730307E+000  0.102708E+001
  0.732142E+000  0.103173E+001
  0.733960E+000  0.103639E+001
  0.735758E+000  0.104106E+001
  0.737538E+000  0.104573E+001
  0.739299E+000  0.105041E+001
  0.741043E+000  0.105510E+001
  0.742769E+000  0.105979E+001
  0.744477E+000  0.106449E+001
  0.746168E+000  0.106919E+001
  0.747842E+000  0.107390E+001
  0.749499E+000  0.107862E+001
  0.751140E+000  0.108334E+001
  0.752764E+000  0.108807E+001
  0.754373E+000  0.109281E+001
  0.755967E+000  0.109755E+001
  0.757546E+000  0.110229E+001
  0.759110E+000  0.110704E+001
  0.760659E+000  0.111179E+001
  0.762195E+000  0.111655E+001
  0.763717E+000  0.112131E+001
  0.765226E+000  0.112608E+001
  0.766721E+000  0.113085E+001
  0.768205E+000  0.113563E+001
  0.769676E+000  0.114041E+001
  0.771136E+000  0.114519E+001
  0.772584E+000  0.114997E+001
  0.774021E+000  0.115476E+001
  0.775448E+000  0.115956E+001
  0.776864E+000  0.116435E+001
  0.778271E+000  0.116915E+001
  0.779668E+000  0.117395E+001
  0.781056E+000  0.117875E+001
  0.782435E+000  0.118356E+001
  0.783805E+000  0.118837E+001
  0.785168E+000  0.119318E+001
  0.786522E+000  0.119799E+001
  0.787870E+000  0.120281E+001
  0.789210E+000  0.120762E+001
  0.790543E+000  0.121244E+001
  0.791870E+000  0.121726E+001
  0.793190E+000  0.122209E+001
  0.794505E+000  0.122691E+001
  0.795814E+000  0.123174E+001
  0.797118E+000  0.123656E+001
  0.798417E+000  0.124139E+001
  0.799711E+000  0.124622E+001
  0.801000E+000  0.125105E+001
  0.802286E+000  0.125588E+001
  0.803567E+000  0.126072E+001
  0.804844E+000  0.126555E+001
  0.806119E+000  0.127039E+001
  0.807389E+000  0.127522E+001
  0.808657E+000  0.128006E+001
  0.809922E+000  0.128489E+001
  0.811185E+000  0.128973E+001
  0.812445E+000  0.129457E+001
  0.813702E+000  0.129941E+001
  0.814958E+000  0.130425E+001
  0.816212E+000  0.130909E+001
  0.817465E+000  0.131393E+001
  0.818716E+000  0.131877E+001
  0.819965E+000  0.132361E+001
  0.821214E+000  0.132846E+001
  0.822462E+000  0.133330E+001
  0.823709E+000  0.133814E+001
  0.824955E+000  0.134298E+001
  0.826201E+000  0.134782E+001
  0.827446E+000  0.135267E+001
  0.828691E+000  0.135751E+001
  0.829936E+000  0.136235E+001
  0.831182E+000  0.136719E+001
  0.832427E+000  0.137204E+001
  0.833673E+000  0.137688E+001
  0.834919E+000  0.138172E+001
  0.836166E+000  0.138656E+001
  0.837413E+000  0.139140E+001
  0.838661E+000  0.139625E+001
  0.839910E+000  0.140109E+001
  0.841160E+000  0.140593E+001
  0.842411E+000  0.141077E+001
  0.843663E+000  0.141561E+001
  0.844916E+000  0.142045E+001
  0.846170E+000  0.142529E+001
  0.847426E+000  0.143013E+001
  0.848684E+000  0.143497E+001
  0.849943E+000  0.143981E+001
  0.851203E+000  0.144465E+001
  0.852465E+000  0.144949E+001
  0.853729E+000  0.145432E+001
  0.854995E+000  0.145916E+001
  0.856262E+000  0.146400E+001
  0.857532E+000  0.146883E+001
  0.858803E+000  0.147367E+001
  0.860076E+000  0.147850E+001
  0.861352E+000  0.148334E+001
  0.862630E+000  0.148817E+001
  0.863909E+000  0.149301E+001
  0.865191E+000  0.149784E+001
  0.866476E+000  0.150267E+001
  0.867762E+000  0.150750E+001
  0.869051E+000  0.151233E+001
  0.870343E+000  0.151716E+001
  0.871636E+000  0.152199E+001
  0.872933E+000  0.152682E+001
  0.874231E+000  0.153165E+001
  0.875532E+000  0.153648E+001
  0.876836E+000  0.154131E+001
  0.878143E+000  0.154613E+001
  0.879452E+000  0.155096E+001
  0.880763E+000  0.155578E+001
  0.882078E+000  0.156061E+001
  0.883394E+000  0.156543E+001
  0.884714E+000  0.157025E+001
  0.886037E+000  0.157508E+001
  0.887362E+000  0.157990E+001
  0.888690E+000  0.158472E+001
  0.890020E+000  0.158954E+001
  0.891354E+000  0.159436E+001
  0.892690E+000  0.159917E+001
  0.894029E+000  0.160399E+001
  0.895371E+000  0.160881E+001
  0.896716E+000  0.161362E+001
  0.898064E+000  0.161844E+001
  0.899414E+000  0.162325E+001
  0.900768E+000  0.162807E+001
  0.902124E+000  0.163288E+001
  0.903484E+000  0.163769E+001
  0.904846E+000  0.164250E+001
  0.906211E+000  0.164731E+001
  0.907579E+000  0.165212E+001
  0.908950E+000  0.165693E+001
  0.910324E+000  0.166174E+001
  0.911701E+000  0.166654E+001
  0.913081E+000  0.167135E+001
  0.914464E+000  0.167615E+001
  0.915850E+000  0.168096E+001
  0.917238E+000  0.168576E+001
  0.918630E+000  0.169056E+001
  0.920025E+000  0.169536E+001
  0.921422E+000  0.170017E+001
  0.922823E+000  0.170496E+001
  0.924226E+000  0.170976E+001
  0.925633E+000  0.171456E+001
  0.927042E+000  0.171936E+001
  0.928455E+000  0.172416E+001
  0.929870E+000  0.172895E+001
  0.931289E+000  0.173375E+001
  0.932710E+000  0.173854E+001
  0.934134E+000  0.174333E+001
  0.935562E+000  0.174812E+001
  0.936992E+000  0.175292E+001
  0.938425E+000  0.175771E+001
  0.939861E+000  0.176249E+001
  0.941300E+000  0.176728E+001
  0.942742E+000  0.177207E+001
  0.944187E+000  0.177686E+001
  0.945634E+000  0.178164E+001
  0.947085E+000  0.178643E+001
  0.948538E+000  0.179121E+001
  0.949995E+000  0.179600E+001
  0.951454E+000  0.180078E+001
  0.952916E+000  0.180556E+001
  0.954382E+000  0.181034E+001
  0.955850E+000  0.181512E+001
  0.957320E+000  0.181990E+001
  0.958794E+000  0.182468E+001
  0.960271E+000  0.182945E+001
  0.961750E+000  0.183423E+001
  0.963232E+000  0.183900E+001
  0.964717E+000  0.184378E+001
  0.966205E+000  0.184855E+001
  0.967696E+000  0.185332E+001
  0.969189E+000  0.185810E+001
  0.970685E+000  0.186287E+001
  0.972184E+000  0.186764E+001
  0.973686E+000  0.187241E+001
  0.975191E+000  0.187718E+001
  0.976698E+000  0.188194E+001
  0.978208E+000  0.188671E+001
  0.979721E+000  0.189147E+001
  0.981236E+000  0.189624E+001
  0.982755E+000  0.190100E+001
  0.984275E+000  0.190577E+001
  0.985799E+000  0.191053E+001
  0.987325E+000  0.191529E+001
  0.988854E+000  0.192005E+001
  0.990386E+000  0.192481E+001
  0.991920E+000  0.192957E+001
  0.993457E+000  0.193433E+001
  0.994997E+000  0.193908E+001
  0.996539E+000  0.194384E+001
  0.998084E+000  0.194860E+001
  0.999631E+000  0.195335E+001
  0.100118E+001  0.195810E+001
  0.100273E+001  0.196286E+001
  0.100429E+001  0.196761E+001
  0.100585E+001  0.197236E+001
  0.100741E+001  0.197711E+001
  0.100897E+001  0.198186E+001
  0.101054E+001  0.198661E+001
  0.101210E+001  0.199136E+001
  0.101367E+001  0.199610E+001
  0.101525E+001  0.200085E+001
  0.101682E+001  0.200559E+001
  0.101840E+001  0.201034E+001
  0.101998E+001  0.201508E+001
  0.102156E+001  0.201983E+001
  0.102315E+001  0.202457E+001
  0.102474E+001  0.202931E+001
  0.102633E+001  0.203405E+001
  0.102792E+001  0.203879E+001
  0.102951E+001  0.204353E+001
  0.103111E+001  0.204827E+001
  0.103271E+001  0.205300E+001
  0.103431E+001  0.205774E+001
  0.103592E+001  0.206247E+001
  0.103752E+001  0.206721E+001
  0.103913E+001  0.207194E+001
  0.104074E+001  0.207668E+001
  0.104236E+001  0.208141E+001
  0.104397E+001  0.208614E+001
  0.104559E+001  0.209087E+001
  0.104721E+001  0.209560E+001
  0.104884E+001  0.210033E+001
  0.105046E+001  0.210506E+001
  0.105209E+001  0.210979E+001
  0.105372E+001  0.211451E+001
  0.105535E+001  0.211924E+001
  0.105698E+001  0.212397E+001
  0.105862E+001  0.212869E+001
  0.106026E+001  0.213341E+001
  0.106190E+001  0.213814E+001
  0.106354E+001  0.214286E+001
  0.106519E+001  0.214758E+001
  0.106683E+001  0.215230E+001
  0.106848E+001  0.215702E+001
  0.107014E+001  0.216174E+001
  0.107179E+001  0.216646E+001
  0.107345E+001  0.217118E+001
  0.107510E+001  0.217590E+001
  0.107676E+001  0.218061E+001
  0.107843E+001  0.218533E+001
  0.108009E+001  0.219004E+001
  0.108176E+001  0.219476E+001
  0.108342E+001  0.219947E+001
  0.108510E+001  0.220418E+001
  0.108677E+001  0.220889E+001
  0.108844E+001  0.221361E+001
  0.109012E+001  0.221832E+001
  0.109180E+001  0.222303E+001
  0.109348E+001  0.222774E+001
  0.109516E+001  0.223244E+001
  0.109685E+001  0.223715E+001
  0.109853E+001  0.224186E+001
  0.110022E+001  0.224656E+001
  0.110191E+001  0.225127E+001
  0.110360E+001  0.225597E+001
  0.110530E+001  0.226068E+001
  0.110699E+001  0.226538E+001
  0.110869E+001  0.227008E+001
  0.111039E+001  0.227479E+001
  0.111210E+001  0.227949E+001
  0.111380E+001  0.228419E+001
  0.111551E+001  0.228889E+001
  0.111721E+001  0.229359E+001
  0.111892E+001  0.229829E+001
  0.112063E+001  0.230298E+001
  0.112235E+001  0.230768E+001
  0.112406E+001  0.231238E+001
  0.112578E+001  0.231707E+001
  0.112750E+001  0.232177E+001
  0.112922E+001  0.232646E+001
  0.113094E+001  0.233116E+001
  0.113267E+001  0.233585E+001
  0.113439E+001  0.234054E+001
  0.113612E+001  0.234524E+001
  0.113785E+001  0.234993E+001
  0.113958E+001  0.235462E+001
  0.114132E+001  0.235931E+001
  0.114305E+001  0.236400E+001
  0.114479E+001  0.236868E+001
  0.114653E+001  0.237337E+001
  0.114827E+001  0.237806E+001
  0.115001E+001  0.238275E+001
  0.115176E+001  0.238743E+001
  0.115350E+001  0.239212E+001
  0.115525E+001  0.239680E+001
  0.115700E+001  0.240149E+001
  0.115875E+001  0.240617E+001
  0.116050E+001  0.241085E+001
  0.116226E+001  0.241554E+001
  0.116401E+001  0.242022E+001
  0.116577E+001  0.242490E+001
  0.116753E+001  0.242958E+001
  0.116929E+001  0.243426E+001
  0.117105E+001  0.243894E+001
  0.117282E+001  0.244361E+001
  0.117458E+001  0.244829E+001
  0.117635E+001  0.245297E+001
  0.117812E+001  0.245765E+001
  0.117989E+001  0.246232E+001
  0.118166E+001  0.246700E+001
  0.118344E+001  0.247167E+001
  0.118521E+001  0.247635E+001
  0.118699E+001  0.248102E+001
  0.118877E+001  0.248569E+001
  0.119055E+001  0.249036E+001
  0.119233E+001  0.249504E+001
  0.119412E+001  0.249971E+001
  0.119590E+001  0.250438E+001
  0.119769E+001  0.250905E+001
  0.119948E+001  0.251372E+001
  0.120127E+001  0.251838E+001
  0.120306E+001  0.252305E+001
  0.120485E+001  0.252772E+001
  0.120665E+001  0.253239E+001
  0.120844E+001  0.253705E+001
  0.121024E+001  0.254172E+001
  0.121204E+001  0.254638E+001
  0.121384E+001  0.255105E+001
  0.121564E+001  0.255571E+001
  0.121745E+001  0.256037E+001
  0.121925E+001  0.256504E+001
  0.122106E+001  0.256970E+001
  0.122287E+001  0.257436E+001
  0.122468E+001  0.257902E+001
  0.122649E+001  0.258368E+001
  0.122831E+001  0.258834E+001
  0.123012E+001  0.259300E+001
  0.123194E+001  0.259766E+001
  0.123375E+001  0.260232E+001
  0.123557E+001  0.260697E+001
  0.123739E+001  0.261163E+001
  0.123922E+001  0.261629E+001
  0.124104E+001  0.262094E+001
  0.124287E+001  0.262560E+001
  0.124469E+001  0.263025E+001
  0.124652E+001  0.263491E+001
  0.124835E+001  0.263956E+001
  0.125018E+001  0.264421E+001
  0.125201E+001  0.264886E+001
  0.125385E+001  0.265351E+001
  0.125568E+001  0.265817E+001
  0.125752E+001  0.266282E+001
  0.125936E+001  0.266747E+001
  0.126120E+001  0.267211E+001
  0.126304E+001  0.267676E+001
  0.126488E+001  0.268141E+001
  0.126673E+001  0.268606E+001
  0.126857E+001  0.269071E+001
  0.127042E+001  0.269535E+001
  0.127227E+001  0.270000E+001
  0.127412E+001  0.270464E+001
  0.127597E+001  0.270929E+001
  0.127783E+001  0.271393E+001
  0.127968E+001  0.271857E+001
  0.128154E+001  0.272322E+001
  0.128339E+001  0.272786E+001
  0.128525E+001  0.273250E+001
  0.128711E+001  0.273714E+001
  0.128898E+001  0.274178E+001
  0.129084E+001  0.274642E+001
  0.129270E+001  0.275106E+001
  0.129457E+001  0.275570E+001
  0.129644E+001  0.276034E+001
  0.129831E+001  0.276497E+001
  0.130018E+001  0.276961E+001
  0.130205E+001  0.277425E+001
  0.130393E+001  0.277888E+001
  0.130580E+001  0.278352E+001
  0.130768E+001  0.278815E+001
  0.130956E+001  0.279279E+001
  0.131144E+001  0.279742E+001
  0.131332E+001  0.280205E+001
  0.131520E+001  0.280668E+001
  0.131708E+001  0.281131E+001
  0.131897E+001  0.281595E+001
  0.132086E+001  0.282058E+001
  0.132275E+001  0.282521E+001
  0.132464E+001  0.282983E+001
  0.132653E+001  0.283446E+001
  0.132842E+001  0.283909E+001
  0.133032E+001  0.284372E+001
  0.133221E+001  0.284834E+001
  0.133411E+001  0.285297E+001
  0.133601E+001  0.285759E+001
  0.133791E+001  0.286222E+001
  0.133981E+001  0.286684E+001
  0.134172E+001  0.287147E+001
  0.134362E+001  0.287609E+001
  0.134553E+001  0.288071E+001
  0.134744E+001  0.288533E+001
  0.134935E+001  0.288995E+001
  0.135126E+001  0.289457E+001
  0.135318E+001  0.289919E+001
  0.135509E+001  0.290381E+001
  0.135701E+001  0.290843E+001
  0.135893E+001  0.291305E+001
  0.136084E+001  0.291766E+001
  0.136277E+001  0.292228E+001
  0.136469E+001  0.292689E+001
  0.136661E+001  0.293151E+001
  0.136854E+001  0.293612E+001
  0.137047E+001  0.294074E+001
  0.137240E+001  0.294535E+001
  0.137433E+001  0.294996E+001
  0.137626E+001  0.295457E+001
  0.137820E+001  0.295918E+001
  0.138013E+001  0.296379E+001
  0.138207E+001  0.296840E+001
  0.138401E+001  0.297301E+001
  0.138595E+001  0.297762E+001
  0.138789E+001  0.298223E+001
  0.138984E+001  0.298683E+001
  0.139178E+001  0.299144E+001
  0.139373E+001  0.299604E+001
  0.139568E+001  0.300065E+001
  0.139763E+001  0.300525E+001
  0.139959E+001  0.300985E+001
  0.140154E+001  0.301446E+001
  0.140350E+001  0.301906E+001
  0.140546E+001  0.302366E+001
  0.140742E+001  0.302826E+001
  0.140938E+001  0.303286E+001
  0.141134E+001  0.303745E+001
  0.141331E+001  0.304205E+001
  0.141527E+001  0.304665E+001
  0.141724E+001  0.305124E+001
  0.141921E+001  0.305584E+001
  0.142119E+001  0.306043E+001
  0.142316E+001  0.306503E+001
  0.142514E+001  0.306962E+001
  0.142712E+001  0.307421E+001
  0.142910E+001  0.307880E+001
  0.143108E+001  0.308339E+001
  0.143306E+001  0.308798E+001
  0.143505E+001  0.309257E+001
  0.143703E+001  0.309716E+001
  0.143902E+001  0.310175E+001
  0.144101E+001  0.310633E+001
  0.144301E+001  0.311092E+001
  0.144500E+001  0.311551E+001
  0.144700E+001  0.312009E+001
  0.144900E+001  0.312467E+001
  0.145100E+001  0.312926E+001
  0.145300E+001  0.313384E+001
  0.145500E+001  0.313842E+001
  0.145701E+001  0.314300E+001
  0.145902E+001  0.314758E+001
  0.146103E+001  0.315215E+001
  0.146304E+001  0.315673E+001
  0.146505E+001  0.316131E+001
  0.146707E+001  0.316588E+001
  0.146908E+001  0.317046E+001
  0.147110E+001  0.317503E+001
  0.147313E+001  0.317961E+001
  0.147515E+001  0.318418E+001
  0.147717E+001  0.318875E+001
  0.147920E+001  0.319332E+001
  0.148123E+001  0.319789E+001
  0.148326E+001  0.320246E+001
  0.148529E+001  0.320703E+001
  0.148733E+001  0.321160E+001
  0.148936E+001  0.321616E+001
  0.149140E+001  0.322073E+001
  0.149344E+001  0.322529E+001
  0.149548E+001  0.322986E+001
  0.149752E+001  0.323442E+001
  0.149957E+001  0.323899E+001
  0.150162E+001  0.324355E+001
  0.150366E+001  0.324811E+001
  0.150572E+001  0.325267E+001
  0.150777E+001  0.325723E+001
  0.150982E+001  0.326179E+001
  0.151188E+001  0.326634E+001
  0.151394E+001  0.327090E+001
  0.151600E+001  0.327546E+001
  0.151806E+001  0.328001E+001
  0.152012E+001  0.328457E+001
  0.152218E+001  0.328912E+001
  0.152425E+001  0.329367E+001
  0.152632E+001  0.329823E+001
  0.152839E+001  0.330278E+001
  0.153046E+001  0.330733E+001
  0.153253E+001  0.331188E+001
  0.153461E+001  0.331643E+001
  0.153668E+001  0.332098E+001
  0.153876E+001  0.332552E+001
  0.154084E+001  0.333007E+001
  0.154292E+001  0.333462E+001
  0.154501E+001  0.333916E+001
  0.154709E+001  0.334371E+001
  0.154918E+001  0.334825E+001
  0.155126E+001  0.335279E+001
  0.155335E+001  0.335734E+001
  0.155544E+001  0.336188E+001
  0.155753E+001  0.336642E+001
  0.155963E+001  0.337096E+001
  0.156172E+001  0.337550E+001
  0.156382E+001  0.338004E+001
  0.156591E+001  0.338458E+001
  0.156801E+001  0.338912E+001
  0.157011E+001  0.339366E+001
  0.157222E+001  0.339819E+001
  0.157432E+001  0.340273E+001
  0.157642E+001  0.340726E+001
  0.157853E+001  0.341180E+001
  0.158063E+001  0.341633E+001
  0.158274E+001  0.342087E+001
  0.158485E+001  0.342540E+001
  0.158696E+001  0.342993E+001
  0.158907E+001  0.343447E+001
  0.159119E+001  0.343900E+001
  0.159330E+001  0.344353E+001
  0.159542E+001  0.344806E+001
  0.159753E+001  0.345259E+001
  0.159965E+001  0.345712E+001
  0.160177E+001  0.346165E+001
