  0.289406E+000  0.187187E-001
  0.289376E+000  0.237187E-001
  0.289338E+000  0.287185E-001
  0.289294E+000  0.337183E-001
  0.289243E+000  0.387180E-001
  0.289185E+000  0.437177E-001
  0.289121E+000  0.487173E-001
  0.289051E+000  0.537168E-001
  0.288976E+000  0.587163E-001
  0.288895E+000  0.637156E-001
  0.288809E+000  0.687149E-001
  0.288718E+000  0.737140E-001
  0.288623E+000  0.787131E-001
  0.288523E+000  0.837121E-001
  0.288421E+000  0.887111E-001
  0.288315E+000  0.937100E-001
  0.288207E+000  0.987088E-001
  0.288097E+000  0.103708E+000
  0.287985E+000  0.108706E+000
  0.287872E+000  0.113705E+000
  0.287759E+000  0.118704E+000
  0.287646E+000  0.123703E+000
  0.287534E+000  0.128701E+000
  0.287424E+000  0.133700E+000
  0.287317E+000  0.138699E+000
  0.287212E+000  0.143698E+000
  0.287111E+000  0.148697E+000
  0.287016E+000  0.153696E+000
  0.286926E+000  0.158695E+000
  0.286842E+000  0.163694E+000
  0.286767E+000  0.168694E+000
  0.286701E+000  0.173693E+000
  0.286644E+000  0.178693E+000
  0.286599E+000  0.183693E+000
  0.286567E+000  0.188693E+000
  0.286549E+000  0.193693E+000
  0.286548E+000  0.198693E+000
  0.286564E+000  0.203693E+000
  0.286601E+000  0.208693E+000
  0.286660E+000  0.213692E+000
  0.286745E+000  0.218691E+000
  0.286857E+000  0.223690E+000
  0.287002E+000  0.228688E+000
  0.287182E+000  0.233685E+000
  0.287403E+000  0.238680E+000
  0.287670E+000  0.243673E+000
  0.287989E+000  0.248663E+000
  0.288370E+000  0.253648E+000
  0.288820E+000  0.258628E+000
  0.289352E+000  0.263599E+000
  0.289980E+000  0.268560E+000
  0.290719E+000  0.273505E+000
  0.291588E+000  0.278429E+000
  0.292609E+000  0.283323E+000
  0.293804E+000  0.288179E+000
  0.295193E+000  0.292982E+000
  0.296792E+000  0.297719E+000
  0.298606E+000  0.302379E+000
  0.300626E+000  0.306952E+000
  0.302835E+000  0.311438E+000
  0.305208E+000  0.315839E+000
  0.307718E+000  0.320163E+000
  0.310338E+000  0.324422E+000
  0.313048E+000  0.328624E+000
  0.315829E+000  0.332779E+000
  0.318667E+000  0.336896E+000
  0.321551E+000  0.340980E+000
  0.324472E+000  0.345038E+000
  0.327424E+000  0.349073E+000
  0.330402E+000  0.353090E+000
  0.333401E+000  0.357091E+000
  0.336419E+000  0.361077E+000
  0.339452E+000  0.365052E+000
  0.342498E+000  0.369017E+000
  0.345557E+000  0.372973E+000
  0.348625E+000  0.376920E+000
  0.351703E+000  0.380861E+000
  0.354789E+000  0.384795E+000
  0.357882E+000  0.388723E+000
  0.360982E+000  0.392647E+000
  0.364087E+000  0.396565E+000
  0.367198E+000  0.400480E+000
  0.370314E+000  0.404390E+000
  0.373434E+000  0.408297E+000
  0.376558E+000  0.412201E+000
  0.379686E+000  0.416101E+000
  0.382818E+000  0.419999E+000
  0.385952E+000  0.423895E+000
  0.389090E+000  0.427788E+000
  0.392230E+000  0.431679E+000
  0.395373E+000  0.435568E+000
  0.398518E+000  0.439455E+000
  0.401665E+000  0.443340E+000
  0.404814E+000  0.447224E+000
  0.407965E+000  0.451106E+000
  0.411117E+000  0.454987E+000
  0.414271E+000  0.458867E+000
  0.417427E+000  0.462745E+000
  0.420584E+000  0.466623E+000
  0.423742E+000  0.470499E+000
  0.426901E+000  0.474374E+000
  0.430061E+000  0.478249E+000
  0.433222E+000  0.482123E+000
  0.436384E+000  0.485996E+000
  0.439547E+000  0.489869E+000
  0.442710E+000  0.493741E+000
  0.445874E+000  0.497613E+000
  0.449039E+000  0.501484E+000
  0.452204E+000  0.505354E+000
  0.455369E+000  0.509225E+000
  0.458535E+000  0.513095E+000
  0.461701E+000  0.516965E+000
  0.464867E+000  0.520835E+000
  0.468034E+000  0.524704E+000
  0.471200E+000  0.528574E+000
  0.474367E+000  0.532444E+000
  0.477533E+000  0.536313E+000
  0.480699E+000  0.540183E+000
  0.483866E+000  0.544052E+000
  0.487032E+000  0.547922E+000
  0.490198E+000  0.551792E+000
  0.493363E+000  0.555662E+000
  0.496529E+000  0.559533E+000
  0.499694E+000  0.563404E+000
  0.502859E+000  0.567275E+000
  0.506023E+000  0.571146E+000
  0.509187E+000  0.575018E+000
  0.512350E+000  0.578890E+000
  0.515513E+000  0.582763E+000
  0.518675E+000  0.586636E+000
  0.521836E+000  0.590509E+000
  0.524997E+000  0.594383E+000
  0.528157E+000  0.598258E+000
  0.531317E+000  0.602134E+000
  0.534475E+000  0.606009E+000
  0.537633E+000  0.609886E+000
  0.540790E+000  0.613763E+000
  0.543946E+000  0.617641E+000
  0.547101E+000  0.621520E+000
  0.550256E+000  0.625400E+000
  0.553409E+000  0.629280E+000
  0.556561E+000  0.633161E+000
  0.559712E+000  0.637043E+000
  0.562862E+000  0.640926E+000
  0.566011E+000  0.644810E+000
  0.569159E+000  0.648695E+000
  0.572306E+000  0.652580E+000
  0.575451E+000  0.656467E+000
  0.578595E+000  0.660355E+000
  0.581738E+000  0.664243E+000
  0.584880E+000  0.668133E+000
  0.588020E+000  0.672024E+000
  0.591159E+000  0.675916E+000
  0.594297E+000  0.679809E+000
  0.597433E+000  0.683703E+000
  0.600567E+000  0.687599E+000
  0.603700E+000  0.691495E+000
  0.606832E+000  0.695393E+000
  0.609962E+000  0.699292E+000
  0.613090E+000  0.703193E+000
  0.616217E+000  0.707095E+000
  0.619342E+000  0.710998E+000
  0.622465E+000  0.714902E+000
  0.625587E+000  0.718808E+000
  0.628707E+000  0.722715E+000
  0.631825E+000  0.726624E+000
  0.634941E+000  0.730534E+000
  0.638056E+000  0.734445E+000
  0.641168E+000  0.738358E+000
  0.644279E+000  0.742273E+000
  0.647388E+000  0.746189E+000
  0.650495E+000  0.750107E+000
  0.653599E+000  0.754026E+000
  0.656702E+000  0.757947E+000
  0.659803E+000  0.761869E+000
  0.662901E+000  0.765793E+000
  0.665998E+000  0.769719E+000
  0.669092E+000  0.773647E+000
  0.672184E+000  0.777576E+000
  0.675274E+000  0.781507E+000
  0.678361E+000  0.785440E+000
  0.681446E+000  0.789375E+000
  0.684529E+000  0.793311E+000
  0.687610E+000  0.797250E+000
  0.690688E+000  0.801190E+000
  0.693763E+000  0.805132E+000
  0.696836E+000  0.809076E+000
  0.699907E+000  0.813022E+000
  0.702975E+000  0.816970E+000
  0.706041E+000  0.820920E+000
  0.709104E+000  0.824872E+000
  0.712164E+000  0.828826E+000
  0.715222E+000  0.832782E+000
  0.718276E+000  0.836741E+000
  0.721328E+000  0.840701E+000
  0.724378E+000  0.844664E+000
  0.727424E+000  0.848628E+000
  0.730468E+000  0.852595E+000
  0.733509E+000  0.856564E+000
  0.736546E+000  0.860536E+000
  0.739581E+000  0.864510E+000
  0.742613E+000  0.868486E+000
  0.745641E+000  0.872464E+000
  0.748667E+000  0.876445E+000
  0.751689E+000  0.880428E+000
  0.754709E+000  0.884413E+000
  0.757725E+000  0.888401E+000
  0.760737E+000  0.892391E+000
  0.763747E+000  0.896384E+000
  0.766753E+000  0.900380E+000
  0.769756E+000  0.904378E+000
  0.772755E+000  0.908378E+000
  0.775751E+000  0.912381E+000
  0.778743E+000  0.916387E+000
  0.781732E+000  0.920396E+000
  0.784717E+000  0.924407E+000
  0.787698E+000  0.928421E+000
  0.790676E+000  0.932437E+000
  0.793650E+000  0.936457E+000
  0.796620E+000  0.940479E+000
  0.799586E+000  0.944504E+000
  0.802548E+000  0.948532E+000
  0.805507E+000  0.952563E+000
  0.808461E+000  0.956597E+000
  0.811411E+000  0.960634E+000
  0.814357E+000  0.964674E+000
  0.817299E+000  0.968717E+000
  0.820236E+000  0.972763E+000
  0.823169E+000  0.976812E+000
  0.826098E+000  0.980865E+000
  0.829023E+000  0.984920E+000
  0.831942E+000  0.988979E+000
  0.834858E+000  0.993041E+000
  0.837768E+000  0.997107E+000
  0.840674E+000  0.100118E+001
  0.843575E+000  0.100525E+001
  0.846471E+000  0.100932E+001
  0.849362E+000  0.101340E+001
  0.852249E+000  0.101749E+001
  0.855130E+000  0.102157E+001
  0.858005E+000  0.102566E+001
  0.860876E+000  0.102976E+001
  0.863741E+000  0.103385E+001
  0.866601E+000  0.103796E+001
  0.869455E+000  0.104206E+001
  0.872303E+000  0.104617E+001
  0.875146E+000  0.105028E+001
  0.877983E+000  0.105440E+001
  0.880814E+000  0.105852E+001
  0.883639E+000  0.106265E+001
  0.886457E+000  0.106678E+001
  0.889270E+000  0.107091E+001
  0.892076E+000  0.107505E+001
  0.894876E+000  0.107919E+001
  0.897669E+000  0.108334E+001
  0.900455E+000  0.108749E+001
  0.903235E+000  0.109165E+001
  0.906008E+000  0.109581E+001
  0.908774E+000  0.109997E+001
  0.911532E+000  0.110414E+001
  0.914283E+000  0.110832E+001
  0.917027E+000  0.111250E+001
  0.919764E+000  0.111668E+001
  0.922493E+000  0.112087E+001
  0.925214E+000  0.112507E+001
  0.927927E+000  0.112927E+001
  0.930633E+000  0.113347E+001
  0.933330E+000  0.113768E+001
  0.936019E+000  0.114190E+001
  0.938700E+000  0.114612E+001
  0.941373E+000  0.115034E+001
  0.944037E+000  0.115458E+001
  0.946692E+000  0.115881E+001
  0.949338E+000  0.116305E+001
  0.951976E+000  0.116730E+001
  0.954605E+000  0.117156E+001
  0.957224E+000  0.117581E+001
  0.959835E+000  0.118008E+001
  0.962436E+000  0.118435E+001
  0.965027E+000  0.118862E+001
  0.967610E+000  0.119291E+001
  0.970182E+000  0.119719E+001
  0.972745E+000  0.120149E+001
  0.975299E+000  0.120579E+001
  0.977842E+000  0.121009E+001
  0.980376E+000  0.121440E+001
  0.982899E+000  0.121872E+001
  0.985413E+000  0.122304E+001
  0.987916E+000  0.122737E+001
  0.990409E+000  0.123170E+001
  0.992892E+000  0.123604E+001
  0.995364E+000  0.124039E+001
  0.997826E+000  0.124474E+001
  0.100028E+001  0.124910E+001
  0.100272E+001  0.125346E+001
  0.100515E+001  0.125783E+001
  0.100757E+001  0.126221E+001
  0.100998E+001  0.126659E+001
  0.101238E+001  0.127097E+001
  0.101476E+001  0.127537E+001
  0.101714E+001  0.127977E+001
  0.101951E+001  0.128417E+001
  0.102186E+001  0.128858E+001
  0.102421E+001  0.129300E+001
  0.102654E+001  0.129742E+001
  0.102886E+001  0.130185E+001
  0.103118E+001  0.130628E+001
  0.103348E+001  0.131072E+001
  0.103577E+001  0.131517E+001
  0.103804E+001  0.131962E+001
  0.104031E+001  0.132407E+001
  0.104257E+001  0.132853E+001
  0.104481E+001  0.133300E+001
  0.104705E+001  0.133747E+001
  0.104927E+001  0.134195E+001
  0.105149E+001  0.134644E+001
  0.105369E+001  0.135093E+001
  0.105588E+001  0.135542E+001
  0.105806E+001  0.135992E+001
  0.106023E+001  0.136442E+001
  0.106238E+001  0.136894E+001
  0.106453E+001  0.137345E+001
  0.106667E+001  0.137797E+001
  0.106879E+001  0.138250E+001
  0.107091E+001  0.138703E+001
  0.107301E+001  0.139156E+001
  0.107510E+001  0.139611E+001
  0.107718E+001  0.140065E+001
  0.107926E+001  0.140520E+001
  0.108132E+001  0.140976E+001
  0.108337E+001  0.141432E+001
  0.108541E+001  0.141888E+001
  0.108743E+001  0.142345E+001
  0.108945E+001  0.142803E+001
  0.109146E+001  0.143261E+001
  0.109346E+001  0.143719E+001
  0.109544E+001  0.144178E+001
  0.109742E+001  0.144637E+001
  0.109939E+001  0.145097E+001
  0.110134E+001  0.145557E+001
  0.110329E+001  0.146018E+001
  0.110522E+001  0.146479E+001
  0.110715E+001  0.146940E+001
  0.110907E+001  0.147402E+001
  0.111097E+001  0.147864E+001
  0.111287E+001  0.148327E+001
  0.111476E+001  0.148790E+001
  0.111663E+001  0.149253E+001
  0.111850E+001  0.149717E+001
  0.112036E+001  0.150181E+001
  0.112221E+001  0.150646E+001
  0.112404E+001  0.151111E+001
  0.112587E+001  0.151576E+001
  0.112769E+001  0.152042E+001
  0.112951E+001  0.152508E+001
  0.113131E+001  0.152974E+001
  0.113310E+001  0.153441E+001
  0.113489E+001  0.153908E+001
  0.113666E+001  0.154376E+001
  0.113843E+001  0.154843E+001
  0.114019E+001  0.155311E+001
  0.114194E+001  0.155780E+001
  0.114368E+001  0.156248E+001
  0.114541E+001  0.156717E+001
  0.114714E+001  0.157187E+001
  0.114885E+001  0.157656E+001
  0.115056E+001  0.158126E+001
  0.115227E+001  0.158596E+001
  0.115396E+001  0.159067E+001
  0.115564E+001  0.159537E+001
  0.115732E+001  0.160008E+001
  0.115899E+001  0.160480E+001
  0.116066E+001  0.160951E+001
  0.116231E+001  0.161423E+001
  0.116396E+001  0.161895E+001
  0.116560E+001  0.162367E+001
  0.116724E+001  0.162840E+001
  0.116887E+001  0.163313E+001
  0.117049E+001  0.163786E+001
  0.117210E+001  0.164259E+001
  0.117371E+001  0.164732E+001
  0.117531E+001  0.165206E+001
  0.117691E+001  0.165680E+001
  0.117850E+001  0.166154E+001
  0.118008E+001  0.166628E+001
  0.118166E+001  0.167102E+001
  0.118323E+001  0.167577E+001
  0.118480E+001  0.168052E+001
  0.118636E+001  0.168527E+001
  0.118791E+001  0.169002E+001
  0.118946E+001  0.169478E+001
  0.119101E+001  0.169953E+001
  0.119254E+001  0.170429E+001
  0.119408E+001  0.170905E+001
  0.119561E+001  0.171381E+001
  0.119713E+001  0.171857E+001
  0.119865E+001  0.172333E+001
  0.120016E+001  0.172810E+001
  0.120167E+001  0.173287E+001
  0.120318E+001  0.173764E+001
  0.120468E+001  0.174240E+001
  0.120617E+001  0.174718E+001
  0.120766E+001  0.175195E+001
  0.120915E+001  0.175672E+001
  0.121064E+001  0.176150E+001
  0.121212E+001  0.176627E+001
  0.121359E+001  0.177105E+001
  0.121506E+001  0.177583E+001
  0.121653E+001  0.178061E+001
  0.121800E+001  0.178539E+001
  0.121946E+001  0.179017E+001
  0.122092E+001  0.179495E+001
  0.122237E+001  0.179974E+001
  0.122382E+001  0.180452E+001
  0.122527E+001  0.180931E+001
  0.122672E+001  0.181409E+001
  0.122816E+001  0.181888E+001
  0.122960E+001  0.182367E+001
  0.123104E+001  0.182846E+001
  0.123247E+001  0.183325E+001
  0.123390E+001  0.183804E+001
  0.123533E+001  0.184283E+001
  0.123676E+001  0.184762E+001
  0.123818E+001  0.185241E+001
  0.123961E+001  0.185721E+001
  0.124103E+001  0.186200E+001
  0.124245E+001  0.186680E+001
  0.124386E+001  0.187159E+001
  0.124528E+001  0.187639E+001
  0.124669E+001  0.188118E+001
  0.124810E+001  0.188598E+001
  0.124951E+001  0.189078E+001
  0.125091E+001  0.189558E+001
  0.125232E+001  0.190037E+001
  0.125372E+001  0.190517E+001
  0.125513E+001  0.190997E+001
  0.125653E+001  0.191477E+001
  0.125793E+001  0.191957E+001
  0.125933E+001  0.192437E+001
  0.126072E+001  0.192917E+001
  0.126212E+001  0.193397E+001
  0.126351E+001  0.193878E+001
  0.126491E+001  0.194358E+001
  0.126630E+001  0.194838E+001
  0.126769E+001  0.195318E+001
  0.126908E+001  0.195798E+001
  0.127048E+001  0.196279E+001
  0.127187E+001  0.196759E+001
  0.127326E+001  0.197239E+001
  0.127464E+001  0.197720E+001
  0.127603E+001  0.198200E+001
  0.127742E+001  0.198680E+001
  0.127881E+001  0.199161E+001
  0.128019E+001  0.199641E+001
  0.128158E+001  0.200121E+001
  0.128297E+001  0.200602E+001
  0.128435E+001  0.201082E+001
  0.128574E+001  0.201563E+001
  0.128712E+001  0.202043E+001
  0.128851E+001  0.202523E+001
  0.128990E+001  0.203004E+001
  0.129128E+001  0.203484E+001
  0.129267E+001  0.203965E+001
  0.129405E+001  0.204445E+001
  0.129544E+001  0.204926E+001
  0.129682E+001  0.205406E+001
  0.129821E+001  0.205886E+001
  0.129960E+001  0.206367E+001
  0.130098E+001  0.206847E+001
  0.130237E+001  0.207328E+001
  0.130376E+001  0.207808E+001
  0.130514E+001  0.208288E+001
  0.130653E+001  0.208769E+001
  0.130792E+001  0.209249E+001
  0.130931E+001  0.209729E+001
  0.131070E+001  0.210210E+001
  0.131209E+001  0.210690E+001
  0.131348E+001  0.211170E+001
  0.131487E+001  0.211650E+001
  0.131626E+001  0.212131E+001
  0.131766E+001  0.212611E+001
  0.131905E+001  0.213091E+001
  0.132044E+001  0.213571E+001
  0.132184E+001  0.214051E+001
  0.132323E+001  0.214532E+001
  0.132463E+001  0.215012E+001
  0.132603E+001  0.215492E+001
  0.132743E+001  0.215972E+001
  0.132883E+001  0.216452E+001
  0.133023E+001  0.216932E+001
  0.133163E+001  0.217412E+001
  0.133303E+001  0.217892E+001
  0.133443E+001  0.218372E+001
  0.133584E+001  0.218851E+001
  0.133724E+001  0.219331E+001
  0.133865E+001  0.219811E+001
  0.134005E+001  0.220291E+001
  0.134146E+001  0.220771E+001
  0.134287E+001  0.221250E+001
  0.134428E+001  0.221730E+001
  0.134570E+001  0.222210E+001
  0.134711E+001  0.222689E+001
  0.134852E+001  0.223169E+001
  0.134994E+001  0.223648E+001
  0.135136E+001  0.224128E+001
  0.135277E+001  0.224607E+001
  0.135419E+001  0.225087E+001
  0.135561E+001  0.225566E+001
  0.135704E+001  0.226046E+001
  0.135846E+001  0.226525E+001
  0.135988E+001  0.227004E+001
  0.136131E+001  0.227483E+001
  0.136274E+001  0.227963E+001
  0.136417E+001  0.228442E+001
  0.136560E+001  0.228921E+001
  0.136703E+001  0.229400E+001
  0.136846E+001  0.229879E+001
  0.136990E+001  0.230358E+001
  0.137133E+001  0.230837E+001
  0.137277E+001  0.231316E+001
  0.137421E+001  0.231795E+001
  0.137565E+001  0.232273E+001
  0.137709E+001  0.232752E+001
  0.137854E+001  0.233231E+001
  0.137998E+001  0.233709E+001
  0.138143E+001  0.234188E+001
  0.138288E+001  0.234667E+001
  0.138433E+001  0.235145E+001
  0.138578E+001  0.235624E+001
  0.138723E+001  0.236102E+001
  0.138869E+001  0.236580E+001
  0.139014E+001  0.237059E+001
  0.139160E+001  0.237537E+001
  0.139306E+001  0.238015E+001
  0.139452E+001  0.238493E+001
  0.139598E+001  0.238972E+001
  0.139745E+001  0.239450E+001
  0.139891E+001  0.239928E+001
  0.140038E+001  0.240406E+001
  0.140185E+001  0.240884E+001
  0.140332E+001  0.241361E+001
  0.140479E+001  0.241839E+001
  0.140627E+001  0.242317E+001
  0.140774E+001  0.242795E+001
  0.140922E+001  0.243272E+001
  0.141070E+001  0.243750E+001
  0.141218E+001  0.244228E+001
  0.141367E+001  0.244705E+001
  0.141515E+001  0.245182E+001
  0.141664E+001  0.245660E+001
  0.141812E+001  0.246137E+001
  0.141961E+001  0.246615E+001
  0.142110E+001  0.247092E+001
  0.142260E+001  0.247569E+001
  0.142409E+001  0.248046E+001
  0.142559E+001  0.248523E+001
  0.142709E+001  0.249000E+001
  0.142859E+001  0.249477E+001
  0.143009E+001  0.249954E+001
  0.143159E+001  0.250431E+001
  0.143310E+001  0.250908E+001
  0.143461E+001  0.251384E+001
  0.143611E+001  0.251861E+001
  0.143762E+001  0.252338E+001
  0.143914E+001  0.252814E+001
  0.144065E+001  0.253291E+001
  0.144217E+001  0.253767E+001
  0.144368E+001  0.254244E+001
  0.144520E+001  0.254720E+001
  0.144672E+001  0.255196E+001
  0.144825E+001  0.255673E+001
  0.144977E+001  0.256149E+001
  0.145130E+001  0.256625E+001
  0.145283E+001  0.257101E+001
  0.145436E+001  0.257577E+001
  0.145589E+001  0.258053E+001
  0.145742E+001  0.258529E+001
  0.145896E+001  0.259005E+001
  0.146049E+001  0.259481E+001
  0.146203E+001  0.259956E+001
  0.146357E+001  0.260432E+001
  0.146511E+001  0.260908E+001
  0.146666E+001  0.261383E+001
  0.146820E+001  0.261859E+001
  0.146975E+001  0.262334E+001
  0.147130E+001  0.262810E+001
  0.147285E+001  0.263285E+001
  0.147440E+001  0.263760E+001
  0.147596E+001  0.264235E+001
  0.147752E+001  0.264711E+001
  0.147907E+001  0.265186E+001
  0.148063E+001  0.265661E+001
  0.148220E+001  0.266136E+001
  0.148376E+001  0.266611E+001
  0.148532E+001  0.267086E+001
  0.148689E+001  0.267560E+001
  0.148846E+001  0.268035E+001
  0.149003E+001  0.268510E+001
  0.149160E+001  0.268984E+001
  0.149317E+001  0.269459E+001
  0.149475E+001  0.269934E+001
  0.149633E+001  0.270408E+001
  0.149791E+001  0.270882E+001
  0.149949E+001  0.271357E+001
  0.150107E+001  0.271831E+001
  0.150265E+001  0.272305E+001
  0.150424E+001  0.272780E+001
  0.150583E+001  0.273254E+001
  0.150742E+001  0.273728E+001
  0.150901E+001  0.274202E+001
  0.151060E+001  0.274676E+001
  0.151219E+001  0.275150E+001
  0.151379E+001  0.275623E+001
  0.151539E+001  0.276097E+001
  0.151699E+001  0.276571E+001
  0.151859E+001  0.277045E+001
  0.152019E+001  0.277518E+001
  0.152180E+001  0.277992E+001
  0.152340E+001  0.278465E+001
  0.152501E+001  0.278939E+001
  0.152662E+001  0.279412E+001
  0.152823E+001  0.279885E+001
  0.152984E+001  0.280359E+001
  0.153146E+001  0.280832E+001
  0.153308E+001  0.281305E+001
  0.153469E+001  0.281778E+001
  0.153631E+001  0.282251E+001
  0.153793E+001  0.282724E+001
  0.153956E+001  0.283197E+001
  0.154118E+001  0.283670E+001
  0.154281E+001  0.284143E+001
  0.154444E+001  0.284616E+001
  0.154607E+001  0.285088E+001
  0.154770E+001  0.285561E+001
  0.154933E+001  0.286034E+001
  0.155096E+001  0.286506E+001
  0.155260E+001  0.286979E+001
  0.155424E+001  0.287451E+001
  0.155588E+001  0.287923E+001
  0.155752E+001  0.288396E+001
  0.155916E+001  0.288868E+001
  0.156080E+001  0.289340E+001
  0.156245E+001  0.289812E+001
  0.156410E+001  0.290284E+001
  0.156575E+001  0.290756E+001
  0.156740E+001  0.291228E+001
  0.156905E+001  0.291700E+001
  0.157070E+001  0.292172E+001
  0.157236E+001  0.292644E+001
  0.157401E+001  0.293116E+001
  0.157567E+001  0.293587E+001
  0.157733E+001  0.294059E+001
  0.157899E+001  0.294531E+001
  0.158066E+001  0.295002E+001
  0.158232E+001  0.295474E+001
  0.158399E+001  0.295945E+001
  0.158565E+001  0.296416E+001
  0.158732E+001  0.296888E+001
  0.158899E+001  0.297359E+001
  0.159067E+001  0.297830E+001
  0.159234E+001  0.298301E+001
  0.159401E+001  0.298772E+001
  0.159569E+001  0.299244E+001
  0.159737E+001  0.299715E+001
  0.159905E+001  0.300185E+001
  0.160073E+001  0.300656E+001
