  0.522507E+000  0.801744E-001
  0.523147E+000  0.851333E-001
  0.523823E+000  0.900874E-001
  0.524534E+000  0.950365E-001
  0.525280E+000  0.999805E-001
  0.526061E+000  0.104919E+000
  0.526875E+000  0.109852E+000
  0.527723E+000  0.114780E+000
  0.528603E+000  0.119702E+000
  0.529516E+000  0.124618E+000
  0.530461E+000  0.129528E+000
  0.531437E+000  0.134432E+000
  0.532443E+000  0.139329E+000
  0.533480E+000  0.144221E+000
  0.534547E+000  0.149106E+000
  0.535642E+000  0.153984E+000
  0.536767E+000  0.158856E+000
  0.537919E+000  0.163721E+000
  0.539098E+000  0.168580E+000
  0.540305E+000  0.173433E+000
  0.541538E+000  0.178278E+000
  0.542797E+000  0.183117E+000
  0.544082E+000  0.187949E+000
  0.545391E+000  0.192775E+000
  0.546725E+000  0.197593E+000
  0.548083E+000  0.202406E+000
  0.549464E+000  0.207211E+000
  0.550868E+000  0.212010E+000
  0.552294E+000  0.216802E+000
  0.553743E+000  0.221588E+000
  0.555213E+000  0.226367E+000
  0.556704E+000  0.231139E+000
  0.558215E+000  0.235905E+000
  0.559747E+000  0.240665E+000
  0.561299E+000  0.245418E+000
  0.562870E+000  0.250165E+000
  0.564460E+000  0.254905E+000
  0.566068E+000  0.259640E+000
  0.567695E+000  0.264368E+000
  0.569339E+000  0.269089E+000
  0.571000E+000  0.273805E+000
  0.572679E+000  0.278515E+000
  0.574374E+000  0.283219E+000
  0.576086E+000  0.287917E+000
  0.577813E+000  0.292609E+000
  0.579556E+000  0.297295E+000
  0.581314E+000  0.301976E+000
  0.583088E+000  0.306651E+000
  0.584875E+000  0.311321E+000
  0.586677E+000  0.315985E+000
  0.588494E+000  0.320643E+000
  0.590323E+000  0.325296E+000
  0.592167E+000  0.329944E+000
  0.594023E+000  0.334587E+000
  0.595892E+000  0.339224E+000
  0.597774E+000  0.343856E+000
  0.599668E+000  0.348484E+000
  0.601575E+000  0.353106E+000
  0.603493E+000  0.357724E+000
  0.605422E+000  0.362336E+000
  0.607364E+000  0.366944E+000
  0.609316E+000  0.371547E+000
  0.611279E+000  0.376146E+000
  0.613252E+000  0.380740E+000
  0.615237E+000  0.385329E+000
  0.617231E+000  0.389914E+000
  0.619236E+000  0.394495E+000
  0.621250E+000  0.399071E+000
  0.623274E+000  0.403643E+000
  0.625307E+000  0.408211E+000
  0.627350E+000  0.412775E+000
  0.629402E+000  0.417334E+000
  0.631462E+000  0.421890E+000
  0.633531E+000  0.426442E+000
  0.635609E+000  0.430989E+000
  0.637696E+000  0.435533E+000
  0.639790E+000  0.440074E+000
  0.641893E+000  0.444610E+000
  0.644003E+000  0.449143E+000
  0.646121E+000  0.453672E+000
  0.648247E+000  0.458198E+000
  0.650380E+000  0.462720E+000
  0.652520E+000  0.467238E+000
  0.654668E+000  0.471754E+000
  0.656822E+000  0.476266E+000
  0.658984E+000  0.480774E+000
  0.661152E+000  0.485280E+000
  0.663327E+000  0.489782E+000
  0.665508E+000  0.494281E+000
  0.667696E+000  0.498777E+000
  0.669890E+000  0.503270E+000
  0.672090E+000  0.507760E+000
  0.674296E+000  0.512247E+000
  0.676508E+000  0.516731E+000
  0.678725E+000  0.521213E+000
  0.680949E+000  0.525691E+000
  0.683178E+000  0.530167E+000
  0.685412E+000  0.534640E+000
  0.687652E+000  0.539110E+000
  0.689897E+000  0.543578E+000
  0.692147E+000  0.548043E+000
  0.694402E+000  0.552506E+000
  0.696662E+000  0.556966E+000
  0.698926E+000  0.561423E+000
  0.701196E+000  0.565879E+000
  0.703470E+000  0.570331E+000
  0.705749E+000  0.574782E+000
  0.708032E+000  0.579230E+000
  0.710320E+000  0.583676E+000
  0.712612E+000  0.588120E+000
  0.714908E+000  0.592562E+000
  0.717208E+000  0.597001E+000
  0.719512E+000  0.601439E+000
  0.721820E+000  0.605874E+000
  0.724132E+000  0.610307E+000
  0.726448E+000  0.614739E+000
  0.728767E+000  0.619168E+000
  0.731090E+000  0.623596E+000
  0.733417E+000  0.628022E+000
  0.735747E+000  0.632446E+000
  0.738080E+000  0.636868E+000
  0.740416E+000  0.641288E+000
  0.742756E+000  0.645707E+000
  0.745099E+000  0.650124E+000
  0.747445E+000  0.654539E+000
  0.749794E+000  0.658953E+000
  0.752146E+000  0.663366E+000
  0.754501E+000  0.667776E+000
  0.756858E+000  0.672186E+000
  0.759218E+000  0.676594E+000
  0.761581E+000  0.681000E+000
  0.763946E+000  0.685405E+000
  0.766314E+000  0.689809E+000
  0.768684E+000  0.694212E+000
  0.771056E+000  0.698613E+000
  0.773431E+000  0.703014E+000
  0.775807E+000  0.707413E+000
  0.778186E+000  0.711811E+000
  0.780567E+000  0.716208E+000
  0.782949E+000  0.720604E+000
  0.785333E+000  0.724998E+000
  0.787719E+000  0.729393E+000
  0.790106E+000  0.733786E+000
  0.792495E+000  0.738178E+000
  0.794886E+000  0.742570E+000
  0.797277E+000  0.746961E+000
  0.799670E+000  0.751351E+000
  0.802064E+000  0.755741E+000
  0.804459E+000  0.760130E+000
  0.806854E+000  0.764519E+000
  0.809251E+000  0.768907E+000
  0.811648E+000  0.773295E+000
  0.814045E+000  0.777683E+000
  0.816443E+000  0.782070E+000
  0.818841E+000  0.786458E+000
  0.821238E+000  0.790845E+000
  0.823636E+000  0.795233E+000
  0.826033E+000  0.799621E+000
  0.828429E+000  0.804009E+000
  0.830825E+000  0.808398E+000
  0.833219E+000  0.812787E+000
  0.835612E+000  0.817178E+000
  0.838004E+000  0.821569E+000
  0.840393E+000  0.825961E+000
  0.842780E+000  0.830354E+000
  0.845165E+000  0.834749E+000
  0.847546E+000  0.839146E+000
  0.849923E+000  0.843544E+000
  0.852297E+000  0.847945E+000
  0.854665E+000  0.852348E+000
  0.857029E+000  0.856754E+000
  0.859386E+000  0.861164E+000
  0.861737E+000  0.865577E+000
  0.864080E+000  0.869994E+000
  0.866415E+000  0.874415E+000
  0.868740E+000  0.878842E+000
  0.871055E+000  0.883274E+000
  0.873358E+000  0.887712E+000
  0.875648E+000  0.892156E+000
  0.877925E+000  0.896608E+000
  0.880187E+000  0.901067E+000
  0.882433E+000  0.905534E+000
  0.884662E+000  0.910009E+000
  0.886874E+000  0.914494E+000
  0.889068E+000  0.918987E+000
  0.891243E+000  0.923489E+000
  0.893401E+000  0.927999E+000
  0.895542E+000  0.932518E+000
  0.897667E+000  0.937044E+000
  0.899777E+000  0.941577E+000
  0.901874E+000  0.946115E+000
  0.903962E+000  0.950659E+000
  0.906041E+000  0.955206E+000
  0.908114E+000  0.959756E+000
  0.910185E+000  0.964307E+000
  0.912255E+000  0.968858E+000
  0.914327E+000  0.973409E+000
  0.916403E+000  0.977958E+000
  0.918484E+000  0.982504E+000
  0.920573E+000  0.987046E+000
  0.922671E+000  0.991585E+000
  0.924780E+000  0.996118E+000
  0.926900E+000  0.100065E+001
  0.929033E+000  0.100517E+001
  0.931180E+000  0.100968E+001
  0.933340E+000  0.101419E+001
  0.935516E+000  0.101870E+001
  0.937706E+000  0.102319E+001
  0.939912E+000  0.102768E+001
  0.942134E+000  0.103216E+001
  0.944372E+000  0.103663E+001
  0.946626E+000  0.104109E+001
  0.948896E+000  0.104555E+001
  0.951182E+000  0.104999E+001
  0.953484E+000  0.105443E+001
  0.955802E+000  0.105886E+001
  0.958136E+000  0.106328E+001
  0.960485E+000  0.106770E+001
  0.962850E+000  0.107210E+001
  0.965231E+000  0.107650E+001
  0.967626E+000  0.108089E+001
  0.970036E+000  0.108527E+001
  0.972462E+000  0.108964E+001
  0.974901E+000  0.109401E+001
  0.977355E+000  0.109836E+001
  0.979823E+000  0.110271E+001
  0.982304E+000  0.110705E+001
  0.984799E+000  0.111138E+001
  0.987307E+000  0.111571E+001
  0.989828E+000  0.112003E+001
  0.992362E+000  0.112434E+001
  0.994908E+000  0.112864E+001
  0.997466E+000  0.113294E+001
  0.100004E+001  0.113723E+001
  0.100262E+001  0.114151E+001
  0.100521E+001  0.114578E+001
  0.100782E+001  0.115005E+001
  0.101043E+001  0.115431E+001
  0.101306E+001  0.115857E+001
  0.101569E+001  0.116282E+001
  0.101834E+001  0.116706E+001
  0.102100E+001  0.117129E+001
  0.102366E+001  0.117552E+001
  0.102634E+001  0.117975E+001
  0.102902E+001  0.118397E+001
  0.103172E+001  0.118818E+001
  0.103442E+001  0.119238E+001
  0.103713E+001  0.119658E+001
  0.103985E+001  0.120078E+001
  0.104258E+001  0.120497E+001
  0.104532E+001  0.120915E+001
  0.104806E+001  0.121333E+001
  0.105081E+001  0.121751E+001
  0.105357E+001  0.122168E+001
  0.105634E+001  0.122584E+001
  0.105911E+001  0.123000E+001
  0.106189E+001  0.123416E+001
  0.106468E+001  0.123831E+001
  0.106747E+001  0.124246E+001
  0.107027E+001  0.124660E+001
  0.107308E+001  0.125074E+001
  0.107589E+001  0.125487E+001
  0.107871E+001  0.125900E+001
  0.108153E+001  0.126313E+001
  0.108436E+001  0.126725E+001
  0.108719E+001  0.127137E+001
  0.109003E+001  0.127549E+001
  0.109287E+001  0.127960E+001
  0.109572E+001  0.128372E+001
  0.109857E+001  0.128782E+001
  0.110142E+001  0.129193E+001
  0.110427E+001  0.129604E+001
  0.110712E+001  0.130015E+001
  0.110995E+001  0.130427E+001
  0.111274E+001  0.130842E+001
  0.111542E+001  0.131264E+001
  0.111795E+001  0.131695E+001
  0.112038E+001  0.132132E+001
  0.112275E+001  0.132572E+001
  0.112511E+001  0.133013E+001
  0.112745E+001  0.133455E+001
  0.112979E+001  0.133897E+001
  0.113211E+001  0.134340E+001
  0.113443E+001  0.134783E+001
  0.113675E+001  0.135226E+001
  0.113906E+001  0.135669E+001
  0.114137E+001  0.136113E+001
  0.114367E+001  0.136557E+001
  0.114597E+001  0.137001E+001
  0.114826E+001  0.137445E+001
  0.115055E+001  0.137890E+001
  0.115283E+001  0.138335E+001
  0.115511E+001  0.138780E+001
  0.115738E+001  0.139225E+001
  0.115965E+001  0.139670E+001
  0.116192E+001  0.140116E+001
  0.116418E+001  0.140562E+001
  0.116643E+001  0.141009E+001
  0.116868E+001  0.141455E+001
  0.117093E+001  0.141902E+001
  0.117317E+001  0.142349E+001
  0.117540E+001  0.142796E+001
  0.117763E+001  0.143243E+001
  0.117986E+001  0.143691E+001
  0.118208E+001  0.144139E+001
  0.118430E+001  0.144587E+001
  0.118651E+001  0.145036E+001
  0.118871E+001  0.145485E+001
  0.119091E+001  0.145933E+001
  0.119311E+001  0.146383E+001
  0.119530E+001  0.146832E+001
  0.119748E+001  0.147282E+001
  0.119966E+001  0.147732E+001
  0.120184E+001  0.148182E+001
  0.120401E+001  0.148633E+001
  0.120617E+001  0.149083E+001
  0.120833E+001  0.149534E+001
  0.121048E+001  0.149986E+001
  0.121263E+001  0.150437E+001
  0.121477E+001  0.150889E+001
  0.121691E+001  0.151341E+001
  0.121904E+001  0.151793E+001
  0.122116E+001  0.152246E+001
  0.122328E+001  0.152699E+001
  0.122540E+001  0.153152E+001
  0.122751E+001  0.153605E+001
  0.122961E+001  0.154059E+001
  0.123171E+001  0.154513E+001
  0.123380E+001  0.154967E+001
  0.123588E+001  0.155421E+001
  0.123796E+001  0.155876E+001
  0.124004E+001  0.156331E+001
  0.124211E+001  0.156786E+001
  0.124417E+001  0.157242E+001
  0.124623E+001  0.157697E+001
  0.124828E+001  0.158153E+001
  0.125033E+001  0.158609E+001
  0.125237E+001  0.159066E+001
  0.125440E+001  0.159523E+001
  0.125643E+001  0.159980E+001
  0.125846E+001  0.160437E+001
  0.126047E+001  0.160894E+001
  0.126248E+001  0.161352E+001
  0.126449E+001  0.161810E+001
  0.126649E+001  0.162268E+001
  0.126849E+001  0.162727E+001
  0.127047E+001  0.163186E+001
  0.127246E+001  0.163645E+001
  0.127444E+001  0.164104E+001
  0.127641E+001  0.164563E+001
  0.127837E+001  0.165023E+001
  0.128033E+001  0.165483E+001
  0.128229E+001  0.165943E+001
  0.128424E+001  0.166404E+001
  0.128618E+001  0.166864E+001
  0.128812E+001  0.167325E+001
  0.129005E+001  0.167786E+001
  0.129198E+001  0.168248E+001
  0.129390E+001  0.168709E+001
  0.129582E+001  0.169171E+001
  0.129773E+001  0.169633E+001
  0.129963E+001  0.170096E+001
  0.130153E+001  0.170558E+001
  0.130342E+001  0.171021E+001
  0.130531E+001  0.171484E+001
  0.130719E+001  0.171947E+001
  0.130907E+001  0.172410E+001
  0.131094E+001  0.172874E+001
  0.131281E+001  0.173338E+001
  0.131467E+001  0.173802E+001
  0.131653E+001  0.174266E+001
  0.131838E+001  0.174731E+001
  0.132022E+001  0.175195E+001
  0.132207E+001  0.175660E+001
  0.132390E+001  0.176125E+001
  0.132573E+001  0.176591E+001
  0.132756E+001  0.177056E+001
  0.132938E+001  0.177522E+001
  0.133119E+001  0.177988E+001
  0.133300E+001  0.178454E+001
  0.133481E+001  0.178920E+001
  0.133661E+001  0.179387E+001
  0.133840E+001  0.179853E+001
  0.134019E+001  0.180320E+001
  0.134198E+001  0.180787E+001
  0.134376E+001  0.181254E+001
  0.134554E+001  0.181722E+001
  0.134731E+001  0.182189E+001
  0.134908E+001  0.182657E+001
  0.135084E+001  0.183125E+001
  0.135260E+001  0.183593E+001
  0.135435E+001  0.184061E+001
  0.135610E+001  0.184530E+001
  0.135784E+001  0.184998E+001
  0.135958E+001  0.185467E+001
  0.136132E+001  0.185936E+001
  0.136305E+001  0.186405E+001
  0.136478E+001  0.186874E+001
  0.136650E+001  0.187343E+001
  0.136822E+001  0.187813E+001
  0.136994E+001  0.188282E+001
  0.137165E+001  0.188752E+001
  0.137336E+001  0.189222E+001
  0.137506E+001  0.189692E+001
  0.137676E+001  0.190163E+001
  0.137846E+001  0.190633E+001
  0.138015E+001  0.191103E+001
  0.138184E+001  0.191574E+001
  0.138352E+001  0.192045E+001
  0.138520E+001  0.192516E+001
  0.138688E+001  0.192987E+001
  0.138856E+001  0.193458E+001
  0.139023E+001  0.193929E+001
  0.139189E+001  0.194400E+001
  0.139356E+001  0.194872E+001
  0.139522E+001  0.195344E+001
  0.139687E+001  0.195815E+001
  0.139853E+001  0.196287E+001
  0.140018E+001  0.196759E+001
  0.140183E+001  0.197231E+001
  0.140347E+001  0.197703E+001
  0.140511E+001  0.198176E+001
  0.140675E+001  0.198648E+001
  0.140839E+001  0.199121E+001
  0.141002E+001  0.199593E+001
  0.141165E+001  0.200066E+001
  0.141328E+001  0.200539E+001
  0.141490E+001  0.201011E+001
  0.141653E+001  0.201484E+001
  0.141815E+001  0.201957E+001
  0.141976E+001  0.202431E+001
  0.142138E+001  0.202904E+001
  0.142299E+001  0.203377E+001
  0.142460E+001  0.203850E+001
  0.142620E+001  0.204324E+001
  0.142781E+001  0.204798E+001
  0.142941E+001  0.205271E+001
  0.143101E+001  0.205745E+001
  0.143261E+001  0.206219E+001
  0.143421E+001  0.206692E+001
  0.143580E+001  0.207166E+001
  0.143739E+001  0.207640E+001
  0.143898E+001  0.208114E+001
  0.144057E+001  0.208589E+001
  0.144215E+001  0.209063E+001
  0.144374E+001  0.209537E+001
  0.144532E+001  0.210011E+001
  0.144690E+001  0.210486E+001
  0.144848E+001  0.210960E+001
  0.145006E+001  0.211435E+001
  0.145163E+001  0.211909E+001
  0.145321E+001  0.212384E+001
  0.145478E+001  0.212858E+001
  0.145635E+001  0.213333E+001
  0.145792E+001  0.213808E+001
  0.145949E+001  0.214283E+001
  0.146105E+001  0.214757E+001
  0.146262E+001  0.215232E+001
  0.146418E+001  0.215707E+001
  0.146574E+001  0.216182E+001
  0.146730E+001  0.216657E+001
  0.146886E+001  0.217132E+001
  0.147042E+001  0.217607E+001
  0.147198E+001  0.218082E+001
  0.147354E+001  0.218558E+001
  0.147509E+001  0.219033E+001
  0.147665E+001  0.219508E+001
  0.147820E+001  0.219983E+001
  0.147975E+001  0.220459E+001
  0.148130E+001  0.220934E+001
  0.148285E+001  0.221409E+001
  0.148440E+001  0.221885E+001
  0.148595E+001  0.222360E+001
  0.148750E+001  0.222835E+001
  0.148905E+001  0.223311E+001
  0.149059E+001  0.223786E+001
  0.149214E+001  0.224262E+001
  0.149369E+001  0.224737E+001
  0.149523E+001  0.225213E+001
  0.149677E+001  0.225688E+001
  0.149832E+001  0.226164E+001
  0.149986E+001  0.226640E+001
  0.150140E+001  0.227115E+001
  0.150295E+001  0.227591E+001
  0.150449E+001  0.228066E+001
  0.150603E+001  0.228542E+001
  0.150757E+001  0.229018E+001
  0.150911E+001  0.229493E+001
  0.151065E+001  0.229969E+001
  0.151219E+001  0.230445E+001
  0.151373E+001  0.230921E+001
  0.151527E+001  0.231396E+001
  0.151681E+001  0.231872E+001
  0.151835E+001  0.232348E+001
  0.151989E+001  0.232823E+001
  0.152143E+001  0.233299E+001
  0.152297E+001  0.233775E+001
  0.152450E+001  0.234251E+001
  0.152604E+001  0.234726E+001
  0.152758E+001  0.235202E+001
  0.152912E+001  0.235678E+001
  0.153066E+001  0.236154E+001
  0.153220E+001  0.236629E+001
  0.153374E+001  0.237105E+001
  0.153528E+001  0.237581E+001
  0.153681E+001  0.238057E+001
  0.153835E+001  0.238532E+001
  0.153989E+001  0.239008E+001
  0.154143E+001  0.239484E+001
  0.154297E+001  0.239959E+001
  0.154451E+001  0.240435E+001
  0.154605E+001  0.240911E+001
  0.154759E+001  0.241386E+001
  0.154913E+001  0.241862E+001
  0.155067E+001  0.242338E+001
  0.155221E+001  0.242813E+001
  0.155375E+001  0.243289E+001
  0.155530E+001  0.243765E+001
  0.155684E+001  0.244240E+001
  0.155838E+001  0.244716E+001
  0.155992E+001  0.245192E+001
  0.156147E+001  0.245667E+001
  0.156301E+001  0.246143E+001
  0.156455E+001  0.246618E+001
  0.156610E+001  0.247094E+001
  0.156764E+001  0.247569E+001
  0.156919E+001  0.248045E+001
  0.157074E+001  0.248520E+001
  0.157228E+001  0.248996E+001
  0.157383E+001  0.249471E+001
  0.157538E+001  0.249947E+001
  0.157692E+001  0.250422E+001
  0.157847E+001  0.250898E+001
  0.158002E+001  0.251373E+001
  0.158157E+001  0.251848E+001
  0.158312E+001  0.252324E+001
  0.158467E+001  0.252799E+001
  0.158623E+001  0.253274E+001
  0.158778E+001  0.253750E+001
  0.158933E+001  0.254225E+001
  0.159089E+001  0.254700E+001
  0.159244E+001  0.255175E+001
  0.159400E+001  0.255651E+001
  0.159555E+001  0.256126E+001
  0.159711E+001  0.256601E+001
  0.159867E+001  0.257076E+001
  0.160022E+001  0.257551E+001
