  0.806880E+000  0.331649E-001
  0.807075E+000  0.381611E-001
  0.807297E+000  0.431562E-001
  0.807546E+000  0.481500E-001
  0.807821E+000  0.531424E-001
  0.808124E+000  0.581332E-001
  0.808452E+000  0.631224E-001
  0.808808E+000  0.681098E-001
  0.809190E+000  0.730952E-001
  0.809597E+000  0.780785E-001
  0.810031E+000  0.830597E-001
  0.810491E+000  0.880385E-001
  0.810976E+000  0.930149E-001
  0.811486E+000  0.979888E-001
  0.812021E+000  0.102960E+000
  0.812582E+000  0.107929E+000
  0.813167E+000  0.112894E+000
  0.813776E+000  0.117857E+000
  0.814409E+000  0.122817E+000
  0.815067E+000  0.127773E+000
  0.815747E+000  0.132727E+000
  0.816451E+000  0.137677E+000
  0.817178E+000  0.142624E+000
  0.817927E+000  0.147567E+000
  0.818698E+000  0.152508E+000
  0.819491E+000  0.157444E+000
  0.820305E+000  0.162378E+000
  0.821140E+000  0.167307E+000
  0.821996E+000  0.172234E+000
  0.822872E+000  0.177156E+000
  0.823767E+000  0.182076E+000
  0.824681E+000  0.186991E+000
  0.825614E+000  0.191903E+000
  0.826565E+000  0.196812E+000
  0.827533E+000  0.201718E+000
  0.828518E+000  0.206620E+000
  0.829519E+000  0.211518E+000
  0.830535E+000  0.216414E+000
  0.831565E+000  0.221307E+000
  0.832610E+000  0.226196E+000
  0.833667E+000  0.231083E+000
  0.834735E+000  0.235968E+000
  0.835815E+000  0.240850E+000
  0.836904E+000  0.245730E+000
  0.838001E+000  0.250608E+000
  0.839105E+000  0.255485E+000
  0.840215E+000  0.260360E+000
  0.841328E+000  0.265234E+000
  0.842443E+000  0.270109E+000
  0.843558E+000  0.274983E+000
  0.844670E+000  0.279857E+000
  0.845777E+000  0.284733E+000
  0.846875E+000  0.289611E+000
  0.847963E+000  0.294491E+000
  0.849036E+000  0.299375E+000
  0.850091E+000  0.304263E+000
  0.851122E+000  0.309155E+000
  0.852127E+000  0.314053E+000
  0.853100E+000  0.318957E+000
  0.854036E+000  0.323869E+000
  0.854929E+000  0.328789E+000
  0.855775E+000  0.333717E+000
  0.856568E+000  0.338653E+000
  0.857303E+000  0.343599E+000
  0.857978E+000  0.348553E+000
  0.858587E+000  0.353516E+000
  0.859130E+000  0.358486E+000
  0.859605E+000  0.363464E+000
  0.860012E+000  0.368447E+000
  0.860353E+000  0.373435E+000
  0.860631E+000  0.378428E+000
  0.860848E+000  0.383423E+000
  0.861010E+000  0.388420E+000
  0.861120E+000  0.393419E+000
  0.861183E+000  0.398419E+000
  0.861205E+000  0.403419E+000
  0.861189E+000  0.408419E+000
  0.861140E+000  0.413418E+000
  0.861063E+000  0.418418E+000
  0.860961E+000  0.423417E+000
  0.860838E+000  0.428415E+000
  0.860698E+000  0.433413E+000
  0.860542E+000  0.438411E+000
  0.860374E+000  0.443408E+000
  0.860196E+000  0.448405E+000
  0.860011E+000  0.453402E+000
  0.859820E+000  0.458398E+000
  0.859625E+000  0.463394E+000
  0.859427E+000  0.468390E+000
  0.859229E+000  0.473386E+000
  0.859031E+000  0.478382E+000
  0.858834E+000  0.483378E+000
  0.858639E+000  0.488375E+000
  0.858449E+000  0.493371E+000
  0.858262E+000  0.498368E+000
  0.858081E+000  0.503364E+000
  0.857905E+000  0.508361E+000
  0.857736E+000  0.513358E+000
  0.857574E+000  0.518356E+000
  0.857420E+000  0.523353E+000
  0.857275E+000  0.528351E+000
  0.857138E+000  0.533349E+000
  0.857011E+000  0.538348E+000
  0.856893E+000  0.543346E+000
  0.856786E+000  0.548345E+000
  0.856690E+000  0.553344E+000
  0.856604E+000  0.558344E+000
  0.856531E+000  0.563343E+000
  0.856469E+000  0.568343E+000
  0.856419E+000  0.573342E+000
  0.856382E+000  0.578342E+000
  0.856358E+000  0.583342E+000
  0.856347E+000  0.588342E+000
  0.856349E+000  0.593342E+000
  0.856366E+000  0.598342E+000
  0.856397E+000  0.603342E+000
  0.856442E+000  0.608342E+000
  0.856503E+000  0.613341E+000
  0.856578E+000  0.618341E+000
  0.856669E+000  0.623340E+000
  0.856776E+000  0.628339E+000
  0.856899E+000  0.633337E+000
  0.857038E+000  0.638335E+000
  0.857194E+000  0.643333E+000
  0.857367E+000  0.648330E+000
  0.857557E+000  0.653326E+000
  0.857765E+000  0.658322E+000
  0.857991E+000  0.663317E+000
  0.858236E+000  0.668311E+000
  0.858498E+000  0.673304E+000
  0.858780E+000  0.678296E+000
  0.859081E+000  0.683287E+000
  0.859402E+000  0.688277E+000
  0.859742E+000  0.693265E+000
  0.860103E+000  0.698252E+000
  0.860485E+000  0.703238E+000
  0.860887E+000  0.708221E+000
  0.861311E+000  0.713203E+000
  0.861756E+000  0.718183E+000
  0.862224E+000  0.723162E+000
  0.862714E+000  0.728138E+000
  0.863226E+000  0.733111E+000
  0.863762E+000  0.738082E+000
  0.864322E+000  0.743051E+000
  0.864906E+000  0.748017E+000
  0.865514E+000  0.752980E+000
  0.866147E+000  0.757939E+000
  0.866805E+000  0.762896E+000
  0.867490E+000  0.767849E+000
  0.868200E+000  0.772798E+000
  0.868937E+000  0.777743E+000
  0.869701E+000  0.782685E+000
  0.870493E+000  0.787622E+000
  0.871314E+000  0.792554E+000
  0.872163E+000  0.797481E+000
  0.873041E+000  0.802403E+000
  0.873949E+000  0.807320E+000
  0.874888E+000  0.812231E+000
  0.875857E+000  0.817136E+000
  0.876859E+000  0.822035E+000
  0.877893E+000  0.826927E+000
  0.878960E+000  0.831812E+000
  0.880061E+000  0.836689E+000
  0.881196E+000  0.841559E+000
  0.882368E+000  0.846419E+000
  0.883575E+000  0.851271E+000
  0.884820E+000  0.856114E+000
  0.886103E+000  0.860946E+000
  0.887426E+000  0.865768E+000
  0.888790E+000  0.870579E+000
  0.890195E+000  0.875377E+000
  0.891643E+000  0.880163E+000
  0.893135E+000  0.884935E+000
  0.894672E+000  0.889693E+000
  0.896255E+000  0.894436E+000
  0.897886E+000  0.899162E+000
  0.899565E+000  0.903872E+000
  0.901292E+000  0.908564E+000
  0.903069E+000  0.913238E+000
  0.904893E+000  0.917893E+000
  0.906766E+000  0.922529E+000
  0.908685E+000  0.927146E+000
  0.910650E+000  0.931744E+000
  0.912658E+000  0.936323E+000
  0.914707E+000  0.940884E+000
  0.916795E+000  0.945427E+000
  0.918918E+000  0.949954E+000
  0.921073E+000  0.954466E+000
  0.923259E+000  0.958963E+000
  0.925471E+000  0.963447E+000
  0.927708E+000  0.967918E+000
  0.929967E+000  0.972379E+000
  0.932246E+000  0.976830E+000
  0.934542E+000  0.981271E+000
  0.936853E+000  0.985705E+000
  0.939179E+000  0.990131E+000
  0.941517E+000  0.994551E+000
  0.943866E+000  0.998964E+000
  0.946225E+000  0.100337E+001
  0.948593E+000  0.100778E+001
  0.950969E+000  0.101218E+001
  0.953352E+000  0.101657E+001
  0.955741E+000  0.102096E+001
  0.958136E+000  0.102535E+001
  0.960535E+000  0.102974E+001
  0.962939E+000  0.103412E+001
  0.965348E+000  0.103851E+001
  0.967759E+000  0.104289E+001
  0.970174E+000  0.104726E+001
  0.972592E+000  0.105164E+001
  0.975012E+000  0.105602E+001
  0.977435E+000  0.106039E+001
  0.979859E+000  0.106476E+001
  0.982285E+000  0.106913E+001
  0.984713E+000  0.107351E+001
  0.987142E+000  0.107788E+001
  0.989572E+000  0.108225E+001
  0.992003E+000  0.108662E+001
  0.994434E+000  0.109098E+001
  0.996866E+000  0.109535E+001
  0.999299E+000  0.109972E+001
  0.100173E+001  0.110409E+001
  0.100416E+001  0.110846E+001
  0.100660E+001  0.111283E+001
  0.100903E+001  0.111719E+001
  0.101146E+001  0.112156E+001
  0.101390E+001  0.112593E+001
  0.101633E+001  0.113030E+001
  0.101876E+001  0.113467E+001
  0.102119E+001  0.113904E+001
  0.102362E+001  0.114341E+001
  0.102605E+001  0.114778E+001
  0.102848E+001  0.115215E+001
  0.103091E+001  0.115652E+001
  0.103333E+001  0.116089E+001
  0.103576E+001  0.116526E+001
  0.103818E+001  0.116963E+001
  0.104061E+001  0.117401E+001
  0.104303E+001  0.117838E+001
  0.104545E+001  0.118276E+001
  0.104787E+001  0.118713E+001
  0.105029E+001  0.119151E+001
  0.105270E+001  0.119589E+001
  0.105511E+001  0.120027E+001
  0.105753E+001  0.120465E+001
  0.105994E+001  0.120903E+001
  0.106235E+001  0.121341E+001
  0.106475E+001  0.121779E+001
  0.106716E+001  0.122218E+001
  0.106956E+001  0.122656E+001
  0.107196E+001  0.123095E+001
  0.107436E+001  0.123534E+001
  0.107675E+001  0.123972E+001
  0.107915E+001  0.124411E+001
  0.108154E+001  0.124851E+001
  0.108392E+001  0.125290E+001
  0.108631E+001  0.125729E+001
  0.108869E+001  0.126169E+001
  0.109108E+001  0.126608E+001
  0.109346E+001  0.127048E+001
  0.109583E+001  0.127488E+001
  0.109821E+001  0.127928E+001
  0.110058E+001  0.128368E+001
  0.110295E+001  0.128808E+001
  0.110533E+001  0.129248E+001
  0.110771E+001  0.129688E+001
  0.111009E+001  0.130127E+001
  0.111251E+001  0.130565E+001
  0.111500E+001  0.130999E+001
  0.111763E+001  0.131424E+001
  0.112040E+001  0.131840E+001
  0.112324E+001  0.132252E+001
  0.112611E+001  0.132661E+001
  0.112899E+001  0.133070E+001
  0.113188E+001  0.133478E+001
  0.113478E+001  0.133885E+001
  0.113769E+001  0.134292E+001
  0.114060E+001  0.134699E+001
  0.114351E+001  0.135105E+001
  0.114643E+001  0.135511E+001
  0.114935E+001  0.135917E+001
  0.115227E+001  0.136322E+001
  0.115520E+001  0.136728E+001
  0.115813E+001  0.137133E+001
  0.116106E+001  0.137538E+001
  0.116400E+001  0.137942E+001
  0.116694E+001  0.138347E+001
  0.116988E+001  0.138751E+001
  0.117282E+001  0.139155E+001
  0.117577E+001  0.139559E+001
  0.117872E+001  0.139963E+001
  0.118167E+001  0.140367E+001
  0.118462E+001  0.140770E+001
  0.118758E+001  0.141174E+001
  0.119053E+001  0.141577E+001
  0.119349E+001  0.141980E+001
  0.119645E+001  0.142383E+001
  0.119942E+001  0.142786E+001
  0.120238E+001  0.143188E+001
  0.120535E+001  0.143591E+001
  0.120832E+001  0.143993E+001
  0.121128E+001  0.144395E+001
  0.121426E+001  0.144798E+001
  0.121723E+001  0.145200E+001
  0.122020E+001  0.145602E+001
  0.122318E+001  0.146003E+001
  0.122615E+001  0.146405E+001
  0.122913E+001  0.146807E+001
  0.123211E+001  0.147208E+001
  0.123509E+001  0.147610E+001
  0.123807E+001  0.148011E+001
  0.124105E+001  0.148413E+001
  0.124404E+001  0.148814E+001
  0.124702E+001  0.149215E+001
  0.125001E+001  0.149616E+001
  0.125299E+001  0.150017E+001
  0.125598E+001  0.150418E+001
  0.125897E+001  0.150819E+001
  0.126196E+001  0.151220E+001
  0.126495E+001  0.151620E+001
  0.126794E+001  0.152021E+001
  0.127093E+001  0.152422E+001
  0.127392E+001  0.152822E+001
  0.127692E+001  0.153223E+001
  0.127991E+001  0.153623E+001
  0.128290E+001  0.154024E+001
  0.128590E+001  0.154424E+001
  0.128889E+001  0.154825E+001
  0.129189E+001  0.155225E+001
  0.129488E+001  0.155625E+001
  0.129788E+001  0.156026E+001
  0.130088E+001  0.156426E+001
  0.130387E+001  0.156826E+001
  0.130687E+001  0.157226E+001
  0.130987E+001  0.157626E+001
  0.131287E+001  0.158027E+001
  0.131587E+001  0.158427E+001
  0.131886E+001  0.158827E+001
  0.132186E+001  0.159227E+001
  0.132486E+001  0.159627E+001
  0.132786E+001  0.160027E+001
  0.133086E+001  0.160427E+001
  0.133386E+001  0.160827E+001
  0.133686E+001  0.161227E+001
  0.133986E+001  0.161627E+001
  0.134286E+001  0.162027E+001
  0.134586E+001  0.162427E+001
  0.134886E+001  0.162828E+001
  0.135185E+001  0.163228E+001
  0.135485E+001  0.163628E+001
  0.135785E+001  0.164028E+001
  0.136085E+001  0.164428E+001
  0.136385E+001  0.164828E+001
  0.136685E+001  0.165228E+001
  0.136984E+001  0.165628E+001
  0.137284E+001  0.166029E+001
  0.137584E+001  0.166429E+001
  0.137884E+001  0.166829E+001
  0.138183E+001  0.167229E+001
  0.138483E+001  0.167629E+001
  0.138783E+001  0.168030E+001
  0.139082E+001  0.168430E+001
  0.139382E+001  0.168831E+001
  0.139681E+001  0.169231E+001
  0.139980E+001  0.169631E+001
  0.140280E+001  0.170032E+001
  0.140579E+001  0.170432E+001
  0.140878E+001  0.170833E+001
  0.141177E+001  0.171234E+001
  0.141476E+001  0.171634E+001
  0.141775E+001  0.172035E+001
  0.142074E+001  0.172436E+001
  0.142373E+001  0.172837E+001
  0.142672E+001  0.173238E+001
  0.142971E+001  0.173638E+001
  0.143270E+001  0.174039E+001
  0.143568E+001  0.174441E+001
  0.143867E+001  0.174842E+001
  0.144165E+001  0.175243E+001
  0.144463E+001  0.175644E+001
  0.144761E+001  0.176046E+001
  0.145060E+001  0.176447E+001
  0.145358E+001  0.176848E+001
  0.145655E+001  0.177250E+001
  0.145953E+001  0.177652E+001
  0.146251E+001  0.178053E+001
  0.146548E+001  0.178455E+001
  0.146846E+001  0.178857E+001
  0.147143E+001  0.179259E+001
  0.147440E+001  0.179661E+001
  0.147738E+001  0.180063E+001
  0.148034E+001  0.180466E+001
  0.148331E+001  0.180868E+001
  0.148628E+001  0.181270E+001
  0.148925E+001  0.181673E+001
  0.149221E+001  0.182076E+001
  0.149517E+001  0.182478E+001
  0.149813E+001  0.182881E+001
  0.150109E+001  0.183284E+001
  0.150405E+001  0.183688E+001
  0.150701E+001  0.184091E+001
  0.150996E+001  0.184494E+001
  0.151291E+001  0.184898E+001
  0.151587E+001  0.185301E+001
  0.151882E+001  0.185705E+001
  0.152176E+001  0.186109E+001
  0.152471E+001  0.186513E+001
  0.152765E+001  0.186917E+001
  0.153059E+001  0.187321E+001
  0.153354E+001  0.187726E+001
  0.153647E+001  0.188130E+001
  0.153941E+001  0.188535E+001
  0.154234E+001  0.188940E+001
  0.154528E+001  0.189345E+001
  0.154821E+001  0.189750E+001
  0.155113E+001  0.190155E+001
  0.155406E+001  0.190561E+001
  0.155698E+001  0.190966E+001
  0.155990E+001  0.191372E+001
  0.156282E+001  0.191778E+001
  0.156574E+001  0.192184E+001
  0.156865E+001  0.192591E+001
  0.157156E+001  0.192997E+001
  0.157447E+001  0.193404E+001
  0.157737E+001  0.193811E+001
  0.158028E+001  0.194218E+001
  0.158318E+001  0.194625E+001
  0.158607E+001  0.195033E+001
  0.158897E+001  0.195441E+001
  0.159186E+001  0.195848E+001
  0.159475E+001  0.196257E+001
  0.159763E+001  0.196665E+001
  0.160052E+001  0.197073E+001
