  0.101701E+001  0.478810E-001
  0.101748E+001  0.528581E-001
  0.101800E+001  0.578309E-001
  0.101857E+001  0.627991E-001
  0.101917E+001  0.677626E-001
  0.101981E+001  0.727211E-001
  0.102050E+001  0.776744E-001
  0.102121E+001  0.826224E-001
  0.102197E+001  0.875651E-001
  0.102276E+001  0.925023E-001
  0.102358E+001  0.974340E-001
  0.102444E+001  0.102360E+000
  0.102533E+001  0.107281E+000
  0.102625E+001  0.112196E+000
  0.102719E+001  0.117105E+000
  0.102817E+001  0.122009E+000
  0.102917E+001  0.126907E+000
  0.103020E+001  0.131800E+000
  0.103126E+001  0.136687E+000
  0.103234E+001  0.141570E+000
  0.103344E+001  0.146446E+000
  0.103456E+001  0.151318E+000
  0.103571E+001  0.156185E+000
  0.103688E+001  0.161046E+000
  0.103807E+001  0.165903E+000
  0.103928E+001  0.170755E+000
  0.104050E+001  0.175602E+000
  0.104175E+001  0.180444E+000
  0.104301E+001  0.185282E+000
  0.104429E+001  0.190115E+000
  0.104559E+001  0.194944E+000
  0.104690E+001  0.199768E+000
  0.104823E+001  0.204589E+000
  0.104958E+001  0.209405E+000
  0.105094E+001  0.214216E+000
  0.105231E+001  0.219024E+000
  0.105369E+001  0.223828E+000
  0.105509E+001  0.228629E+000
  0.105651E+001  0.233425E+000
  0.105793E+001  0.238218E+000
  0.105937E+001  0.243007E+000
  0.106082E+001  0.247792E+000
  0.106228E+001  0.252574E+000
  0.106375E+001  0.257352E+000
  0.106523E+001  0.262127E+000
  0.106673E+001  0.266899E+000
  0.106823E+001  0.271667E+000
  0.106974E+001  0.276433E+000
  0.107127E+001  0.281195E+000
  0.107280E+001  0.285954E+000
  0.107435E+001  0.290710E+000
  0.107590E+001  0.295462E+000
  0.107746E+001  0.300212E+000
  0.107903E+001  0.304959E+000
  0.108061E+001  0.309703E+000
  0.108220E+001  0.314445E+000
  0.108379E+001  0.319183E+000
  0.108540E+001  0.323919E+000
  0.108701E+001  0.328652E+000
  0.108863E+001  0.333383E+000
  0.109025E+001  0.338110E+000
  0.109189E+001  0.342836E+000
  0.109353E+001  0.347558E+000
  0.109518E+001  0.352278E+000
  0.109684E+001  0.356996E+000
  0.109850E+001  0.361711E+000
  0.110017E+001  0.366424E+000
  0.110185E+001  0.371135E+000
  0.110353E+001  0.375843E+000
  0.110522E+001  0.380548E+000
  0.110692E+001  0.385252E+000
  0.110862E+001  0.389953E+000
  0.111033E+001  0.394652E+000
  0.111204E+001  0.399349E+000
  0.111376E+001  0.404043E+000
  0.111549E+001  0.408735E+000
  0.111722E+001  0.413426E+000
  0.111896E+001  0.418114E+000
  0.112071E+001  0.422800E+000
  0.112246E+001  0.427484E+000
  0.112421E+001  0.432166E+000
  0.112597E+001  0.436845E+000
  0.112774E+001  0.441523E+000
  0.112951E+001  0.446199E+000
  0.113128E+001  0.450873E+000
  0.113306E+001  0.455545E+000
  0.113485E+001  0.460215E+000
  0.113664E+001  0.464883E+000
  0.113844E+001  0.469550E+000
  0.114024E+001  0.474214E+000
  0.114204E+001  0.478877E+000
  0.114385E+001  0.483538E+000
  0.114567E+001  0.488197E+000
  0.114749E+001  0.492854E+000
  0.114931E+001  0.497509E+000
  0.115114E+001  0.502163E+000
  0.115297E+001  0.506815E+000
  0.115481E+001  0.511465E+000
  0.115665E+001  0.516113E+000
  0.115850E+001  0.520760E+000
  0.116035E+001  0.525405E+000
  0.116220E+001  0.530049E+000
  0.116406E+001  0.534691E+000
  0.116592E+001  0.539331E+000
  0.116779E+001  0.543970E+000
  0.116966E+001  0.548607E+000
  0.117153E+001  0.553242E+000
  0.117341E+001  0.557876E+000
  0.117529E+001  0.562508E+000
  0.117718E+001  0.567139E+000
  0.117907E+001  0.571769E+000
  0.118096E+001  0.576396E+000
  0.118286E+001  0.581023E+000
  0.118476E+001  0.585647E+000
  0.118666E+001  0.590271E+000
  0.118857E+001  0.594893E+000
  0.119048E+001  0.599513E+000
  0.119240E+001  0.604132E+000
  0.119431E+001  0.608750E+000
  0.119623E+001  0.613366E+000
  0.119816E+001  0.617981E+000
  0.120009E+001  0.622594E+000
  0.120202E+001  0.627207E+000
  0.120395E+001  0.631817E+000
  0.120589E+001  0.636427E+000
  0.120783E+001  0.641035E+000
  0.120977E+001  0.645642E+000
  0.121172E+001  0.650247E+000
  0.121367E+001  0.654852E+000
  0.121562E+001  0.659454E+000
  0.121758E+001  0.664056E+000
  0.121954E+001  0.668657E+000
  0.122150E+001  0.673256E+000
  0.122346E+001  0.677854E+000
  0.122543E+001  0.682451E+000
  0.122740E+001  0.687046E+000
  0.122937E+001  0.691641E+000
  0.123135E+001  0.696234E+000
  0.123332E+001  0.700826E+000
  0.123531E+001  0.705417E+000
  0.123729E+001  0.710007E+000
  0.123927E+001  0.714595E+000
  0.124126E+001  0.719183E+000
  0.124325E+001  0.723769E+000
  0.124525E+001  0.728354E+000
  0.124724E+001  0.732939E+000
  0.124924E+001  0.737522E+000
  0.125124E+001  0.742104E+000
  0.125325E+001  0.746685E+000
  0.125525E+001  0.751265E+000
  0.125726E+001  0.755844E+000
  0.125927E+001  0.760422E+000
  0.126129E+001  0.764999E+000
  0.126330E+001  0.769575E+000
  0.126532E+001  0.774150E+000
  0.126734E+001  0.778724E+000
  0.126936E+001  0.783297E+000
  0.127138E+001  0.787869E+000
  0.127341E+001  0.792440E+000
  0.127544E+001  0.797010E+000
  0.127747E+001  0.801580E+000
  0.127950E+001  0.806148E+000
  0.128153E+001  0.810715E+000
  0.128357E+001  0.815282E+000
  0.128561E+001  0.819848E+000
  0.128765E+001  0.824413E+000
  0.128969E+001  0.828977E+000
  0.129173E+001  0.833540E+000
  0.129378E+001  0.838102E+000
  0.129583E+001  0.842664E+000
  0.129788E+001  0.847225E+000
  0.129993E+001  0.851785E+000
  0.130198E+001  0.856344E+000
  0.130403E+001  0.860902E+000
  0.130609E+001  0.865460E+000
  0.130815E+001  0.870017E+000
  0.131021E+001  0.874573E+000
  0.131227E+001  0.879129E+000
  0.131433E+001  0.883683E+000
  0.131639E+001  0.888237E+000
  0.131846E+001  0.892791E+000
  0.132053E+001  0.897343E+000
  0.132260E+001  0.901895E+000
  0.132467E+001  0.906447E+000
  0.132674E+001  0.910997E+000
  0.132881E+001  0.915548E+000
  0.133089E+001  0.920097E+000
  0.133296E+001  0.924646E+000
  0.133504E+001  0.929194E+000
  0.133712E+001  0.933742E+000
  0.133920E+001  0.938289E+000
  0.134128E+001  0.942835E+000
  0.134336E+001  0.947381E+000
  0.134544E+001  0.951926E+000
  0.134753E+001  0.956471E+000
  0.134961E+001  0.961015E+000
  0.135170E+001  0.965559E+000
  0.135379E+001  0.970103E+000
  0.135587E+001  0.974645E+000
  0.135796E+001  0.979188E+000
  0.136006E+001  0.983730E+000
  0.136215E+001  0.988271E+000
  0.136424E+001  0.992812E+000
  0.136633E+001  0.997352E+000
  0.136843E+001  0.100189E+001
  0.137052E+001  0.100643E+001
  0.137262E+001  0.101097E+001
  0.137472E+001  0.101551E+001
  0.137682E+001  0.102005E+001
  0.137891E+001  0.102459E+001
  0.138101E+001  0.102912E+001
  0.138312E+001  0.103366E+001
  0.138522E+001  0.103820E+001
  0.138732E+001  0.104274E+001
  0.138942E+001  0.104727E+001
  0.139152E+001  0.105181E+001
  0.139363E+001  0.105634E+001
  0.139573E+001  0.106088E+001
  0.139784E+001  0.106541E+001
  0.139994E+001  0.106995E+001
  0.140205E+001  0.107448E+001
  0.140416E+001  0.107902E+001
  0.140627E+001  0.108355E+001
  0.140837E+001  0.108809E+001
  0.141048E+001  0.109262E+001
  0.141259E+001  0.109715E+001
  0.141470E+001  0.110169E+001
  0.141681E+001  0.110622E+001
  0.141892E+001  0.111075E+001
  0.142103E+001  0.111528E+001
  0.142315E+001  0.111982E+001
  0.142526E+001  0.112435E+001
  0.142737E+001  0.112888E+001
  0.142948E+001  0.113341E+001
  0.143160E+001  0.113794E+001
  0.143371E+001  0.114247E+001
  0.143583E+001  0.114700E+001
  0.143794E+001  0.115154E+001
  0.144006E+001  0.115607E+001
  0.144217E+001  0.116060E+001
  0.144429E+001  0.116513E+001
  0.144641E+001  0.116966E+001
  0.144852E+001  0.117419E+001
  0.145064E+001  0.117871E+001
  0.145276E+001  0.118324E+001
  0.145488E+001  0.118777E+001
  0.145700E+001  0.119230E+001
  0.145912E+001  0.119683E+001
  0.146124E+001  0.120136E+001
  0.146336E+001  0.120588E+001
  0.146549E+001  0.121041E+001
  0.146761E+001  0.121494E+001
  0.146973E+001  0.121946E+001
  0.147186E+001  0.122399E+001
  0.147399E+001  0.122851E+001
  0.147611E+001  0.123304E+001
  0.147824E+001  0.123756E+001
  0.148037E+001  0.124209E+001
  0.148250E+001  0.124661E+001
  0.148463E+001  0.125113E+001
  0.148677E+001  0.125565E+001
  0.148890E+001  0.126018E+001
  0.149104E+001  0.126470E+001
  0.149318E+001  0.126922E+001
  0.149532E+001  0.127374E+001
  0.149746E+001  0.127825E+001
  0.149960E+001  0.128277E+001
  0.150175E+001  0.128729E+001
  0.150389E+001  0.129180E+001
  0.150604E+001  0.129632E+001
  0.150819E+001  0.130083E+001
  0.151034E+001  0.130535E+001
  0.151250E+001  0.130986E+001
  0.151466E+001  0.131437E+001
  0.151682E+001  0.131888E+001
  0.151898E+001  0.132339E+001
  0.152114E+001  0.132789E+001
  0.152331E+001  0.133240E+001
  0.152548E+001  0.133690E+001
  0.152765E+001  0.134141E+001
  0.152982E+001  0.134591E+001
  0.153200E+001  0.135041E+001
  0.153418E+001  0.135491E+001
  0.153636E+001  0.135941E+001
  0.153855E+001  0.136391E+001
  0.154073E+001  0.136840E+001
  0.154292E+001  0.137290E+001
  0.154512E+001  0.137739E+001
  0.154731E+001  0.138189E+001
  0.154951E+001  0.138638E+001
  0.155171E+001  0.139087E+001
  0.155391E+001  0.139536E+001
  0.155611E+001  0.139985E+001
  0.155832E+001  0.140433E+001
  0.156052E+001  0.140882E+001
  0.156273E+001  0.141330E+001
  0.156494E+001  0.141779E+001
  0.156716E+001  0.142227E+001
  0.156937E+001  0.142676E+001
  0.157158E+001  0.143124E+001
  0.157380E+001  0.143572E+001
  0.157601E+001  0.144021E+001
  0.157823E+001  0.144469E+001
  0.158044E+001  0.144917E+001
  0.158266E+001  0.145365E+001
  0.158487E+001  0.145813E+001
  0.158709E+001  0.146262E+001
  0.158930E+001  0.146710E+001
  0.159151E+001  0.147159E+001
  0.159372E+001  0.147607E+001
  0.159592E+001  0.148056E+001
  0.159813E+001  0.148505E+001
  0.160033E+001  0.148954E+001
