  0.150921E+001  0.286049E+000
  0.150905E+001  0.291046E+000
  0.150890E+001  0.296044E+000
  0.150874E+001  0.301041E+000
  0.150858E+001  0.306039E+000
  0.150841E+001  0.311036E+000
  0.150824E+001  0.316033E+000
  0.150807E+001  0.321030E+000
  0.150788E+001  0.326027E+000
  0.150769E+001  0.331023E+000
  0.150747E+001  0.336018E+000
  0.150722E+001  0.341012E+000
  0.150691E+001  0.346003E+000
  0.150652E+001  0.350987E+000
  0.150599E+001  0.355959E+000
  0.150532E+001  0.360914E+000
  0.150454E+001  0.365853E+000
  0.150369E+001  0.370780E+000
  0.150281E+001  0.375701E+000
  0.150190E+001  0.380618E+000
  0.150098E+001  0.385533E+000
  0.150007E+001  0.390448E+000
  0.149915E+001  0.395363E+000
  0.149823E+001  0.400279E+000
  0.149732E+001  0.405195E+000
  0.149642E+001  0.410113E+000
  0.149552E+001  0.415032E+000
  0.149463E+001  0.419951E+000
  0.149374E+001  0.424873E+000
  0.149287E+001  0.429795E+000
  0.149200E+001  0.434719E+000
  0.149114E+001  0.439644E+000
  0.149029E+001  0.444571E+000
  0.148944E+001  0.449500E+000
  0.148861E+001  0.454429E+000
  0.148778E+001  0.459360E+000
  0.148696E+001  0.464293E+000
  0.148615E+001  0.469227E+000
  0.148535E+001  0.474163E+000
  0.148456E+001  0.479099E+000
  0.148378E+001  0.484038E+000
  0.148300E+001  0.488978E+000
  0.148224E+001  0.493919E+000
  0.148149E+001  0.498862E+000
  0.148074E+001  0.503806E+000
  0.148001E+001  0.508752E+000
  0.147928E+001  0.513699E+000
  0.147856E+001  0.518647E+000
  0.147786E+001  0.523597E+000
  0.147716E+001  0.528548E+000
  0.147647E+001  0.533501E+000
  0.147580E+001  0.538455E+000
  0.147513E+001  0.543410E+000
  0.147447E+001  0.548367E+000
  0.147383E+001  0.553325E+000
  0.147319E+001  0.558284E+000
  0.147256E+001  0.563245E+000
  0.147195E+001  0.568207E+000
  0.147134E+001  0.573170E+000
  0.147075E+001  0.578134E+000
  0.147016E+001  0.583100E+000
  0.146959E+001  0.588067E+000
  0.146903E+001  0.593035E+000
  0.146847E+001  0.598005E+000
  0.146793E+001  0.602975E+000
  0.146740E+001  0.607947E+000
  0.146688E+001  0.612920E+000
  0.146638E+001  0.617894E+000
  0.146588E+001  0.622869E+000
  0.146539E+001  0.627846E+000
  0.146492E+001  0.632823E+000
  0.146445E+001  0.637802E+000
  0.146400E+001  0.642781E+000
  0.146356E+001  0.647762E+000
  0.146313E+001  0.652743E+000
  0.146272E+001  0.657726E+000
  0.146231E+001  0.662710E+000
  0.146192E+001  0.667694E+000
  0.146154E+001  0.672679E+000
  0.146117E+001  0.677666E+000
  0.146081E+001  0.682653E+000
  0.146047E+001  0.687641E+000
  0.146013E+001  0.692630E+000
  0.145981E+001  0.697620E+000
  0.145951E+001  0.702610E+000
  0.145921E+001  0.707602E+000
  0.145893E+001  0.712594E+000
  0.145866E+001  0.717586E+000
  0.145840E+001  0.722580E+000
  0.145816E+001  0.727574E+000
  0.145793E+001  0.732568E+000
  0.145771E+001  0.737564E+000
  0.145750E+001  0.742559E+000
  0.145731E+001  0.747556E+000
  0.145713E+001  0.752553E+000
  0.145697E+001  0.757550E+000
  0.145682E+001  0.762548E+000
  0.145668E+001  0.767546E+000
  0.145655E+001  0.772544E+000
  0.145644E+001  0.777543E+000
  0.145635E+001  0.782542E+000
  0.145626E+001  0.787541E+000
  0.145620E+001  0.792541E+000
  0.145614E+001  0.797541E+000
  0.145610E+001  0.802540E+000
  0.145608E+001  0.807540E+000
  0.145607E+001  0.812540E+000
  0.145607E+001  0.817540E+000
  0.145609E+001  0.822540E+000
  0.145612E+001  0.827540E+000
  0.145617E+001  0.832540E+000
  0.145623E+001  0.837540E+000
  0.145631E+001  0.842539E+000
  0.145640E+001  0.847538E+000
  0.145651E+001  0.852537E+000
  0.145664E+001  0.857535E+000
  0.145678E+001  0.862533E+000
  0.145693E+001  0.867531E+000
  0.145710E+001  0.872528E+000
  0.145729E+001  0.877525E+000
  0.145749E+001  0.882520E+000
  0.145771E+001  0.887516E+000
  0.145795E+001  0.892510E+000
  0.145820E+001  0.897504E+000
  0.145847E+001  0.902497E+000
  0.145875E+001  0.907489E+000
  0.145905E+001  0.912480E+000
  0.145937E+001  0.917469E+000
  0.145970E+001  0.922458E+000
  0.146005E+001  0.927446E+000
  0.146042E+001  0.932432E+000
  0.146080E+001  0.937418E+000
  0.146121E+001  0.942401E+000
  0.146163E+001  0.947384E+000
  0.146206E+001  0.952365E+000
  0.146252E+001  0.957344E+000
  0.146299E+001  0.962322E+000
  0.146348E+001  0.967298E+000
  0.146399E+001  0.972272E+000
  0.146451E+001  0.977244E+000
  0.146505E+001  0.982215E+000
  0.146561E+001  0.987183E+000
  0.146619E+001  0.992149E+000
  0.146679E+001  0.997114E+000
  0.146741E+001  0.100208E+001
  0.146804E+001  0.100704E+001
  0.146869E+001  0.101199E+001
  0.146936E+001  0.101695E+001
  0.147005E+001  0.102190E+001
  0.147076E+001  0.102685E+001
  0.147149E+001  0.103180E+001
  0.147224E+001  0.103674E+001
  0.147300E+001  0.104168E+001
  0.147378E+001  0.104662E+001
  0.147459E+001  0.105155E+001
  0.147541E+001  0.105649E+001
  0.147625E+001  0.106141E+001
  0.147711E+001  0.106634E+001
  0.147799E+001  0.107126E+001
  0.147889E+001  0.107618E+001
  0.147981E+001  0.108110E+001
  0.148075E+001  0.108601E+001
  0.148170E+001  0.109091E+001
  0.148268E+001  0.109582E+001
  0.148367E+001  0.110072E+001
  0.148469E+001  0.110561E+001
  0.148572E+001  0.111051E+001
  0.148678E+001  0.111539E+001
  0.148785E+001  0.112028E+001
  0.148895E+001  0.112516E+001
  0.149006E+001  0.113003E+001
  0.149119E+001  0.113490E+001
  0.149234E+001  0.113977E+001
  0.149351E+001  0.114463E+001
  0.149470E+001  0.114948E+001
  0.149591E+001  0.115434E+001
  0.149714E+001  0.115918E+001
  0.149839E+001  0.116402E+001
  0.149965E+001  0.116886E+001
  0.150094E+001  0.117369E+001
  0.150224E+001  0.117852E+001
  0.150357E+001  0.118334E+001
  0.150491E+001  0.118816E+001
  0.150627E+001  0.119297E+001
  0.150765E+001  0.119778E+001
  0.150904E+001  0.120258E+001
  0.151046E+001  0.120737E+001
  0.151189E+001  0.121216E+001
  0.151334E+001  0.121695E+001
  0.151481E+001  0.122173E+001
  0.151630E+001  0.122650E+001
  0.151780E+001  0.123127E+001
  0.151932E+001  0.123603E+001
  0.152086E+001  0.124079E+001
  0.152242E+001  0.124554E+001
  0.152399E+001  0.125029E+001
  0.152557E+001  0.125503E+001
  0.152718E+001  0.125977E+001
  0.152880E+001  0.126450E+001
  0.153043E+001  0.126922E+001
  0.153208E+001  0.127394E+001
  0.153375E+001  0.127866E+001
  0.153542E+001  0.128337E+001
  0.153712E+001  0.128807E+001
  0.153883E+001  0.129277E+001
  0.154055E+001  0.129746E+001
  0.154228E+001  0.130215E+001
  0.154403E+001  0.130684E+001
  0.154579E+001  0.131152E+001
  0.154756E+001  0.131619E+001
  0.154935E+001  0.132086E+001
  0.155114E+001  0.132553E+001
  0.155295E+001  0.133019E+001
  0.155477E+001  0.133485E+001
  0.155660E+001  0.133950E+001
  0.155843E+001  0.134415E+001
  0.156028E+001  0.134880E+001
  0.156214E+001  0.135344E+001
  0.156400E+001  0.135808E+001
  0.156587E+001  0.136272E+001
  0.156774E+001  0.136736E+001
  0.156962E+001  0.137199E+001
  0.157151E+001  0.137662E+001
  0.157340E+001  0.138125E+001
  0.157529E+001  0.138588E+001
  0.157719E+001  0.139050E+001
  0.157908E+001  0.139513E+001
  0.158098E+001  0.139976E+001
  0.158287E+001  0.140438E+001
  0.158476E+001  0.140901E+001
  0.158665E+001  0.141365E+001
  0.158852E+001  0.141828E+001
  0.159040E+001  0.142292E+001
  0.159226E+001  0.142756E+001
  0.159411E+001  0.143220E+001
  0.159596E+001  0.143685E+001
  0.159779E+001  0.144150E+001
  0.159961E+001  0.144616E+001
  0.160142E+001  0.145082E+001
