  0.544621E-002  0.697446E-001  0.273647E-001  0.186912E+000  0.186912E+000  0.127667E+001
  0.544621E-002  0.697446E-001  0.273647E-001  0.186912E+000  0.186912E+000  0.127667E+001
  0.618168E-002  0.746903E-001  0.255150E-001  0.165112E+000  0.165112E+000  0.106846E+001
  0.695179E-002  0.796306E-001  0.238943E-001  0.147207E+000  0.147207E+000  0.906907E+000
  0.775458E-002  0.845657E-001  0.224620E-001  0.132307E+000  0.132307E+000  0.779322E+000
  0.858817E-002  0.894957E-001  0.211869E-001  0.119763E+000  0.119763E+000  0.676986E+000
  0.945081E-002  0.944208E-001  0.200441E-001  0.109093E+000  0.109093E+000  0.593753E+000
  0.103409E-001  0.993409E-001  0.190139E-001  0.999315E-001  0.999315E-001  0.525208E+000
  0.112568E-001  0.104256E+000  0.180803E-001  0.919989E-001  0.919989E-001  0.468121E+000
  0.121974E-001  0.109167E+000  0.172301E-001  0.850769E-001  0.850769E-001  0.420083E+000
  0.131612E-001  0.114073E+000  0.164528E-001  0.789966E-001  0.789966E-001  0.379292E+000
  0.141471E-001  0.118975E+000  0.157387E-001  0.736174E-001  0.736174E-001  0.344342E+000
  0.151541E-001  0.123873E+000  0.150811E-001  0.688341E-001  0.688341E-001  0.314177E+000
  0.161812E-001  0.128766E+000  0.144731E-001  0.645563E-001  0.645563E-001  0.287949E+000
  0.172276E-001  0.133655E+000  0.139097E-001  0.607127E-001  0.607127E-001  0.264997E+000
  0.182925E-001  0.138541E+000  0.133858E-001  0.572419E-001  0.572419E-001  0.244785E+000
  0.193752E-001  0.143422E+000  0.128974E-001  0.540946E-001  0.540946E-001  0.226884E+000
  0.204750E-001  0.148299E+000  0.124416E-001  0.512311E-001  0.512311E-001  0.210955E+000
  0.215915E-001  0.153173E+000  0.120147E-001  0.486143E-001  0.486143E-001  0.196703E+000
  0.227241E-001  0.158043E+000  0.116146E-001  0.462162E-001  0.462162E-001  0.183901E+000
  0.238723E-001  0.162910E+000  0.112389E-001  0.440123E-001  0.440123E-001  0.172355E+000
  0.250358E-001  0.167772E+000  0.108848E-001  0.419780E-001  0.419780E-001  0.161890E+000
  0.262142E-001  0.172632E+000  0.105515E-001  0.400984E-001  0.400984E-001  0.152384E+000
  0.274071E-001  0.177487E+000  0.102366E-001  0.383551E-001  0.383551E-001  0.143711E+000
  0.286143E-001  0.182339E+000  0.993933E-002  0.367365E-001  0.367365E-001  0.135780E+000
  0.298354E-001  0.187188E+000  0.965778E-002  0.352284E-001  0.352284E-001  0.128502E+000
  0.310702E-001  0.192033E+000  0.939121E-002  0.338220E-001  0.338220E-001  0.121808E+000
  0.323186E-001  0.196875E+000  0.913845E-002  0.325073E-001  0.325073E-001  0.115635E+000
  0.335802E-001  0.201713E+000  0.889837E-002  0.312757E-001  0.312757E-001  0.109927E+000
  0.348550E-001  0.206548E+000  0.867024E-002  0.301204E-001  0.301204E-001  0.104638E+000
  0.361426E-001  0.211379E+000  0.845320E-002  0.290349E-001  0.290349E-001  0.997282E-001
  0.374431E-001  0.216207E+000  0.824658E-002  0.280134E-001  0.280134E-001  0.951605E-001
  0.387560E-001  0.221031E+000  0.804983E-002  0.270513E-001  0.270513E-001  0.909053E-001
  0.400815E-001  0.225853E+000  0.786226E-002  0.261437E-001  0.261437E-001  0.869330E-001
  0.414192E-001  0.230670E+000  0.768311E-002  0.252857E-001  0.252857E-001  0.832172E-001
  0.427691E-001  0.235485E+000  0.751222E-002  0.244749E-001  0.244749E-001  0.797393E-001
  0.441310E-001  0.240296E+000  0.734890E-002  0.237071E-001  0.237071E-001  0.764774E-001
  0.455048E-001  0.245103E+000  0.719252E-002  0.229786E-001  0.229786E-001  0.734120E-001
  0.468904E-001  0.249907E+000  0.704315E-002  0.222883E-001  0.222883E-001  0.705321E-001
  0.482876E-001  0.254708E+000  0.690001E-002  0.216323E-001  0.216323E-001  0.678194E-001
  0.496963E-001  0.259506E+000  0.676314E-002  0.210094E-001  0.210094E-001  0.652649E-001
  0.511164E-001  0.264300E+000  0.663181E-002  0.204164E-001  0.204164E-001  0.628530E-001
  0.525478E-001  0.269090E+000  0.650572E-002  0.198513E-001  0.198513E-001  0.605734E-001
  0.539904E-001  0.273878E+000  0.638493E-002  0.193133E-001  0.193133E-001  0.584195E-001
  0.554440E-001  0.278662E+000  0.626895E-002  0.188002E-001  0.188002E-001  0.563808E-001
  0.569085E-001  0.283442E+000  0.615769E-002  0.183109E-001  0.183109E-001  0.544505E-001
  0.583838E-001  0.288220E+000  0.605059E-002  0.178430E-001  0.178430E-001  0.526186E-001
  0.598698E-001  0.292994E+000  0.594774E-002  0.173962E-001  0.173962E-001  0.508811E-001
  0.613663E-001  0.297765E+000  0.584895E-002  0.169693E-001  0.169693E-001  0.492319E-001
  0.628733E-001  0.302532E+000  0.575376E-002  0.165603E-001  0.165603E-001  0.476632E-001
  0.643906E-001  0.307296E+000  0.566231E-002  0.161692E-001  0.161692E-001  0.461724E-001
  0.659181E-001  0.312057E+000  0.557418E-002  0.157943E-001  0.157943E-001  0.447528E-001
  0.674556E-001  0.316815E+000  0.548919E-002  0.154347E-001  0.154347E-001  0.433998E-001
  0.690032E-001  0.321570E+000  0.540742E-002  0.150902E-001  0.150902E-001  0.421111E-001
  0.705605E-001  0.326321E+000  0.532857E-002  0.147595E-001  0.147595E-001  0.408818E-001
  0.721275E-001  0.331069E+000  0.525258E-002  0.144421E-001  0.144421E-001  0.397088E-001
  0.737042E-001  0.335814E+000  0.517926E-002  0.141372E-001  0.141372E-001  0.385886E-001
  0.752903E-001  0.340556E+000  0.510855E-002  0.138443E-001  0.138443E-001  0.375183E-001
  0.768857E-001  0.345294E+000  0.504034E-002  0.135628E-001  0.135628E-001  0.364955E-001
  0.784903E-001  0.350030E+000  0.497439E-002  0.132918E-001  0.132918E-001  0.355164E-001
  0.801041E-001  0.354762E+000  0.491077E-002  0.130312E-001  0.130312E-001  0.345797E-001
  0.817268E-001  0.359492E+000  0.484927E-002  0.127803E-001  0.127803E-001  0.336825E-001
  0.833584E-001  0.364218E+000  0.478980E-002  0.125385E-001  0.125385E-001  0.328226E-001
  0.849986E-001  0.368941E+000  0.473236E-002  0.123057E-001  0.123057E-001  0.319986E-001
  0.866476E-001  0.373661E+000  0.467700E-002  0.120817E-001  0.120817E-001  0.312096E-001
  0.883049E-001  0.378379E+000  0.462315E-002  0.118649E-001  0.118649E-001  0.304504E-001
  0.899707E-001  0.383093E+000  0.457114E-002  0.116561E-001  0.116561E-001  0.297222E-001
  0.916447E-001  0.387805E+000  0.452093E-002  0.114549E-001  0.114549E-001  0.290237E-001
  0.933269E-001  0.392513E+000  0.447219E-002  0.112603E-001  0.112603E-001  0.283515E-001
  0.950170E-001  0.397219E+000  0.442506E-002  0.110725E-001  0.110725E-001  0.277058E-001
  0.967151E-001  0.401922E+000  0.437942E-002  0.108911E-001  0.108911E-001  0.270848E-001
  0.984209E-001  0.406622E+000  0.433522E-002  0.107159E-001  0.107159E-001  0.264875E-001
  0.100134E+000  0.411319E+000  0.429297E-002  0.105479E-001  0.105479E-001  0.259161E-001
  0.101855E+000  0.416013E+000  0.425114E-002  0.103832E-001  0.103832E-001  0.253606E-001
  0.103584E+000  0.420705E+000  0.421058E-002  0.102239E-001  0.102239E-001  0.248253E-001
  0.105320E+000  0.425394E+000  0.417179E-002  0.100711E-001  0.100711E-001  0.243127E-001
  0.107063E+000  0.430080E+000  0.413416E-002  0.992317E-002  0.992317E-002  0.238185E-001
  0.108813E+000  0.434764E+000  0.409704E-002  0.977846E-002  0.977846E-002  0.233384E-001
  0.110570E+000  0.439445E+000  0.406136E-002  0.963909E-002  0.963909E-002  0.228771E-001
  0.112334E+000  0.444124E+000  0.402681E-002  0.950426E-002  0.950426E-002  0.224324E-001
  0.114105E+000  0.448800E+000  0.399321E-002  0.937344E-002  0.937344E-002  0.220027E-001
  0.115882E+000  0.453473E+000  0.396080E-002  0.924713E-002  0.924713E-002  0.215889E-001
  0.117666E+000  0.458144E+000  0.392927E-002  0.912451E-002  0.912451E-002  0.211888E-001
  0.119457E+000  0.462812E+000  0.389853E-002  0.900529E-002  0.900529E-002  0.208014E-001
  0.121254E+000  0.467478E+000  0.386891E-002  0.889018E-002  0.889018E-002  0.204283E-001
  0.123057E+000  0.472142E+000  0.383943E-002  0.877686E-002  0.877686E-002  0.200637E-001
  0.124866E+000  0.476803E+000  0.381120E-002  0.866786E-002  0.866786E-002  0.197134E-001
  0.126681E+000  0.481462E+000  0.378453E-002  0.856374E-002  0.856374E-002  0.193783E-001
  0.128503E+000  0.486118E+000  0.375731E-002  0.845969E-002  0.845969E-002  0.190472E-001
  0.130330E+000  0.490772E+000  0.373123E-002  0.835950E-002  0.835950E-002  0.187287E-001
  0.132163E+000  0.495424E+000  0.370599E-002  0.826243E-002  0.826243E-002  0.184209E-001
  0.134002E+000  0.500074E+000  0.368156E-002  0.816832E-002  0.816832E-002  0.181232E-001
  0.135846E+000  0.504721E+000  0.365760E-002  0.807643E-002  0.807643E-002  0.178338E-001
  0.137696E+000  0.509367E+000  0.363436E-002  0.798725E-002  0.798725E-002  0.175536E-001
  0.139551E+000  0.514010E+000  0.361194E-002  0.790092E-002  0.790092E-002  0.172828E-001
  0.141412E+000  0.518651E+000  0.358973E-002  0.781610E-002  0.781610E-002  0.170184E-001
  0.143278E+000  0.523289E+000  0.356897E-002  0.773543E-002  0.773543E-002  0.167659E-001
  0.145149E+000  0.527926E+000  0.354780E-002  0.765484E-002  0.765484E-002  0.165163E-001
  0.147025E+000  0.532561E+000  0.352711E-002  0.757625E-002  0.757625E-002  0.162738E-001
  0.148906E+000  0.537194E+000  0.350720E-002  0.750024E-002  0.750024E-002  0.160394E-001
  0.150792E+000  0.541824E+000  0.348792E-002  0.742645E-002  0.742645E-002  0.158123E-001
  0.152683E+000  0.546453E+000  0.346905E-002  0.735440E-002  0.735440E-002  0.155913E-001
  0.154578E+000  0.551080E+000  0.345150E-002  0.728598E-002  0.728598E-002  0.153804E-001
  0.156479E+000  0.555704E+000  0.343291E-002  0.721614E-002  0.721614E-002  0.151687E-001
  0.158384E+000  0.560327E+000  0.341539E-002  0.714935E-002  0.714935E-002  0.149655E-001
  0.160293E+000  0.564948E+000  0.339828E-002  0.708417E-002  0.708417E-002  0.147679E-001
  0.162207E+000  0.569567E+000  0.338157E-002  0.702057E-002  0.702057E-002  0.145756E-001
  0.164126E+000  0.574185E+000  0.336528E-002  0.695854E-002  0.695854E-002  0.143885E-001
  0.166048E+000  0.578800E+000  0.334968E-002  0.689864E-002  0.689864E-002  0.142077E-001
  0.167976E+000  0.583414E+000  0.333431E-002  0.683987E-002  0.683987E-002  0.140310E-001
  0.169907E+000  0.588026E+000  0.331885E-002  0.678157E-002  0.678157E-002  0.138571E-001
  0.171842E+000  0.592636E+000  0.330392E-002  0.672500E-002  0.672500E-002  0.136885E-001
  0.173781E+000  0.597245E+000  0.329009E-002  0.667129E-002  0.667129E-002  0.135273E-001
  0.175725E+000  0.601852E+000  0.327531E-002  0.661624E-002  0.661624E-002  0.133650E-001
  0.177672E+000  0.606457E+000  0.326171E-002  0.656416E-002  0.656416E-002  0.132103E-001
  0.179624E+000  0.611060E+000  0.324863E-002  0.651367E-002  0.651367E-002  0.130602E-001
  0.181579E+000  0.615662E+000  0.323517E-002  0.646299E-002  0.646299E-002  0.129113E-001
  0.183537E+000  0.620263E+000  0.322241E-002  0.641426E-002  0.641426E-002  0.127677E-001
  0.185500E+000  0.624861E+000  0.320911E-002  0.636494E-002  0.636494E-002  0.126242E-001
  0.187466E+000  0.629459E+000  0.319689E-002  0.631830E-002  0.631830E-002  0.124874E-001
  0.189436E+000  0.634054E+000  0.318449E-002  0.627181E-002  0.627181E-002  0.123522E-001
  0.191409E+000  0.638648E+000  0.317259E-002  0.622677E-002  0.622677E-002  0.122211E-001
  0.193386E+000  0.643241E+000  0.316088E-002  0.618259E-002  0.618259E-002  0.120929E-001
  0.195366E+000  0.647832E+000  0.314955E-002  0.613958E-002  0.613958E-002  0.119682E-001
  0.197350E+000  0.652422E+000  0.313817E-002  0.609695E-002  0.609695E-002  0.118454E-001
  0.199337E+000  0.657010E+000  0.312717E-002  0.605548E-002  0.605548E-002  0.117259E-001
  0.201327E+000  0.661597E+000  0.311638E-002  0.601485E-002  0.601485E-002  0.116091E-001
  0.203321E+000  0.666182E+000  0.310622E-002  0.597585E-002  0.597585E-002  0.114965E-001
  0.205317E+000  0.670766E+000  0.309529E-002  0.593576E-002  0.593576E-002  0.113829E-001
  0.207317E+000  0.675349E+000  0.308504E-002  0.589739E-002  0.589739E-002  0.112735E-001
  0.209320E+000  0.679930E+000  0.307513E-002  0.586005E-002  0.586005E-002  0.111671E-001
  0.211326E+000  0.684510E+000  0.306535E-002  0.582333E-002  0.582333E-002  0.110627E-001
  0.213335E+000  0.689089E+000  0.305557E-002  0.578697E-002  0.578697E-002  0.109600E-001
  0.215346E+000  0.693666E+000  0.304594E-002  0.575126E-002  0.575126E-002  0.108594E-001
  0.217361E+000  0.698242E+000  0.303637E-002  0.571602E-002  0.571602E-002  0.107605E-001
  0.219379E+000  0.702817E+000  0.302720E-002  0.568188E-002  0.568188E-002  0.106646E-001
  0.221399E+000  0.707391E+000  0.301820E-002  0.564840E-002  0.564840E-002  0.105707E-001
  0.223423E+000  0.711963E+000  0.300939E-002  0.561558E-002  0.561558E-002  0.104788E-001
  0.225449E+000  0.716534E+000  0.300063E-002  0.558319E-002  0.558319E-002  0.103885E-001
  0.227477E+000  0.721104E+000  0.299143E-002  0.555029E-002  0.555029E-002  0.102980E-001
  0.229509E+000  0.725673E+000  0.298296E-002  0.551906E-002  0.551906E-002  0.102113E-001
  0.231543E+000  0.730241E+000  0.297431E-002  0.548780E-002  0.548780E-002  0.101253E-001
  0.233579E+000  0.734807E+000  0.296601E-002  0.545747E-002  0.545747E-002  0.100418E-001
  0.235618E+000  0.739372E+000  0.295778E-002  0.542755E-002  0.542755E-002  0.995962E-002
  0.237660E+000  0.743937E+000  0.294968E-002  0.539817E-002  0.539817E-002  0.987911E-002
  0.239704E+000  0.748500E+000  0.294184E-002  0.536953E-002  0.536953E-002  0.980063E-002
  0.241751E+000  0.753061E+000  0.293347E-002  0.534019E-002  0.534019E-002  0.972148E-002
  0.243800E+000  0.757622E+000  0.292552E-002  0.531190E-002  0.531190E-002  0.964487E-002
  0.245852E+000  0.762182E+000  0.291812E-002  0.528485E-002  0.528485E-002  0.957111E-002
  0.247905E+000  0.766741E+000  0.291022E-002  0.525715E-002  0.525715E-002  0.949677E-002
  0.249961E+000  0.771298E+000  0.290242E-002  0.522990E-002  0.522990E-002  0.942381E-002
  0.252020E+000  0.775855E+000  0.289483E-002  0.520326E-002  0.520326E-002  0.935249E-002
  0.254081E+000  0.780411E+000  0.288744E-002  0.517721E-002  0.517721E-002  0.928279E-002
  0.256143E+000  0.784965E+000  0.288002E-002  0.515136E-002  0.515136E-002  0.921400E-002
  0.258209E+000  0.789519E+000  0.287271E-002  0.512592E-002  0.512592E-002  0.914644E-002
  0.260276E+000  0.794072E+000  0.286523E-002  0.510042E-002  0.510042E-002  0.907930E-002
  0.262345E+000  0.798623E+000  0.285806E-002  0.507570E-002  0.507570E-002  0.901405E-002
  0.264417E+000  0.803174E+000  0.285081E-002  0.505103E-002  0.505103E-002  0.894936E-002
  0.266491E+000  0.807724E+000  0.284379E-002  0.502700E-002  0.502700E-002  0.888629E-002
  0.268566E+000  0.812272E+000  0.283661E-002  0.500290E-002  0.500290E-002  0.882356E-002
  0.270644E+000  0.816820E+000  0.282961E-002  0.497931E-002  0.497931E-002  0.876218E-002
  0.272724E+000  0.821367E+000  0.282278E-002  0.495623E-002  0.495623E-002  0.870215E-002
  0.274805E+000  0.825913E+000  0.281583E-002  0.493315E-002  0.493315E-002  0.864254E-002
  0.276889E+000  0.830458E+000  0.280877E-002  0.491006E-002  0.491006E-002  0.858335E-002
  0.278975E+000  0.835003E+000  0.280192E-002  0.488752E-002  0.488752E-002  0.852554E-002
  0.281062E+000  0.839546E+000  0.279521E-002  0.486543E-002  0.486543E-002  0.846893E-002
  0.283152E+000  0.844088E+000  0.278867E-002  0.484382E-002  0.484382E-002  0.841354E-002
  0.285243E+000  0.848630E+000  0.278156E-002  0.482140E-002  0.482140E-002  0.835714E-002
  0.287336E+000  0.853171E+000  0.277484E-002  0.479983E-002  0.479983E-002  0.830259E-002
  0.289431E+000  0.857711E+000  0.276813E-002  0.477846E-002  0.477846E-002  0.824877E-002
  0.291528E+000  0.862250E+000  0.276160E-002  0.475757E-002  0.475757E-002  0.819613E-002
  0.293626E+000  0.866788E+000  0.275482E-002  0.473641E-002  0.473641E-002  0.814342E-002
  0.295726E+000  0.871326E+000  0.274845E-002  0.471614E-002  0.471614E-002  0.809256E-002
  0.297828E+000  0.875863E+000  0.274194E-002  0.469579E-002  0.469579E-002  0.804192E-002
  0.299932E+000  0.880399E+000  0.273506E-002  0.467497E-002  0.467497E-002  0.799080E-002
  0.302037E+000  0.884934E+000  0.272872E-002  0.465523E-002  0.465523E-002  0.794187E-002
  0.304144E+000  0.889468E+000  0.272200E-002  0.463499E-002  0.463499E-002  0.789241E-002
  0.306253E+000  0.894002E+000  0.271537E-002  0.461507E-002  0.461507E-002  0.784381E-002
  0.308363E+000  0.898535E+000  0.270906E-002  0.459584E-002  0.459584E-002  0.779670E-002
  0.310475E+000  0.903067E+000  0.270239E-002  0.457615E-002  0.457615E-002  0.774912E-002
  0.312588E+000  0.907598E+000  0.269612E-002  0.455729E-002  0.455729E-002  0.770324E-002
  0.314703E+000  0.912129E+000  0.268986E-002  0.453858E-002  0.453858E-002  0.765790E-002
  0.316820E+000  0.916659E+000  0.268293E-002  0.451887E-002  0.451887E-002  0.761117E-002
  0.318938E+000  0.921188E+000  0.267644E-002  0.450006E-002  0.450006E-002  0.756624E-002
  0.321058E+000  0.925716E+000  0.267020E-002  0.448181E-002  0.448181E-002  0.752253E-002
  0.323179E+000  0.930244E+000  0.266360E-002  0.446308E-002  0.446308E-002  0.747828E-002
  0.325301E+000  0.934771E+000  0.265703E-002  0.444456E-002  0.444456E-002  0.743465E-002
  0.327425E+000  0.939298E+000  0.265073E-002  0.442661E-002  0.442661E-002  0.739223E-002
  0.329551E+000  0.943823E+000  0.264448E-002  0.440885E-002  0.440885E-002  0.735041E-002
  0.331677E+000  0.948349E+000  0.263823E-002  0.439124E-002  0.439124E-002  0.730907E-002
  0.333806E+000  0.952873E+000  0.263130E-002  0.437262E-002  0.437262E-002  0.726629E-002
  0.335935E+000  0.957397E+000  0.262497E-002  0.435513E-002  0.435513E-002  0.722566E-002
  0.338066E+000  0.961920E+000  0.261844E-002  0.433742E-002  0.433742E-002  0.718489E-002
  0.340199E+000  0.966442E+000  0.261223E-002  0.432036E-002  0.432036E-002  0.714542E-002
  0.342332E+000  0.970964E+000  0.260543E-002  0.430244E-002  0.430244E-002  0.710477E-002
  0.344467E+000  0.975486E+000  0.259922E-002  0.428561E-002  0.428561E-002  0.706615E-002
  0.346604E+000  0.980006E+000  0.259281E-002  0.426858E-002  0.426858E-002  0.702741E-002
  0.348741E+000  0.984526E+000  0.258602E-002  0.425102E-002  0.425102E-002  0.698803E-002
  0.350880E+000  0.989046E+000  0.257957E-002  0.423414E-002  0.423414E-002  0.694997E-002
  0.353020E+000  0.993565E+000  0.257318E-002  0.421747E-002  0.421747E-002  0.691247E-002
  0.355161E+000  0.998083E+000  0.256690E-002  0.420109E-002  0.420109E-002  0.687566E-002
  0.357304E+000  0.100260E+001  0.256018E-002  0.418408E-002  0.418408E-002  0.683802E-002
  0.359448E+000  0.100712E+001  0.255456E-002  0.416899E-002  0.416899E-002  0.680370E-002
  0.361593E+000  0.101163E+001  0.255271E-002  0.416014E-002  0.416014E-002  0.677976E-002
  0.363739E+000  0.101615E+001  0.254064E-002  0.413474E-002  0.413474E-002  0.672903E-002
  0.365886E+000  0.102067E+001  0.254025E-002  0.412844E-002  0.412844E-002  0.670959E-002
  0.368035E+000  0.102518E+001  0.252787E-002  0.410275E-002  0.410275E-002  0.665879E-002
  0.370184E+000  0.102969E+001  0.252531E-002  0.409312E-002  0.409312E-002  0.663427E-002
  0.372335E+000  0.103421E+001  0.251512E-002  0.407120E-002  0.407120E-002  0.659000E-002
  0.374487E+000  0.103872E+001  0.250901E-002  0.405600E-002  0.405600E-002  0.655680E-002
  0.376640E+000  0.104323E+001  0.250742E-002  0.404817E-002  0.404817E-002  0.653568E-002
  0.378794E+000  0.104775E+001  0.249702E-002  0.402621E-002  0.402621E-002  0.649190E-002
  0.380949E+000  0.105226E+001  0.248880E-002  0.400788E-002  0.400788E-002  0.645416E-002
  0.383105E+000  0.105677E+001  0.248178E-002  0.399157E-002  0.399157E-002  0.641985E-002
  0.385262E+000  0.106128E+001  0.247513E-002  0.397595E-002  0.397595E-002  0.638681E-002
  0.387421E+000  0.106579E+001  0.246910E-002  0.396140E-002  0.396140E-002  0.635565E-002
  0.389580E+000  0.107030E+001  0.246204E-002  0.394529E-002  0.394529E-002  0.632214E-002
  0.391740E+000  0.107481E+001  0.245535E-002  0.392987E-002  0.392987E-002  0.628989E-002
  0.393901E+000  0.107932E+001  0.244994E-002  0.391657E-002  0.391657E-002  0.626119E-002
  0.396064E+000  0.108383E+001  0.244341E-002  0.390155E-002  0.390155E-002  0.622988E-002
  0.398227E+000  0.108833E+001  0.244152E-002  0.389403E-002  0.389403E-002  0.621067E-002
  0.400391E+000  0.109284E+001  0.242974E-002  0.387082E-002  0.387082E-002  0.616658E-002
  0.402556E+000  0.109735E+001  0.242238E-002  0.385471E-002  0.385471E-002  0.613398E-002
  0.404722E+000  0.110186E+001  0.242091E-002  0.384807E-002  0.384807E-002  0.611656E-002
  0.406889E+000  0.110636E+001  0.240909E-002  0.382504E-002  0.382504E-002  0.607324E-002
  0.409057E+000  0.111087E+001  0.240379E-002  0.381246E-002  0.381246E-002  0.604664E-002
  0.411226E+000  0.111537E+001  0.239726E-002  0.379800E-002  0.379800E-002  0.601719E-002
  0.413395E+000  0.111988E+001  0.239176E-002  0.378523E-002  0.378523E-002  0.599055E-002
  0.415566E+000  0.112438E+001  0.238243E-002  0.376648E-002  0.376648E-002  0.595459E-002
  0.417737E+000  0.112889E+001  0.238154E-002  0.376113E-002  0.376113E-002  0.593992E-002
  0.419909E+000  0.113339E+001  0.236943E-002  0.373815E-002  0.373815E-002  0.589752E-002
  0.422082E+000  0.113789E+001  0.236167E-002  0.372210E-002  0.372210E-002  0.586620E-002
  0.424256E+000  0.114239E+001  0.235796E-002  0.371250E-002  0.371250E-002  0.584517E-002
  0.426431E+000  0.114690E+001  0.235071E-002  0.369739E-002  0.369739E-002  0.581557E-002
  0.428607E+000  0.115140E+001  0.234123E-002  0.367886E-002  0.367886E-002  0.578070E-002
  0.430783E+000  0.115590E+001  0.233441E-002  0.366456E-002  0.366456E-002  0.575262E-002
  0.432960E+000  0.116040E+001  0.232799E-002  0.365095E-002  0.365095E-002  0.572573E-002
  0.435138E+000  0.116490E+001  0.232208E-002  0.363821E-002  0.363821E-002  0.570031E-002
  0.437316E+000  0.116940E+001  0.231444E-002  0.362282E-002  0.362282E-002  0.567085E-002
  0.439496E+000  0.117390E+001  0.230892E-002  0.361081E-002  0.361081E-002  0.564679E-002
  0.441676E+000  0.117840E+001  0.230140E-002  0.359574E-002  0.359574E-002  0.561803E-002
  0.443857E+000  0.118290E+001  0.229418E-002  0.358120E-002  0.358120E-002  0.559023E-002
  0.446038E+000  0.118740E+001  0.228651E-002  0.356602E-002  0.356602E-002  0.556152E-002
  0.448221E+000  0.119190E+001  0.227962E-002  0.355210E-002  0.355210E-002  0.553488E-002
  0.450404E+000  0.119640E+001  0.227350E-002  0.353946E-002  0.353946E-002  0.551034E-002
  0.452587E+000  0.120090E+001  0.227215E-002  0.353428E-002  0.353428E-002  0.549750E-002
  0.454772E+000  0.120539E+001  0.226200E-002  0.351547E-002  0.351547E-002  0.546353E-002
  0.456957E+000  0.120989E+001  0.225221E-002  0.349728E-002  0.349728E-002  0.543065E-002
  0.459142E+000  0.121439E+001  0.224778E-002  0.348747E-002  0.348747E-002  0.541087E-002
  0.461329E+000  0.121888E+001  0.224287E-002  0.347696E-002  0.347696E-002  0.539009E-002
  0.463516E+000  0.122338E+001  0.223144E-002  0.345640E-002  0.345640E-002  0.535383E-002
  0.465703E+000  0.122788E+001  0.222815E-002  0.344852E-002  0.344852E-002  0.533729E-002
  0.467891E+000  0.123237E+001  0.221759E-002  0.342942E-002  0.342942E-002  0.530347E-002
  0.470080E+000  0.123687E+001  0.221245E-002  0.341876E-002  0.341876E-002  0.528281E-002
  0.472270E+000  0.124136E+001  0.220568E-002  0.340564E-002  0.340564E-002  0.525840E-002
  0.474460E+000  0.124586E+001  0.219722E-002  0.338995E-002  0.338995E-002  0.523014E-002
  0.476650E+000  0.125035E+001  0.218983E-002  0.337596E-002  0.337596E-002  0.520458E-002
  0.478841E+000  0.125485E+001  0.218718E-002  0.336934E-002  0.336934E-002  0.519044E-002
  0.481033E+000  0.125934E+001  0.217541E-002  0.334869E-002  0.334869E-002  0.515479E-002
  0.483226E+000  0.126383E+001  0.217399E-002  0.334405E-002  0.334405E-002  0.514384E-002
  0.485418E+000  0.126833E+001  0.216354E-002  0.332554E-002  0.332554E-002  0.511164E-002
  0.487612E+000  0.127282E+001  0.215473E-002  0.330962E-002  0.330962E-002  0.508350E-002
  0.489806E+000  0.127731E+001  0.215166E-002  0.330255E-002  0.330255E-002  0.506902E-002
  0.492000E+000  0.128181E+001  0.214315E-002  0.328717E-002  0.328717E-002  0.504187E-002
  0.494195E+000  0.128630E+001  0.213347E-002  0.327005E-002  0.327005E-002  0.501212E-002
  0.496390E+000  0.129079E+001  0.212619E-002  0.325665E-002  0.325665E-002  0.498816E-002
  0.498586E+000  0.129528E+001  0.212033E-002  0.324547E-002  0.324547E-002  0.496766E-002
  0.500783E+000  0.129977E+001  0.211809E-002  0.323987E-002  0.323987E-002  0.495576E-002
  0.502980E+000  0.130427E+001  0.210676E-002  0.322039E-002  0.322039E-002  0.492271E-002
  0.505177E+000  0.130876E+001  0.209905E-002  0.320651E-002  0.320651E-002  0.489827E-002
  0.507375E+000  0.131325E+001  0.209097E-002  0.319211E-002  0.319211E-002  0.487311E-002
  0.509573E+000  0.131774E+001  0.208378E-002  0.317910E-002  0.317910E-002  0.485015E-002
  0.511772E+000  0.132223E+001  0.207670E-002  0.316629E-002  0.316629E-002  0.482757E-002
  0.513971E+000  0.132672E+001  0.206964E-002  0.315356E-002  0.315356E-002  0.480515E-002
  0.516170E+000  0.133121E+001  0.206240E-002  0.314059E-002  0.314059E-002  0.478243E-002
  0.518370E+000  0.133570E+001  0.205528E-002  0.312784E-002  0.312784E-002  0.476012E-002
  0.520571E+000  0.134019E+001  0.204837E-002  0.311544E-002  0.311544E-002  0.473840E-002
  0.522772E+000  0.134468E+001  0.204127E-002  0.310280E-002  0.310280E-002  0.471636E-002
  0.524973E+000  0.134917E+001  0.203389E-002  0.308977E-002  0.308977E-002  0.469380E-002
  0.527174E+000  0.135366E+001  0.202734E-002  0.307803E-002  0.307803E-002  0.467326E-002
  0.529376E+000  0.135815E+001  0.202087E-002  0.306645E-002  0.306645E-002  0.465300E-002
  0.531579E+000  0.136264E+001  0.201341E-002  0.305340E-002  0.305340E-002  0.463058E-002
  0.533781E+000  0.136713E+001  0.200996E-002  0.304646E-002  0.304646E-002  0.461746E-002
  0.535984E+000  0.137161E+001  0.200087E-002  0.303100E-002  0.303100E-002  0.459150E-002
  0.538187E+000  0.137610E+001  0.199132E-002  0.301490E-002  0.301490E-002  0.456462E-002
  0.540391E+000  0.138059E+001  0.198379E-002  0.300187E-002  0.300187E-002  0.454244E-002
  0.542595E+000  0.138508E+001  0.197721E-002  0.299033E-002  0.299033E-002  0.452256E-002
  0.544799E+000  0.138957E+001  0.197349E-002  0.298313E-002  0.298313E-002  0.450931E-002
  0.547004E+000  0.139405E+001  0.196524E-002  0.296911E-002  0.296911E-002  0.448578E-002
  0.549209E+000  0.139854E+001  0.195553E-002  0.295294E-002  0.295294E-002  0.445905E-002
  0.551414E+000  0.140303E+001  0.194822E-002  0.294040E-002  0.294040E-002  0.443787E-002
  0.553620E+000  0.140752E+001  0.194256E-002  0.293040E-002  0.293040E-002  0.442057E-002
  0.555826E+000  0.141200E+001  0.193711E-002  0.292072E-002  0.292072E-002  0.440379E-002
  0.558032E+000  0.141649E+001  0.192647E-002  0.290327E-002  0.290327E-002  0.437534E-002
  0.560238E+000  0.142098E+001  0.192023E-002  0.289247E-002  0.289247E-002  0.435697E-002
  0.562445E+000  0.142546E+001  0.191649E-002  0.288547E-002  0.288547E-002  0.434435E-002
  0.564651E+000  0.142995E+001  0.190450E-002  0.286606E-002  0.286606E-002  0.431310E-002
  0.566859E+000  0.143444E+001  0.189784E-002  0.285471E-002  0.285471E-002  0.429403E-002
  0.569066E+000  0.143892E+001  0.189298E-002  0.284610E-002  0.284610E-002  0.427911E-002
  0.571273E+000  0.144341E+001  0.188291E-002  0.282968E-002  0.282968E-002  0.425250E-002
  0.573481E+000  0.144790E+001  0.187894E-002  0.282245E-002  0.282245E-002  0.423974E-002
  0.575689E+000  0.145238E+001  0.186885E-002  0.280605E-002  0.280605E-002  0.421325E-002
  0.577897E+000  0.145687E+001  0.186229E-002  0.279498E-002  0.279498E-002  0.419480E-002
  0.580106E+000  0.146135E+001  0.185735E-002  0.278637E-002  0.278637E-002  0.418008E-002
  0.582314E+000  0.146584E+001  0.184662E-002  0.276911E-002  0.276911E-002  0.415241E-002
  0.584523E+000  0.147033E+001  0.184356E-002  0.276336E-002  0.276336E-002  0.414206E-002
  0.586732E+000  0.147481E+001  0.183198E-002  0.274485E-002  0.274485E-002  0.411262E-002
  0.588941E+000  0.147930E+001  0.182748E-002  0.273700E-002  0.273700E-002  0.409918E-002
  0.591151E+000  0.148378E+001  0.181877E-002  0.272285E-002  0.272285E-002  0.407633E-002
  0.593360E+000  0.148827E+001  0.181131E-002  0.271061E-002  0.271061E-002  0.405640E-002
  0.595570E+000  0.149275E+001  0.180469E-002  0.269964E-002  0.269964E-002  0.403840E-002
  0.597779E+000  0.149724E+001  0.179694E-002  0.268701E-002  0.268701E-002  0.401795E-002
  0.599989E+000  0.150172E+001  0.178905E-002  0.267419E-002  0.267419E-002  0.399724E-002
  0.602199E+000  0.150621E+001  0.178190E-002  0.266249E-002  0.266249E-002  0.397826E-002
  0.604409E+000  0.151069E+001  0.177419E-002  0.264998E-002  0.264998E-002  0.395808E-002
  0.606620E+000  0.151518E+001  0.176640E-002  0.263738E-002  0.263738E-002  0.393781E-002
  0.608830E+000  0.151966E+001  0.176001E-002  0.262688E-002  0.262688E-002  0.392071E-002
  0.611041E+000  0.152415E+001  0.175169E-002  0.261352E-002  0.261352E-002  0.389937E-002
  0.613251E+000  0.152863E+001  0.174491E-002  0.260248E-002  0.260248E-002  0.388153E-002
  0.615462E+000  0.153312E+001  0.173756E-002  0.259062E-002  0.259062E-002  0.386249E-002
  0.617673E+000  0.153760E+001  0.173078E-002  0.257962E-002  0.257962E-002  0.384476E-002
  0.619883E+000  0.154209E+001  0.172476E-002  0.256978E-002  0.256978E-002  0.382880E-002
  0.622094E+000  0.154657E+001  0.171465E-002  0.255386E-002  0.255386E-002  0.380380E-002
  0.624305E+000  0.155106E+001  0.171065E-002  0.254705E-002  0.254705E-002  0.379240E-002
  0.626516E+000  0.155554E+001  0.169978E-002  0.253004E-002  0.253004E-002  0.376585E-002
  0.628727E+000  0.156003E+001  0.169760E-002  0.252599E-002  0.252599E-002  0.375861E-002
  0.630938E+000  0.156451E+001  0.168525E-002  0.250681E-002  0.250681E-002  0.372887E-002
  0.633150E+000  0.156899E+001  0.168179E-002  0.250088E-002  0.250088E-002  0.371889E-002
  0.635361E+000  0.157348E+001  0.167030E-002  0.248302E-002  0.248302E-002  0.369119E-002
  0.637572E+000  0.157796E+001  0.166446E-002  0.247359E-002  0.247359E-002  0.367605E-002
  0.639783E+000  0.158245E+001  0.165662E-002  0.246119E-002  0.246119E-002  0.365652E-002
  0.641994E+000  0.158693E+001  0.164815E-002  0.244788E-002  0.244788E-002  0.363567E-002
  0.644206E+000  0.159142E+001  0.164175E-002  0.243767E-002  0.243767E-002  0.361944E-002
  0.646417E+000  0.159590E+001  0.163326E-002  0.242435E-002  0.242435E-002  0.359863E-002
  0.648628E+000  0.160039E+001  0.162939E-002  0.241793E-002  0.241793E-002  0.358807E-002
  0.650839E+000  0.160487E+001  0.161824E-002  0.240070E-002  0.240070E-002  0.356150E-002
  0.653051E+000  0.160935E+001  0.161516E-002  0.239547E-002  0.239547E-002  0.355277E-002
  0.655262E+000  0.161384E+001  0.160326E-002  0.237717E-002  0.237717E-002  0.352465E-002
  0.657473E+000  0.161832E+001  0.159781E-002  0.236845E-002  0.236845E-002  0.351078E-002
  0.659684E+000  0.162281E+001  0.158894E-002  0.235468E-002  0.235468E-002  0.348944E-002
  0.661895E+000  0.162729E+001  0.158161E-002  0.234321E-002  0.234321E-002  0.347153E-002
  0.664106E+000  0.163178E+001  0.157482E-002  0.233254E-002  0.233254E-002  0.345483E-002
  0.666317E+000  0.163626E+001  0.156614E-002  0.231908E-002  0.231908E-002  0.343402E-002
  0.668528E+000  0.164075E+001  0.156033E-002  0.230990E-002  0.230990E-002  0.341956E-002
  0.670739E+000  0.164523E+001  0.155104E-002  0.229558E-002  0.229558E-002  0.339752E-002
  0.672950E+000  0.164972E+001  0.154506E-002  0.228618E-002  0.228618E-002  0.338278E-002
  0.675160E+000  0.165420E+001  0.153570E-002  0.227178E-002  0.227178E-002  0.336067E-002
  0.677371E+000  0.165869E+001  0.153124E-002  0.226465E-002  0.226465E-002  0.334932E-002
  0.679581E+000  0.166317E+001  0.152070E-002  0.224852E-002  0.224852E-002  0.332469E-002
  0.681792E+000  0.166765E+001  0.151752E-002  0.224331E-002  0.224331E-002  0.331622E-002
  0.684002E+000  0.167214E+001  0.150554E-002  0.222509E-002  0.222509E-002  0.328853E-002
  0.686212E+000  0.167662E+001  0.150076E-002  0.221754E-002  0.221754E-002  0.327664E-002
  0.688422E+000  0.168111E+001  0.149049E-002  0.220187E-002  0.220187E-002  0.325277E-002
  0.690632E+000  0.168559E+001  0.148569E-002  0.219430E-002  0.219430E-002  0.324088E-002
  0.692842E+000  0.169008E+001  0.147524E-002  0.217840E-002  0.217840E-002  0.321670E-002
  0.695052E+000  0.169457E+001  0.147030E-002  0.217064E-002  0.217064E-002  0.320457E-002
  0.697261E+000  0.169905E+001  0.146005E-002  0.215507E-002  0.215507E-002  0.318092E-002
  0.699471E+000  0.170354E+001  0.145424E-002  0.214605E-002  0.214605E-002  0.316696E-002
  0.701680E+000  0.170802E+001  0.144512E-002  0.213216E-002  0.213216E-002  0.314582E-002
  0.703889E+000  0.171251E+001  0.143878E-002  0.212237E-002  0.212237E-002  0.313076E-002
  0.706098E+000  0.171699E+001  0.143044E-002  0.210966E-002  0.210966E-002  0.311140E-002
  0.708307E+000  0.172148E+001  0.142225E-002  0.209718E-002  0.209718E-002  0.309239E-002
  0.710515E+000  0.172596E+001  0.141571E-002  0.208713E-002  0.208713E-002  0.307698E-002
  0.712724E+000  0.173045E+001  0.140668E-002  0.207344E-002  0.207344E-002  0.305622E-002
  0.714932E+000  0.173494E+001  0.140172E-002  0.206573E-002  0.206573E-002  0.304430E-002
  0.717140E+000  0.173942E+001  0.139171E-002  0.205062E-002  0.205062E-002  0.302148E-002
  0.719348E+000  0.174391E+001  0.138425E-002  0.203925E-002  0.203925E-002  0.300419E-002
  0.721556E+000  0.174839E+001  0.137945E-002  0.203182E-002  0.203182E-002  0.299271E-002
  0.723763E+000  0.175288E+001  0.136838E-002  0.201516E-002  0.201516E-002  0.296766E-002
  0.725970E+000  0.175737E+001  0.136242E-002  0.200605E-002  0.200605E-002  0.295373E-002
  0.728177E+000  0.176185E+001  0.135415E-002  0.199354E-002  0.199354E-002  0.293482E-002
  0.730384E+000  0.176634E+001  0.134528E-002  0.198014E-002  0.198014E-002  0.291460E-002
  0.732591E+000  0.177083E+001  0.133825E-002  0.196947E-002  0.196947E-002  0.289843E-002
  0.734797E+000  0.177531E+001  0.133198E-002  0.195993E-002  0.195993E-002  0.288393E-002
  0.737003E+000  0.177980E+001  0.132224E-002  0.194528E-002  0.194528E-002  0.286191E-002
  0.739209E+000  0.178429E+001  0.131478E-002  0.193401E-002  0.193401E-002  0.284488E-002
  0.741414E+000  0.178878E+001  0.131077E-002  0.192782E-002  0.192782E-002  0.283534E-002
  0.743620E+000  0.179326E+001  0.130027E-002  0.191208E-002  0.191208E-002  0.281176E-002
  0.745825E+000  0.179775E+001  0.129125E-002  0.189853E-002  0.189853E-002  0.279143E-002
  0.748030E+000  0.180224E+001  0.128369E-002  0.188714E-002  0.188714E-002  0.277427E-002
  0.750234E+000  0.180673E+001  0.127842E-002  0.187913E-002  0.187913E-002  0.276209E-002
  0.752438E+000  0.181121E+001  0.126896E-002  0.186496E-002  0.186496E-002  0.274087E-002
  0.754642E+000  0.181570E+001  0.126031E-002  0.185197E-002  0.185197E-002  0.272141E-002
  0.756846E+000  0.182019E+001  0.125242E-002  0.184013E-002  0.184013E-002  0.270362E-002
  0.759049E+000  0.182468E+001  0.124544E-002  0.182963E-002  0.182963E-002  0.268783E-002
  0.761252E+000  0.182917E+001  0.123902E-002  0.181996E-002  0.181996E-002  0.267327E-002
  0.763455E+000  0.183366E+001  0.123222E-002  0.180972E-002  0.180972E-002  0.265788E-002
  0.765657E+000  0.183814E+001  0.122227E-002  0.179488E-002  0.179488E-002  0.263575E-002
  0.767860E+000  0.184263E+001  0.121503E-002  0.178402E-002  0.178402E-002  0.261946E-002
  0.770061E+000  0.184712E+001  0.120583E-002  0.177028E-002  0.177028E-002  0.259897E-002
  0.772263E+000  0.185161E+001  0.119811E-002  0.175874E-002  0.175874E-002  0.258170E-002
  0.774464E+000  0.185610E+001  0.119012E-002  0.174680E-002  0.174680E-002  0.256387E-002
  0.776665E+000  0.186059E+001  0.118231E-002  0.173513E-002  0.173513E-002  0.254643E-002
  0.778865E+000  0.186508E+001  0.117456E-002  0.172356E-002  0.172356E-002  0.252915E-002
  0.781065E+000  0.186957E+001  0.116683E-002  0.171201E-002  0.171201E-002  0.251191E-002
  0.783265E+000  0.187406E+001  0.115890E-002  0.170018E-002  0.170018E-002  0.249428E-002
  0.785465E+000  0.187855E+001  0.115113E-002  0.168859E-002  0.168859E-002  0.247700E-002
  0.787664E+000  0.188304E+001  0.114339E-002  0.167705E-002  0.167705E-002  0.245980E-002
  0.789862E+000  0.188753E+001  0.113542E-002  0.166519E-002  0.166519E-002  0.244214E-002
  0.792061E+000  0.189202E+001  0.112836E-002  0.165466E-002  0.165466E-002  0.242644E-002
  0.794259E+000  0.189651E+001  0.112133E-002  0.164418E-002  0.164418E-002  0.241082E-002
  0.796456E+000  0.190100E+001  0.111353E-002  0.163258E-002  0.163258E-002  0.239355E-002
  0.798653E+000  0.190550E+001  0.110709E-002  0.162297E-002  0.162297E-002  0.237923E-002
  0.800850E+000  0.190999E+001  0.109740E-002  0.160860E-002  0.160860E-002  0.235793E-002
  0.803047E+000  0.191448E+001  0.108846E-002  0.159534E-002  0.159534E-002  0.233827E-002
  0.805243E+000  0.191897E+001  0.108099E-002  0.158423E-002  0.158423E-002  0.232176E-002
  0.807438E+000  0.192346E+001  0.107363E-002  0.157331E-002  0.157331E-002  0.230553E-002
  0.809633E+000  0.192796E+001  0.106793E-002  0.156481E-002  0.156481E-002  0.229286E-002
  0.811828E+000  0.193245E+001  0.105769E-002  0.154965E-002  0.154965E-002  0.227045E-002
  0.814022E+000  0.193694E+001  0.104936E-002  0.153732E-002  0.153732E-002  0.225218E-002
  0.816216E+000  0.194143E+001  0.104248E-002  0.152710E-002  0.152710E-002  0.223701E-002
  0.818410E+000  0.194593E+001  0.103454E-002  0.151533E-002  0.151533E-002  0.221958E-002
  0.820603E+000  0.195042E+001  0.102595E-002  0.150263E-002  0.150263E-002  0.220078E-002
  0.822796E+000  0.195491E+001  0.102053E-002  0.149456E-002  0.149456E-002  0.218878E-002
  0.824988E+000  0.195941E+001  0.101062E-002  0.147993E-002  0.147993E-002  0.216718E-002
  0.827179E+000  0.196390E+001  0.100260E-002  0.146807E-002  0.146807E-002  0.214963E-002
  0.829371E+000  0.196840E+001  0.995944E-003  0.145821E-002  0.145821E-002  0.213502E-002
  0.831562E+000  0.197289E+001  0.987139E-003  0.144520E-002  0.144520E-002  0.211581E-002
  0.833752E+000  0.197739E+001  0.981389E-003  0.143667E-002  0.143667E-002  0.210317E-002
  0.835942E+000  0.198188E+001  0.971430E-003  0.142199E-002  0.142199E-002  0.208151E-002
  0.838131E+000  0.198638E+001  0.966496E-003  0.141466E-002  0.141466E-002  0.207063E-002
  0.840320E+000  0.199087E+001  0.955905E-003  0.139905E-002  0.139905E-002  0.204764E-002
  0.842509E+000  0.199537E+001  0.949243E-003  0.138920E-002  0.138920E-002  0.203308E-002
  0.844697E+000  0.199986E+001  0.940966E-003  0.137699E-002  0.137699E-002  0.201507E-002
  0.846884E+000  0.200436E+001  0.933355E-003  0.136576E-002  0.136576E-002  0.199849E-002
  0.849071E+000  0.200885E+001  0.926138E-003  0.135511E-002  0.135511E-002  0.198277E-002
  0.851258E+000  0.201335E+001  0.917361E-003  0.134218E-002  0.134218E-002  0.196372E-002
  0.853444E+000  0.201785E+001  0.910119E-003  0.133149E-002  0.133149E-002  0.194796E-002
  0.855630E+000  0.202234E+001  0.904594E-003  0.132333E-002  0.132333E-002  0.193589E-002
  0.857815E+000  0.202684E+001  0.894814E-003  0.130894E-002  0.130894E-002  0.191472E-002
  0.859999E+000  0.203134E+001  0.886690E-003  0.129697E-002  0.129697E-002  0.189710E-002
  0.862183E+000  0.203584E+001  0.880027E-003  0.128715E-002  0.128715E-002  0.188261E-002
  0.864367E+000  0.204034E+001  0.873169E-003  0.127704E-002  0.127704E-002  0.186772E-002
  0.866550E+000  0.204483E+001  0.864769E-003  0.126468E-002  0.126468E-002  0.184953E-002
  0.868733E+000  0.204933E+001  0.856861E-003  0.125304E-002  0.125304E-002  0.183241E-002
  0.870915E+000  0.205383E+001  0.848762E-003  0.124113E-002  0.124113E-002  0.181488E-002
  0.873096E+000  0.205833E+001  0.840953E-003  0.122964E-002  0.122964E-002  0.179798E-002
  0.875277E+000  0.206283E+001  0.833473E-003  0.121864E-002  0.121864E-002  0.178180E-002
  0.877457E+000  0.206733E+001  0.826318E-003  0.120811E-002  0.120811E-002  0.176631E-002
  0.879637E+000  0.207183E+001  0.818812E-003  0.119707E-002  0.119707E-002  0.175008E-002
  0.881817E+000  0.207633E+001  0.810950E-003  0.118552E-002  0.118552E-002  0.173310E-002
  0.883996E+000  0.208083E+001  0.803405E-003  0.117443E-002  0.117443E-002  0.171680E-002
  0.886174E+000  0.208533E+001  0.795958E-003  0.116349E-002  0.116349E-002  0.170072E-002
  0.888352E+000  0.208983E+001  0.788581E-003  0.115265E-002  0.115265E-002  0.168479E-002
  0.890529E+000  0.209433E+001  0.781303E-003  0.114195E-002  0.114195E-002  0.166908E-002
  0.892705E+000  0.209883E+001  0.773916E-003  0.113110E-002  0.113110E-002  0.165314E-002
  0.894882E+000  0.210333E+001  0.768309E-003  0.112286E-002  0.112286E-002  0.164101E-002
  0.897057E+000  0.210784E+001  0.760383E-003  0.111122E-002  0.111122E-002  0.162394E-002
  0.899232E+000  0.211234E+001  0.752035E-003  0.109897E-002  0.109897E-002  0.160597E-002
  0.901407E+000  0.211684E+001  0.744587E-003  0.108804E-002  0.108804E-002  0.158992E-002
  0.903580E+000  0.212134E+001  0.737570E-003  0.107774E-002  0.107774E-002  0.157480E-002
  0.905754E+000  0.212585E+001  0.730711E-003  0.106767E-002  0.106767E-002  0.156003E-002
  0.907927E+000  0.213035E+001  0.722728E-003  0.105597E-002  0.105597E-002  0.154286E-002
  0.910099E+000  0.213485E+001  0.716436E-003  0.104673E-002  0.104673E-002  0.152930E-002
  0.912270E+000  0.213936E+001  0.709506E-003  0.103656E-002  0.103656E-002  0.151439E-002
  0.914441E+000  0.214386E+001  0.701261E-003  0.102448E-002  0.102448E-002  0.149667E-002
  0.916612E+000  0.214837E+001  0.695678E-003  0.101628E-002  0.101628E-002  0.148464E-002
  0.918782E+000  0.215287E+001  0.687103E-003  0.100372E-002  0.100372E-002  0.146623E-002
  0.920951E+000  0.215737E+001  0.681315E-003  0.995227E-003  0.995227E-003  0.145377E-002
  0.923120E+000  0.216188E+001  0.673070E-003  0.983148E-003  0.983148E-003  0.143608E-002
  0.925288E+000  0.216639E+001  0.667815E-003  0.975436E-003  0.975436E-003  0.142476E-002
  0.927456E+000  0.217089E+001  0.659303E-003  0.962970E-003  0.962970E-003  0.140650E-002
  0.929623E+000  0.217540E+001  0.652721E-003  0.953323E-003  0.953323E-003  0.139236E-002
  0.931789E+000  0.217990E+001  0.645856E-003  0.943266E-003  0.943266E-003  0.137763E-002
  0.933955E+000  0.218441E+001  0.638581E-003  0.932610E-003  0.932610E-003  0.136202E-002
  0.936120E+000  0.218892E+001  0.632948E-003  0.924353E-003  0.924353E-003  0.134992E-002
  0.938285E+000  0.219342E+001  0.625716E-003  0.913763E-003  0.913763E-003  0.133441E-002
  0.940449E+000  0.219793E+001  0.618291E-003  0.902891E-003  0.902891E-003  0.131849E-002
  0.942613E+000  0.220244E+001  0.611634E-003  0.893143E-003  0.893143E-003  0.130422E-002
  0.944776E+000  0.220695E+001  0.605430E-003  0.884057E-003  0.884057E-003  0.129091E-002
  0.946938E+000  0.221145E+001  0.599576E-003  0.875484E-003  0.875484E-003  0.127835E-002
  0.949100E+000  0.221596E+001  0.592479E-003  0.865096E-003  0.865096E-003  0.126315E-002
  0.951261E+000  0.222047E+001  0.585416E-003  0.854758E-003  0.854758E-003  0.124802E-002
  0.953422E+000  0.222498E+001  0.578888E-003  0.845203E-003  0.845203E-003  0.123403E-002
  0.955582E+000  0.222949E+001  0.572314E-003  0.835582E-003  0.835582E-003  0.121996E-002
  0.957741E+000  0.223400E+001  0.565839E-003  0.826107E-003  0.826107E-003  0.120609E-002
  0.959900E+000  0.223851E+001  0.559459E-003  0.816771E-003  0.816771E-003  0.119243E-002
  0.962058E+000  0.224302E+001  0.553134E-003  0.807516E-003  0.807516E-003  0.117888E-002
  0.964216E+000  0.224753E+001  0.546862E-003  0.798338E-003  0.798338E-003  0.116546E-002
  0.966373E+000  0.225204E+001  0.540673E-003  0.789284E-003  0.789284E-003  0.115221E-002
  0.968530E+000  0.225655E+001  0.534980E-003  0.780954E-003  0.780954E-003  0.114002E-002
  0.970686E+000  0.226106E+001  0.529455E-003  0.772871E-003  0.772871E-003  0.112820E-002
  0.972841E+000  0.226558E+001  0.523025E-003  0.763467E-003  0.763467E-003  0.111444E-002
  0.974996E+000  0.227009E+001  0.516179E-003  0.753457E-003  0.753457E-003  0.109981E-002
  0.977150E+000  0.227460E+001  0.509972E-003  0.744379E-003  0.744379E-003  0.108653E-002
  0.979303E+000  0.227911E+001  0.504058E-003  0.735731E-003  0.735731E-003  0.107388E-002
  0.981456E+000  0.228362E+001  0.498815E-003  0.728062E-003  0.728062E-003  0.106267E-002
  0.983609E+000  0.228814E+001  0.492300E-003  0.718538E-003  0.718538E-003  0.104874E-002
  0.985761E+000  0.229265E+001  0.486444E-003  0.709975E-003  0.709975E-003  0.103622E-002
  0.987912E+000  0.229716E+001  0.481613E-003  0.702911E-003  0.702911E-003  0.102589E-002
  0.990063E+000  0.230168E+001  0.474727E-003  0.692847E-003  0.692847E-003  0.101118E-002
  0.992213E+000  0.230619E+001  0.469518E-003  0.685230E-003  0.685230E-003  0.100005E-002
  0.994362E+000  0.231071E+001  0.463839E-003  0.676929E-003  0.676929E-003  0.987913E-003
  0.996511E+000  0.231522E+001  0.457803E-003  0.668108E-003  0.668108E-003  0.975021E-003
  0.998659E+000  0.231974E+001  0.452961E-003  0.661029E-003  0.661029E-003  0.964673E-003
  0.100081E+001  0.232425E+001  0.449255E-003  0.655609E-003  0.655609E-003  0.956746E-003
  0.100295E+001  0.232877E+001  0.447499E-003  0.653034E-003  0.653034E-003  0.952971E-003
  0.100510E+001  0.233328E+001  0.435716E-003  0.635829E-003  0.635829E-003  0.927847E-003
  0.100725E+001  0.233780E+001  0.431484E-003  0.629642E-003  0.629642E-003  0.918803E-003
  0.100939E+001  0.234232E+001  0.429197E-003  0.626293E-003  0.626293E-003  0.913901E-003
  0.101154E+001  0.234683E+001  0.421935E-003  0.615687E-003  0.615687E-003  0.898409E-003
  0.101368E+001  0.235135E+001  0.415425E-003  0.606178E-003  0.606178E-003  0.884519E-003
  0.101583E+001  0.235587E+001  0.410362E-003  0.598781E-003  0.598781E-003  0.873712E-003
  0.101797E+001  0.236038E+001  0.405496E-003  0.591671E-003  0.591671E-003  0.863324E-003
  0.102011E+001  0.236490E+001  0.399124E-003  0.582364E-003  0.582364E-003  0.849731E-003
  0.102225E+001  0.236942E+001  0.396745E-003  0.578885E-003  0.578885E-003  0.844641E-003
  0.102439E+001  0.237394E+001  0.396092E-003  0.577923E-003  0.577923E-003  0.843226E-003
  0.102654E+001  0.237846E+001  0.384584E-003  0.561123E-003  0.561123E-003  0.818702E-003
  0.102868E+001  0.238297E+001  0.384527E-003  0.561033E-003  0.561033E-003  0.818558E-003
  0.103082E+001  0.238749E+001  0.378978E-003  0.552929E-003  0.552929E-003  0.806724E-003
  0.103296E+001  0.239201E+001  0.374756E-003  0.546762E-003  0.546762E-003  0.797714E-003
  0.103509E+001  0.239653E+001  0.366403E-003  0.534567E-003  0.534567E-003  0.779912E-003
  0.103723E+001  0.240105E+001  0.360315E-003  0.525679E-003  0.525679E-003  0.766934E-003
  0.103937E+001  0.240557E+001  0.355322E-003  0.518388E-003  0.518388E-003  0.756288E-003
  0.104151E+001  0.241009E+001  0.352886E-003  0.514826E-003  0.514826E-003  0.751082E-003
  0.104364E+001  0.241461E+001  0.347016E-003  0.506257E-003  0.506257E-003  0.738571E-003
  0.104578E+001  0.241913E+001  0.342048E-003  0.499003E-003  0.499003E-003  0.727980E-003
  0.104792E+001  0.242365E+001  0.344359E-003  0.502369E-003  0.502369E-003  0.732881E-003
  0.105005E+001  0.242818E+001  0.333302E-003  0.486231E-003  0.486231E-003  0.709330E-003
  0.105218E+001  0.243270E+001  0.333293E-003  0.486213E-003  0.486213E-003  0.709295E-003
  0.105432E+001  0.243722E+001  0.324094E-003  0.472788E-003  0.472788E-003  0.689703E-003
  0.105645E+001  0.244174E+001  0.319814E-003  0.466539E-003  0.466539E-003  0.680579E-003
  0.105858E+001  0.244626E+001  0.316575E-003  0.461809E-003  0.461809E-003  0.673672E-003
  0.106072E+001  0.245079E+001  0.311411E-003  0.454272E-003  0.454272E-003  0.662670E-003
  0.106285E+001  0.245531E+001  0.307134E-003  0.448028E-003  0.448028E-003  0.653555E-003
  0.106498E+001  0.245983E+001  0.303091E-003  0.442125E-003  0.442125E-003  0.644937E-003
  0.106711E+001  0.246435E+001  0.299379E-003  0.436707E-003  0.436707E-003  0.637027E-003
  0.106924E+001  0.246888E+001  0.295094E-003  0.430451E-003  0.430451E-003  0.627896E-003
  0.107137E+001  0.247340E+001  0.290989E-003  0.424459E-003  0.424459E-003  0.619149E-003
  0.107350E+001  0.247793E+001  0.287166E-003  0.418879E-003  0.418879E-003  0.611003E-003
  0.107563E+001  0.248245E+001  0.283718E-003  0.413846E-003  0.413846E-003  0.603657E-003
  0.107776E+001  0.248697E+001  0.284136E-003  0.414451E-003  0.414451E-003  0.604534E-003
  0.107988E+001  0.249150E+001  0.277488E-003  0.404751E-003  0.404751E-003  0.590380E-003
  0.108201E+001  0.249602E+001  0.271959E-003  0.396682E-003  0.396682E-003  0.578605E-003
  0.108414E+001  0.250055E+001  0.268744E-003  0.391990E-003  0.391990E-003  0.571756E-003
  0.108626E+001  0.250508E+001  0.268707E-003  0.391932E-003  0.391932E-003  0.571667E-003
  0.108839E+001  0.250960E+001  0.260963E-003  0.380634E-003  0.380634E-003  0.555183E-003
  0.109051E+001  0.251413E+001  0.261485E-003  0.381392E-003  0.381392E-003  0.556284E-003
  0.109264E+001  0.251865E+001  0.254328E-003  0.370951E-003  0.370951E-003  0.541051E-003
  0.109476E+001  0.252318E+001  0.251754E-003  0.367193E-003  0.367193E-003  0.535566E-003
  0.109689E+001  0.252771E+001  0.246963E-003  0.360202E-003  0.360202E-003  0.525365E-003
  0.109901E+001  0.253223E+001  0.243575E-003  0.355258E-003  0.355258E-003  0.518150E-003
  0.110113E+001  0.253676E+001  0.241060E-003  0.351588E-003  0.351588E-003  0.512793E-003
  0.110326E+001  0.254129E+001  0.238105E-003  0.347275E-003  0.347275E-003  0.506499E-003
  0.110538E+001  0.254581E+001  0.236490E-003  0.344917E-003  0.344917E-003  0.503057E-003
  0.110750E+001  0.255034E+001  0.231171E-003  0.337158E-003  0.337158E-003  0.491736E-003
  0.110962E+001  0.255487E+001  0.227226E-003  0.331402E-003  0.331402E-003  0.483338E-003
  0.111174E+001  0.255940E+001  0.223949E-003  0.326619E-003  0.326619E-003  0.476359E-003
  0.111386E+001  0.256393E+001  0.220893E-003  0.322160E-003  0.322160E-003  0.469853E-003
  0.111598E+001  0.256846E+001  0.217835E-003  0.317699E-003  0.317699E-003  0.463343E-003
  0.111810E+001  0.257298E+001  0.216647E-003  0.315964E-003  0.315964E-003  0.460810E-003
  0.112022E+001  0.257751E+001  0.214650E-003  0.313049E-003  0.313049E-003  0.456556E-003
  0.112233E+001  0.258204E+001  0.209656E-003  0.305764E-003  0.305764E-003  0.445928E-003
  0.112445E+001  0.258657E+001  0.205959E-003  0.300371E-003  0.300371E-003  0.438061E-003
  0.112657E+001  0.259110E+001  0.203358E-003  0.296575E-003  0.296575E-003  0.432523E-003
  0.112869E+001  0.259563E+001  0.202651E-003  0.295543E-003  0.295543E-003  0.431015E-003
  0.113080E+001  0.260016E+001  0.197484E-003  0.288005E-003  0.288005E-003  0.420019E-003
  0.113292E+001  0.260469E+001  0.195595E-003  0.285249E-003  0.285249E-003  0.415998E-003
  0.113503E+001  0.260922E+001  0.192188E-003  0.280279E-003  0.280279E-003  0.408748E-003
  0.113715E+001  0.261375E+001  0.190327E-003  0.277563E-003  0.277563E-003  0.404784E-003
  0.113926E+001  0.261828E+001  0.186566E-003  0.272077E-003  0.272077E-003  0.396782E-003
  0.114138E+001  0.262281E+001  0.187026E-003  0.272747E-003  0.272747E-003  0.397757E-003
  0.114349E+001  0.262735E+001  0.181566E-003  0.264783E-003  0.264783E-003  0.386141E-003
  0.114560E+001  0.263188E+001  0.180204E-003  0.262796E-003  0.262796E-003  0.383241E-003
  0.114772E+001  0.263641E+001  0.177515E-003  0.258872E-003  0.258872E-003  0.377517E-003
  0.114983E+001  0.264094E+001  0.174273E-003  0.254144E-003  0.254144E-003  0.370621E-003
  0.115194E+001  0.264547E+001  0.171524E-003  0.250133E-003  0.250133E-003  0.364769E-003
  0.115405E+001  0.265001E+001  0.169897E-003  0.247761E-003  0.247761E-003  0.361308E-003
  0.115616E+001  0.265454E+001  0.167451E-003  0.244192E-003  0.244192E-003  0.356102E-003
  0.115827E+001  0.265907E+001  0.164801E-003  0.240326E-003  0.240326E-003  0.350463E-003
  0.116038E+001  0.266360E+001  0.162094E-003  0.236377E-003  0.236377E-003  0.344703E-003
  0.116249E+001  0.266814E+001  0.161296E-003  0.235214E-003  0.235214E-003  0.343004E-003
  0.116460E+001  0.267267E+001  0.157854E-003  0.230193E-003  0.230193E-003  0.335682E-003
  0.116671E+001  0.267720E+001  0.155091E-003  0.226162E-003  0.226162E-003  0.329802E-003
  0.116882E+001  0.268174E+001  0.153097E-003  0.223254E-003  0.223254E-003  0.325560E-003
  0.117093E+001  0.268627E+001  0.150966E-003  0.220145E-003  0.220145E-003  0.321026E-003
  0.117304E+001  0.269080E+001  0.151027E-003  0.220233E-003  0.220233E-003  0.321153E-003
  0.117514E+001  0.269534E+001  0.147696E-003  0.215375E-003  0.215375E-003  0.314068E-003
  0.117725E+001  0.269987E+001  0.144448E-003  0.210638E-003  0.210638E-003  0.307158E-003
  0.117936E+001  0.270441E+001  0.142531E-003  0.207842E-003  0.207842E-003  0.303080E-003
  0.118146E+001  0.270894E+001  0.140712E-003  0.205189E-003  0.205189E-003  0.299211E-003
  0.118357E+001  0.271348E+001  0.138365E-003  0.201765E-003  0.201765E-003  0.294216E-003
  0.118567E+001  0.271801E+001  0.137258E-003  0.200150E-003  0.200150E-003  0.291861E-003
  0.118778E+001  0.272255E+001  0.134499E-003  0.196127E-003  0.196127E-003  0.285994E-003
  0.118988E+001  0.272708E+001  0.133150E-003  0.194158E-003  0.194158E-003  0.283122E-003
  0.119199E+001  0.273162E+001  0.130657E-003  0.190524E-003  0.190524E-003  0.277820E-003
  0.119409E+001  0.273615E+001  0.128824E-003  0.187849E-003  0.187849E-003  0.273920E-003
  0.119620E+001  0.274069E+001  0.127807E-003  0.186366E-003  0.186366E-003  0.271757E-003
  0.119830E+001  0.274523E+001  0.125230E-003  0.182608E-003  0.182608E-003  0.266276E-003
  0.120040E+001  0.274976E+001  0.123438E-003  0.179994E-003  0.179994E-003  0.262462E-003
  0.120250E+001  0.275430E+001  0.123151E-003  0.179575E-003  0.179575E-003  0.261851E-003
  0.120461E+001  0.275884E+001  0.119957E-003  0.174918E-003  0.174918E-003  0.255059E-003
  0.120671E+001  0.276337E+001  0.118553E-003  0.172870E-003  0.172870E-003  0.252073E-003
  0.120881E+001  0.276791E+001  0.116493E-003  0.169865E-003  0.169865E-003  0.247690E-003
  0.121091E+001  0.277245E+001  0.115157E-003  0.167917E-003  0.167917E-003  0.244849E-003
  0.121301E+001  0.277698E+001  0.113204E-003  0.165068E-003  0.165068E-003  0.240694E-003
  0.121511E+001  0.278152E+001  0.111657E-003  0.162812E-003  0.162812E-003  0.237404E-003
  0.121721E+001  0.278606E+001  0.110242E-003  0.160748E-003  0.160748E-003  0.234394E-003
  0.121931E+001  0.279060E+001  0.108820E-003  0.158675E-003  0.158675E-003  0.231370E-003
  0.122141E+001  0.279514E+001  0.107317E-003  0.156483E-003  0.156483E-003  0.228173E-003
  0.122351E+001  0.279967E+001  0.105549E-003  0.153905E-003  0.153905E-003  0.224414E-003
  0.122561E+001  0.280421E+001  0.104197E-003  0.151932E-003  0.151932E-003  0.221536E-003
  0.122771E+001  0.280875E+001  0.103048E-003  0.150257E-003  0.150257E-003  0.219094E-003
  0.122980E+001  0.281329E+001  0.102008E-003  0.148740E-003  0.148740E-003  0.216881E-003
  0.123190E+001  0.281783E+001  0.998613E-004  0.145610E-003  0.145610E-003  0.212316E-003
  0.123400E+001  0.282237E+001  0.980780E-004  0.143009E-003  0.143009E-003  0.208524E-003
  0.123610E+001  0.282691E+001  0.968989E-004  0.141290E-003  0.141290E-003  0.206016E-003
  0.123819E+001  0.283144E+001  0.952947E-004  0.138950E-003  0.138950E-003  0.202605E-003
  0.124029E+001  0.283598E+001  0.945068E-004  0.137801E-003  0.137801E-003  0.200929E-003
  0.124238E+001  0.284052E+001  0.928605E-004  0.135400E-003  0.135400E-003  0.197427E-003
  0.124448E+001  0.284506E+001  0.914367E-004  0.133324E-003  0.133324E-003  0.194400E-003
  0.124657E+001  0.284960E+001  0.904487E-004  0.131883E-003  0.131883E-003  0.192298E-003
  0.124867E+001  0.285414E+001  0.888383E-004  0.129535E-003  0.129535E-003  0.188874E-003
  0.125076E+001  0.285868E+001  0.877160E-004  0.127898E-003  0.127898E-003  0.186487E-003
  0.125286E+001  0.286322E+001  0.866419E-004  0.126332E-003  0.126332E-003  0.184203E-003
  0.125495E+001  0.286776E+001  0.849669E-004  0.123889E-003  0.123889E-003  0.180641E-003
  0.125705E+001  0.287230E+001  0.853932E-004  0.124510E-003  0.124510E-003  0.181547E-003
  0.125914E+001  0.287685E+001  0.826062E-004  0.120447E-003  0.120447E-003  0.175621E-003
  0.126123E+001  0.288139E+001  0.818883E-004  0.119400E-003  0.119400E-003  0.174094E-003
  0.126332E+001  0.288593E+001  0.814921E-004  0.118822E-003  0.118822E-003  0.173251E-003
  0.126542E+001  0.289047E+001  0.793187E-004  0.115652E-003  0.115652E-003  0.168630E-003
  0.126751E+001  0.289501E+001  0.780063E-004  0.113739E-003  0.113739E-003  0.165839E-003
  0.126960E+001  0.289955E+001  0.768505E-004  0.112053E-003  0.112053E-003  0.163381E-003
  0.127169E+001  0.290409E+001  0.757649E-004  0.110470E-003  0.110470E-003  0.161073E-003
  0.127378E+001  0.290863E+001  0.746981E-004  0.108915E-003  0.108915E-003  0.158804E-003
  0.127587E+001  0.291318E+001  0.745692E-004  0.108727E-003  0.108727E-003  0.158530E-003
  0.127796E+001  0.291772E+001  0.733393E-004  0.106933E-003  0.106933E-003  0.155915E-003
  0.128005E+001  0.292226E+001  0.720450E-004  0.105046E-003  0.105046E-003  0.153163E-003
  0.128214E+001  0.292680E+001  0.707547E-004  0.103164E-003  0.103164E-003  0.150419E-003
  0.128423E+001  0.293135E+001  0.705860E-004  0.102918E-003  0.102918E-003  0.150060E-003
  0.128632E+001  0.293589E+001  0.689808E-004  0.100577E-003  0.100577E-003  0.146647E-003
  0.128841E+001  0.294043E+001  0.676211E-004  0.985949E-004  0.985949E-004  0.143756E-003
  0.129050E+001  0.294497E+001  0.666463E-004  0.971734E-004  0.971734E-004  0.141683E-003
  0.129259E+001  0.294952E+001  0.656541E-004  0.957265E-004  0.957265E-004  0.139573E-003
  0.129468E+001  0.295406E+001  0.649996E-004  0.947721E-004  0.947721E-004  0.138182E-003
  0.129676E+001  0.295860E+001  0.641237E-004  0.934949E-004  0.934949E-004  0.136319E-003
  0.129885E+001  0.296315E+001  0.633245E-004  0.923295E-004  0.923295E-004  0.134620E-003
  0.130094E+001  0.296769E+001  0.620127E-004  0.904167E-004  0.904167E-004  0.131831E-003
  0.130303E+001  0.297223E+001  0.619735E-004  0.903595E-004  0.903595E-004  0.131747E-003
  0.130511E+001  0.297678E+001  0.607391E-004  0.885595E-004  0.885595E-004  0.129122E-003
  0.130720E+001  0.298132E+001  0.594504E-004  0.866805E-004  0.866805E-004  0.126383E-003
  0.130929E+001  0.298587E+001  0.587358E-004  0.856385E-004  0.856385E-004  0.124863E-003
  0.131137E+001  0.299041E+001  0.577751E-004  0.842375E-004  0.842375E-004  0.122820E-003
  0.131346E+001  0.299495E+001  0.576298E-004  0.840255E-004  0.840255E-004  0.122511E-003
  0.131554E+001  0.299950E+001  0.562894E-004  0.820711E-004  0.820711E-004  0.119661E-003
  0.131763E+001  0.300404E+001  0.558396E-004  0.814152E-004  0.814152E-004  0.118705E-003
  0.131971E+001  0.300859E+001  0.547028E-004  0.797577E-004  0.797577E-004  0.116288E-003
  0.132180E+001  0.301313E+001  0.544404E-004  0.793750E-004  0.793750E-004  0.115730E-003
  0.132388E+001  0.301768E+001  0.530303E-004  0.773190E-004  0.773190E-004  0.112732E-003
  0.132596E+001  0.302222E+001  0.524391E-004  0.764569E-004  0.764569E-004  0.111475E-003
  0.132805E+001  0.302677E+001  0.515438E-004  0.751514E-004  0.751514E-004  0.109571E-003
  0.133013E+001  0.303131E+001  0.507753E-004  0.740308E-004  0.740308E-004  0.107937E-003
  0.133221E+001  0.303586E+001  0.505773E-004  0.737420E-004  0.737420E-004  0.107516E-003
  0.133430E+001  0.304040E+001  0.499569E-004  0.728374E-004  0.728374E-004  0.106197E-003
  0.133638E+001  0.304495E+001  0.486519E-004  0.709346E-004  0.709346E-004  0.103423E-003
  0.133846E+001  0.304950E+001  0.482561E-004  0.703574E-004  0.703574E-004  0.102581E-003
  0.134054E+001  0.305404E+001  0.474689E-004  0.692096E-004  0.692096E-004  0.100907E-003
  0.134263E+001  0.305859E+001  0.468902E-004  0.683658E-004  0.683658E-004  0.996770E-004
  0.134471E+001  0.306313E+001  0.464808E-004  0.677687E-004  0.677687E-004  0.988064E-004
  0.134679E+001  0.306768E+001  0.453845E-004  0.661703E-004  0.661703E-004  0.964758E-004
  0.134887E+001  0.307223E+001  0.446690E-004  0.651271E-004  0.651271E-004  0.949546E-004
  0.135095E+001  0.307677E+001  0.440860E-004  0.642770E-004  0.642770E-004  0.937151E-004
  0.135303E+001  0.308132E+001  0.434101E-004  0.632915E-004  0.632915E-004  0.922781E-004
  0.135511E+001  0.308587E+001  0.428791E-004  0.625172E-004  0.625172E-004  0.911491E-004
  0.135719E+001  0.309041E+001  0.422176E-004  0.615525E-004  0.615525E-004  0.897425E-004
  0.135927E+001  0.309496E+001  0.415944E-004  0.606440E-004  0.606440E-004  0.884177E-004
  0.136135E+001  0.309951E+001  0.410156E-004  0.598000E-004  0.598000E-004  0.871871E-004
  0.136343E+001  0.310405E+001  0.406581E-004  0.592787E-004  0.592787E-004  0.864269E-004
  0.136551E+001  0.310860E+001  0.400631E-004  0.584111E-004  0.584111E-004  0.851619E-004
  0.136759E+001  0.311315E+001  0.395151E-004  0.576120E-004  0.576120E-004  0.839967E-004
  0.136966E+001  0.311770E+001  0.394556E-004  0.575253E-004  0.575253E-004  0.838702E-004
  0.137174E+001  0.312224E+001  0.382081E-004  0.557063E-004  0.557063E-004  0.812180E-004
  0.137382E+001  0.312679E+001  0.376565E-004  0.549021E-004  0.549021E-004  0.800454E-004
  0.137590E+001  0.313134E+001  0.371651E-004  0.541854E-004  0.541854E-004  0.790005E-004
  0.137798E+001  0.313589E+001  0.367731E-004  0.536139E-004  0.536139E-004  0.781671E-004
  0.138005E+001  0.314044E+001  0.365165E-004  0.532397E-004  0.532397E-004  0.776215E-004
  0.138213E+001  0.314498E+001  0.356327E-004  0.519511E-004  0.519511E-004  0.757426E-004
  0.138421E+001  0.314953E+001  0.353885E-004  0.515951E-004  0.515951E-004  0.752235E-004
  0.138628E+001  0.315408E+001  0.347239E-004  0.506260E-004  0.506260E-004  0.738105E-004
  0.138836E+001  0.315863E+001  0.340941E-004  0.497077E-004  0.497077E-004  0.724716E-004
  0.139044E+001  0.316318E+001  0.338113E-004  0.492954E-004  0.492954E-004  0.718703E-004
  0.139251E+001  0.316773E+001  0.332715E-004  0.485083E-004  0.485083E-004  0.707226E-004
  0.139459E+001  0.317228E+001  0.326903E-004  0.476608E-004  0.476608E-004  0.694870E-004
  0.139666E+001  0.317682E+001  0.322144E-004  0.469669E-004  0.469669E-004  0.684751E-004
  0.139874E+001  0.318137E+001  0.320449E-004  0.467197E-004  0.467197E-004  0.681147E-004
  0.140081E+001  0.318592E+001  0.313263E-004  0.456719E-004  0.456719E-004  0.665870E-004
  0.140289E+001  0.319047E+001  0.311245E-004  0.453777E-004  0.453777E-004  0.661579E-004
  0.140496E+001  0.319502E+001  0.304425E-004  0.443833E-004  0.443833E-004  0.647081E-004
  0.140704E+001  0.319957E+001  0.303779E-004  0.442891E-004  0.442891E-004  0.645707E-004
  0.140911E+001  0.320412E+001  0.295984E-004  0.431525E-004  0.431525E-004  0.629135E-004
  0.141118E+001  0.320867E+001  0.292943E-004  0.427091E-004  0.427091E-004  0.622669E-004
  0.141326E+001  0.321322E+001  0.289270E-004  0.421735E-004  0.421735E-004  0.614860E-004
  0.141533E+001  0.321777E+001  0.283561E-004  0.413411E-004  0.413411E-004  0.602723E-004
  0.141740E+001  0.322232E+001  0.280698E-004  0.409237E-004  0.409237E-004  0.596637E-004
  0.141948E+001  0.322687E+001  0.278166E-004  0.405545E-004  0.405545E-004  0.591253E-004
  0.142155E+001  0.323142E+001  0.272207E-004  0.396857E-004  0.396857E-004  0.578586E-004
  0.142362E+001  0.323597E+001  0.267961E-004  0.390665E-004  0.390665E-004  0.569558E-004
  0.142569E+001  0.324052E+001  0.264884E-004  0.386179E-004  0.386179E-004  0.563017E-004
  0.142776E+001  0.324507E+001  0.262547E-004  0.382771E-004  0.382771E-004  0.558047E-004
  0.142984E+001  0.324962E+001  0.259339E-004  0.378094E-004  0.378094E-004  0.551228E-004
  0.143191E+001  0.325417E+001  0.254554E-004  0.371117E-004  0.371117E-004  0.541054E-004
  0.143398E+001  0.325872E+001  0.250340E-004  0.364972E-004  0.364972E-004  0.532096E-004
  0.143605E+001  0.326327E+001  0.246497E-004  0.359369E-004  0.359369E-004  0.523926E-004
  0.143812E+001  0.326783E+001  0.243846E-004  0.355504E-004  0.355504E-004  0.518291E-004
  0.144019E+001  0.327238E+001  0.240520E-004  0.350655E-004  0.350655E-004  0.511220E-004
  0.144226E+001  0.327693E+001  0.237048E-004  0.345592E-004  0.345592E-004  0.503838E-004
  0.144433E+001  0.328148E+001  0.233459E-004  0.340359E-004  0.340359E-004  0.496208E-004
  0.144640E+001  0.328603E+001  0.229827E-004  0.335064E-004  0.335064E-004  0.488487E-004
  0.144847E+001  0.329058E+001  0.226264E-004  0.329868E-004  0.329868E-004  0.480912E-004
  0.145054E+001  0.329513E+001  0.222915E-004  0.324985E-004  0.324985E-004  0.473792E-004
  0.145261E+001  0.329969E+001  0.220916E-004  0.322071E-004  0.322071E-004  0.469543E-004
  0.145468E+001  0.330424E+001  0.216964E-004  0.316308E-004  0.316308E-004  0.461140E-004
  0.145675E+001  0.330879E+001  0.213656E-004  0.311485E-004  0.311485E-004  0.454107E-004
  0.145882E+001  0.331334E+001  0.211256E-004  0.307986E-004  0.307986E-004  0.449006E-004
  0.146089E+001  0.331789E+001  0.210074E-004  0.306261E-004  0.306261E-004  0.446491E-004
  0.146295E+001  0.332244E+001  0.205401E-004  0.299450E-004  0.299450E-004  0.436559E-004
  0.146502E+001  0.332700E+001  0.203599E-004  0.296822E-004  0.296822E-004  0.432727E-004
  0.146709E+001  0.333155E+001  0.199158E-004  0.290347E-004  0.290347E-004  0.423287E-004
  0.146916E+001  0.333610E+001  0.196799E-004  0.286907E-004  0.286907E-004  0.418271E-004
  0.147123E+001  0.334065E+001  0.196945E-004  0.287119E-004  0.287119E-004  0.418580E-004
  0.147329E+001  0.334521E+001  0.192826E-004  0.281113E-004  0.281113E-004  0.409823E-004
  0.147536E+001  0.334976E+001  0.188136E-004  0.274276E-004  0.274276E-004  0.399855E-004
  0.147743E+001  0.335431E+001  0.186778E-004  0.272295E-004  0.272295E-004  0.396966E-004
  0.147949E+001  0.335887E+001  0.186268E-004  0.271551E-004  0.271551E-004  0.395880E-004
  0.148156E+001  0.336342E+001  0.180441E-004  0.263056E-004  0.263056E-004  0.383495E-004
  0.148363E+001  0.336797E+001  0.178996E-004  0.260949E-004  0.260949E-004  0.380423E-004
  0.148569E+001  0.337252E+001  0.175338E-004  0.255615E-004  0.255615E-004  0.372646E-004
  0.148776E+001  0.337708E+001  0.172801E-004  0.251916E-004  0.251916E-004  0.367253E-004
  0.148982E+001  0.338163E+001  0.171795E-004  0.250449E-004  0.250449E-004  0.365114E-004
  0.149189E+001  0.338618E+001  0.168276E-004  0.245319E-004  0.245319E-004  0.357634E-004
  0.149396E+001  0.339074E+001  0.166676E-004  0.242985E-004  0.242985E-004  0.354230E-004
  0.149602E+001  0.339529E+001  0.163296E-004  0.238057E-004  0.238057E-004  0.347045E-004
  0.149809E+001  0.339985E+001  0.161404E-004  0.235300E-004  0.235300E-004  0.343025E-004
  0.150015E+001  0.340440E+001  0.158784E-004  0.231479E-004  0.231479E-004  0.337454E-004
  0.150221E+001  0.340895E+001  0.157501E-004  0.229607E-004  0.229607E-004  0.334725E-004
  0.150428E+001  0.341351E+001  0.154346E-004  0.225008E-004  0.225008E-004  0.328020E-004
  0.150634E+001  0.341806E+001  0.152849E-004  0.222826E-004  0.222826E-004  0.324837E-004
  0.150841E+001  0.342261E+001  0.151689E-004  0.221134E-004  0.221134E-004  0.322371E-004
  0.151047E+001  0.342717E+001  0.148093E-004  0.215891E-004  0.215891E-004  0.314727E-004
  0.151253E+001  0.343172E+001  0.146618E-004  0.213740E-004  0.213740E-004  0.311590E-004
  0.151460E+001  0.343628E+001  0.143795E-004  0.209625E-004  0.209625E-004  0.305590E-004
  0.151666E+001  0.344083E+001  0.141768E-004  0.206669E-004  0.206669E-004  0.301281E-004
  0.151872E+001  0.344539E+001  0.142345E-004  0.207510E-004  0.207510E-004  0.302505E-004
  0.152079E+001  0.344994E+001  0.138435E-004  0.201808E-004  0.201808E-004  0.294193E-004
  0.152285E+001  0.345450E+001  0.136114E-004  0.198425E-004  0.198425E-004  0.289260E-004
  0.152491E+001  0.345905E+001  0.134301E-004  0.195781E-004  0.195781E-004  0.285406E-004
  0.152698E+001  0.346361E+001  0.132636E-004  0.193353E-004  0.193353E-004  0.281866E-004
  0.152904E+001  0.346816E+001  0.130808E-004  0.190689E-004  0.190689E-004  0.277981E-004
  0.153110E+001  0.347272E+001  0.128445E-004  0.187244E-004  0.187244E-004  0.272958E-004
  0.153316E+001  0.347727E+001  0.126584E-004  0.184530E-004  0.184530E-004  0.269001E-004
  0.153522E+001  0.348183E+001  0.125960E-004  0.183620E-004  0.183620E-004  0.267674E-004
  0.153728E+001  0.348638E+001  0.123733E-004  0.180373E-004  0.180373E-004  0.262940E-004
  0.153935E+001  0.349094E+001  0.121913E-004  0.177720E-004  0.177720E-004  0.259072E-004
  0.154141E+001  0.349549E+001  0.120847E-004  0.176164E-004  0.176164E-004  0.256803E-004
  0.154347E+001  0.350005E+001  0.118069E-004  0.172115E-004  0.172115E-004  0.250899E-004
  0.154553E+001  0.350460E+001  0.116949E-004  0.170482E-004  0.170482E-004  0.248519E-004
  0.154759E+001  0.350916E+001  0.114665E-004  0.167151E-004  0.167151E-004  0.243663E-004
  0.154965E+001  0.351371E+001  0.113582E-004  0.165573E-004  0.165573E-004  0.241361E-004
  0.155171E+001  0.351827E+001  0.111478E-004  0.162505E-004  0.162505E-004  0.236889E-004
  0.155377E+001  0.352283E+001  0.109858E-004  0.160144E-004  0.160144E-004  0.233445E-004
  0.155583E+001  0.352738E+001  0.108538E-004  0.158219E-004  0.158219E-004  0.230639E-004
  0.155789E+001  0.353194E+001  0.106788E-004  0.155667E-004  0.155667E-004  0.226919E-004
  0.155995E+001  0.353649E+001  0.106091E-004  0.154651E-004  0.154651E-004  0.225436E-004
  0.156201E+001  0.354105E+001  0.104224E-004  0.151928E-004  0.151928E-004  0.221467E-004
  0.156407E+001  0.354561E+001  0.102540E-004  0.149474E-004  0.149474E-004  0.217888E-004
  0.156613E+001  0.355016E+001  0.102702E-004  0.149710E-004  0.149710E-004  0.218232E-004
  0.156818E+001  0.355472E+001  0.100392E-004  0.146342E-004  0.146342E-004  0.213322E-004
  0.157024E+001  0.355928E+001  0.990708E-005  0.144415E-004  0.144415E-004  0.210513E-004
  0.157230E+001  0.356383E+001  0.966630E-005  0.140905E-004  0.140905E-004  0.205396E-004
  0.157436E+001  0.356839E+001  0.952986E-005  0.138916E-004  0.138916E-004  0.202495E-004
  0.157642E+001  0.357295E+001  0.939634E-005  0.136969E-004  0.136969E-004  0.199657E-004
  0.157848E+001  0.357750E+001  0.940687E-005  0.137122E-004  0.137122E-004  0.199879E-004
  0.158053E+001  0.358206E+001  0.919134E-005  0.133980E-004  0.133980E-004  0.195299E-004
  0.158259E+001  0.358662E+001  0.903394E-005  0.131685E-004  0.131685E-004  0.191953E-004
  0.158465E+001  0.359117E+001  0.891729E-005  0.129984E-004  0.129984E-004  0.189473E-004
  0.158671E+001  0.359573E+001  0.883656E-005  0.128807E-004  0.128807E-004  0.187757E-004
  0.158876E+001  0.360029E+001  0.869455E-005  0.126737E-004  0.126737E-004  0.184738E-004
  0.159082E+001  0.360485E+001  0.852546E-005  0.124272E-004  0.124272E-004  0.181144E-004
  0.159288E+001  0.360940E+001  0.846156E-005  0.123340E-004  0.123340E-004  0.179786E-004
  0.159493E+001  0.361396E+001  0.831821E-005  0.121250E-004  0.121250E-004  0.176739E-004
  0.159699E+001  0.361852E+001  0.815552E-005  0.118878E-004  0.118878E-004  0.173281E-004
  0.159905E+001  0.362308E+001  0.804185E-005  0.117221E-004  0.117221E-004  0.170865E-004
  0.160110E+001  0.362763E+001  0.792865E-005  0.115571E-004  0.115571E-004  0.168458E-004
