  0.157709E+001  0.747534E-001  0.740769E-002  0.524225E-002  0.524225E-002  0.370983E-002
  0.157709E+001  0.747534E-001  0.740769E-002  0.524225E-002  0.524225E-002  0.370983E-002
  0.157575E+001  0.795684E-001  0.741034E-002  0.532775E-002  0.532775E-002  0.383045E-002
  0.157440E+001  0.843834E-001  0.721714E-002  0.526194E-002  0.526194E-002  0.383643E-002
  0.157305E+001  0.891986E-001  0.715778E-002  0.528348E-002  0.528348E-002  0.389998E-002
  0.157171E+001  0.940142E-001  0.725996E-002  0.541749E-002  0.541749E-002  0.404261E-002
  0.157036E+001  0.988304E-001  0.716294E-002  0.539751E-002  0.539751E-002  0.406721E-002
  0.156902E+001  0.103647E+000  0.713246E-002  0.542131E-002  0.542131E-002  0.412068E-002
  0.156769E+001  0.108465E+000  0.727038E-002  0.556896E-002  0.556896E-002  0.426571E-002
  0.156635E+001  0.113284E+000  0.708294E-002  0.546349E-002  0.546349E-002  0.421431E-002
  0.156502E+001  0.118104E+000  0.709162E-002  0.550456E-002  0.550456E-002  0.427268E-002
  0.156370E+001  0.122925E+000  0.720650E-002  0.562526E-002  0.562526E-002  0.439098E-002
  0.156237E+001  0.127747E+000  0.733492E-002  0.575493E-002  0.575493E-002  0.451528E-002
  0.156106E+001  0.132571E+000  0.711805E-002  0.561039E-002  0.561039E-002  0.442206E-002
  0.155975E+001  0.137396E+000  0.721881E-002  0.571348E-002  0.571348E-002  0.452205E-002
  0.155844E+001  0.142222E+000  0.713514E-002  0.566857E-002  0.566857E-002  0.450345E-002
  0.155714E+001  0.147050E+000  0.718122E-002  0.572458E-002  0.572458E-002  0.456341E-002
  0.155584E+001  0.151879E+000  0.724397E-002  0.579242E-002  0.579242E-002  0.463174E-002
  0.155455E+001  0.156709E+000  0.725006E-002  0.581339E-002  0.581339E-002  0.466141E-002
  0.155327E+001  0.161541E+000  0.736507E-002  0.592036E-002  0.592036E-002  0.475904E-002
  0.155199E+001  0.166375E+000  0.737264E-002  0.593985E-002  0.593985E-002  0.478551E-002
  0.155071E+001  0.171210E+000  0.744979E-002  0.601428E-002  0.601428E-002  0.485537E-002
  0.154945E+001  0.176047E+000  0.757301E-002  0.612484E-002  0.612484E-002  0.495360E-002
  0.154818E+001  0.180885E+000  0.756829E-002  0.613109E-002  0.613109E-002  0.496682E-002
  0.154693E+001  0.185724E+000  0.747103E-002  0.606109E-002  0.606109E-002  0.491723E-002
  0.154568E+001  0.190566E+000  0.750561E-002  0.609703E-002  0.609703E-002  0.495280E-002
  0.154444E+001  0.195409E+000  0.778291E-002  0.632951E-002  0.632951E-002  0.514753E-002
  0.154320E+001  0.200253E+000  0.760286E-002  0.618933E-002  0.618933E-002  0.503861E-002
  0.154197E+001  0.205100E+000  0.768444E-002  0.626125E-002  0.626125E-002  0.510164E-002
  0.154074E+001  0.209947E+000  0.787853E-002  0.642430E-002  0.642430E-002  0.523850E-002
  0.153953E+001  0.214797E+000  0.789876E-002  0.644497E-002  0.644497E-002  0.525876E-002
  0.153832E+001  0.219648E+000  0.804563E-002  0.656843E-002  0.656843E-002  0.536245E-002
  0.153711E+001  0.224501E+000  0.786326E-002  0.642251E-002  0.642251E-002  0.524574E-002
  0.153591E+001  0.229355E+000  0.811900E-002  0.663388E-002  0.663388E-002  0.542042E-002
  0.153472E+001  0.234212E+000  0.810743E-002  0.662640E-002  0.662640E-002  0.541591E-002
  0.153354E+001  0.239070E+000  0.801528E-002  0.655256E-002  0.655256E-002  0.535677E-002
  0.153236E+001  0.243929E+000  0.823350E-002  0.673206E-002  0.673206E-002  0.550443E-002
  0.153119E+001  0.248790E+000  0.836896E-002  0.684357E-002  0.684357E-002  0.559621E-002
  0.153003E+001  0.253654E+000  0.823385E-002  0.673350E-002  0.673350E-002  0.550654E-002
  0.152888E+001  0.258518E+000  0.841393E-002  0.688092E-002  0.688092E-002  0.562722E-002
  0.152773E+001  0.263385E+000  0.833623E-002  0.681730E-002  0.681730E-002  0.557514E-002
  0.152659E+001  0.268253E+000  0.839910E-002  0.686851E-002  0.686851E-002  0.561683E-002
  0.152546E+001  0.273123E+000  0.859259E-002  0.702643E-002  0.702643E-002  0.574574E-002
  0.152433E+001  0.277995E+000  0.864079E-002  0.706555E-002  0.706555E-002  0.577748E-002
  0.152322E+001  0.282869E+000  0.883747E-002  0.722619E-002  0.722619E-002  0.590869E-002
  0.152211E+001  0.287745E+000  0.872973E-002  0.713815E-002  0.713815E-002  0.583674E-002
  0.152101E+001  0.292622E+000  0.876653E-002  0.716870E-002  0.716870E-002  0.586209E-002
  0.151992E+001  0.297502E+000  0.889445E-002  0.727438E-002  0.727438E-002  0.594939E-002
  0.151884E+001  0.302383E+000  0.911271E-002  0.745489E-002  0.745489E-002  0.609867E-002
  0.151776E+001  0.307267E+000  0.934601E-002  0.764917E-002  0.764917E-002  0.626040E-002
  0.151670E+001  0.312153E+000  0.927643E-002  0.759745E-002  0.759745E-002  0.622235E-002
  0.151565E+001  0.317042E+000  0.953861E-002  0.782028E-002  0.782028E-002  0.641149E-002
  0.151462E+001  0.321934E+000  0.905416E-002  0.743445E-002  0.743445E-002  0.610448E-002
  0.151360E+001  0.326829E+000  0.908266E-002  0.747483E-002  0.747483E-002  0.615162E-002
  0.151260E+001  0.331728E+000  0.920205E-002  0.759893E-002  0.759893E-002  0.627509E-002
  0.151163E+001  0.336633E+000  0.910417E-002  0.755723E-002  0.755723E-002  0.627315E-002
  0.151070E+001  0.341546E+000  0.899246E-002  0.752571E-002  0.752571E-002  0.629820E-002
  0.150984E+001  0.346470E+000  0.920907E-002  0.780871E-002  0.780871E-002  0.662130E-002
  0.150907E+001  0.351411E+000  0.818472E-002  0.709301E-002  0.709301E-002  0.614691E-002
  0.150844E+001  0.356371E+000  0.704784E-002  0.632286E-002  0.632286E-002  0.567246E-002
  0.150796E+001  0.361348E+000  0.615124E-002  0.580116E-002  0.580116E-002  0.547100E-002
  0.150761E+001  0.366336E+000  0.725296E-002  0.727811E-002  0.727811E-002  0.730333E-002
  0.150733E+001  0.371328E+000  0.372553E-002  0.402767E-002  0.402767E-002  0.435430E-002
  0.150710E+001  0.376323E+000  0.767340E-002  0.901269E-002  0.901269E-002  0.105857E-001
  0.150689E+001  0.381319E+000  0.554491E-002  0.716705E-002  0.716705E-002  0.926372E-002
  0.150671E+001  0.386315E+000  0.108094E-002  0.154292E-002  0.154292E-002  0.220231E-002
  0.150654E+001  0.391312E+000  0.231017E-002  0.368140E-002  0.368140E-002  0.586661E-002
  0.150637E+001  0.396309E+000  0.139697E-002  0.253251E-002  0.253251E-002  0.459102E-002
  0.150622E+001  0.401307E+000  0.330831E-003  0.684713E-003  0.684713E-003  0.141722E-002
  0.150606E+001  0.406305E+000  0.138840E-003  0.339324E-003  0.339324E-003  0.829424E-003
  0.150592E+001  0.411303E+000  0.638324E-003  0.185633E-002  0.185633E-002  0.539827E-002
  0.150577E+001  0.416301E+000  0.504994E-004  0.184273E-003  0.184273E-003  0.672678E-003
  0.150563E+001  0.421299E+000  0.204620E-004  0.979152E-004  0.979152E-004  0.468997E-003
  0.150550E+001  0.426297E+000  0.554413E-004  0.373518E-003  0.373518E-003  0.251559E-002
  0.150536E+001  0.431295E+000  0.329977E-005  0.390305E-004  0.390305E-004  0.464344E-003
  0.150523E+001  0.436293E+000  0.895937E-006  0.355818E-004  0.355818E-004  0.144320E-002
  0.150510E+001  0.441292E+000  0.230504E-006  0.621988E-005  0.621988E-005  0.182322E-003
  0.150498E+001  0.446290E+000  0.369846E-005  0.422356E-004  0.422356E-004  0.480006E-003
  0.150486E+001  0.451288E+000  0.777488E-005  0.549595E-004  0.549595E-004  0.389372E-003
  0.150474E+001  0.456287E+000  0.104871E-004  0.540351E-004  0.540351E-004  0.278870E-003
  0.150462E+001  0.461286E+000  0.314008E-004  0.127802E-003  0.127802E-003  0.519883E-003
  0.150450E+001  0.466284E+000  0.154794E-004  0.520467E-004  0.520467E-004  0.175182E-003
  0.150439E+001  0.471283E+000  0.130557E-003  0.379959E-003  0.379959E-003  0.110567E-002
  0.150428E+001  0.476282E+000  0.159644E-003  0.409804E-003  0.409804E-003  0.105206E-002
  0.150418E+001  0.481281E+000  0.215864E-004  0.500894E-004  0.500894E-004  0.116308E-003
  0.150407E+001  0.486280E+000  0.457170E-003  0.961491E-003  0.961491E-003  0.202221E-002
  0.150397E+001  0.491279E+000  0.157356E-003  0.305215E-003  0.305215E-003  0.591955E-003
  0.150387E+001  0.496278E+000  0.399541E-004  0.719483E-004  0.719483E-004  0.129607E-003
  0.150378E+001  0.501277E+000  0.216468E-003  0.366690E-003  0.366690E-003  0.621121E-003
  0.150369E+001  0.506276E+000  0.566789E-004  0.906604E-004  0.906604E-004  0.145048E-003
  0.150360E+001  0.511275E+000  0.142647E-002  0.216339E-002  0.216339E-002  0.328104E-002
  0.150351E+001  0.516274E+000  0.895368E-004  0.129156E-003  0.129156E-003  0.186330E-003
  0.150343E+001  0.521274E+000  0.165430E-003  0.228863E-003  0.228863E-003  0.316595E-003
  0.150335E+001  0.526273E+000  0.226359E-002  0.300935E-002  0.300935E-002  0.400080E-002
  0.150328E+001  0.531273E+000  0.272066E-004  0.349820E-004  0.349820E-004  0.449975E-004
  0.150320E+001  0.536272E+000  0.324881E-004  0.402910E-004  0.402910E-004  0.499842E-004
  0.150314E+001  0.541272E+000  0.173207E-004  0.209260E-004  0.209260E-004  0.252966E-004
  0.150307E+001  0.546271E+000  0.234407E-003  0.275145E-003  0.275145E-003  0.322951E-003
  0.150301E+001  0.551271E+000  0.482395E-003  0.552699E-003  0.552699E-003  0.633260E-003
  0.150295E+001  0.556270E+000  0.493424E-003  0.552275E-003  0.552275E-003  0.618134E-003
  0.150290E+001  0.561270E+000  0.334683E-004  0.367507E-004  0.367507E-004  0.403655E-004
  0.150285E+001  0.566270E+000  0.266985E-004  0.287782E-004  0.287782E-004  0.310297E-004
  0.150280E+001  0.571270E+000  0.372335E-003  0.394204E-003  0.394204E-003  0.417348E-003
  0.150276E+001  0.576269E+000  0.561336E-004  0.585832E-004  0.585832E-004  0.611481E-004
  0.150272E+001  0.581269E+000  0.591190E-002  0.608379E-002  0.608379E-002  0.626069E-002
  0.150268E+001  0.586269E+000  0.935731E-005  0.949080E-005  0.949080E-005  0.963353E-005
  0.150265E+001  0.591269E+000  0.904456E-005  0.907660E-005  0.907660E-005  0.911564E-005
  0.150263E+001  0.596269E+000  0.947937E-004  0.944812E-004  0.944812E-004  0.941761E-004
  0.150261E+001  0.601269E+000  0.134617E-004  0.133154E-004  0.133154E-004  0.131767E-004
  0.150259E+001  0.606269E+000  0.286403E-003  0.281136E-003  0.281136E-003  0.275971E-003
  0.150258E+001  0.611269E+000  0.528294E-005  0.516086E-005  0.516086E-005  0.504705E-005
  0.150257E+001  0.616269E+000  0.738529E-005  0.718051E-005  0.718051E-005  0.698656E-005
  0.150256E+001  0.621269E+000  0.117521E-005  0.112813E-005  0.112813E-005  0.108775E-005
  0.150256E+001  0.626269E+000  0.133192E-005  0.129168E-005  0.129168E-005  0.124800E-005
  0.150257E+001  0.631269E+000  0.323875E-004  0.311970E-004  0.311970E-004  0.300458E-004
  0.150258E+001  0.636269E+000  0.339894E-004  0.327207E-004  0.327207E-004  0.314951E-004
  0.150259E+001  0.641269E+000  0.145872E-004  0.140451E-004  0.140451E-004  0.135191E-004
  0.150261E+001  0.646269E+000  0.368143E-004  0.354775E-004  0.354775E-004  0.341854E-004
  0.150264E+001  0.651269E+000  0.122373E-004  0.118217E-004  0.118217E-004  0.114166E-004
  0.150267E+001  0.656269E+000  0.905942E-005  0.877689E-005  0.877689E-005  0.849975E-005
  0.150270E+001  0.661269E+000  0.813555E-003  0.790468E-003  0.790468E-003  0.768033E-003
  0.150274E+001  0.666268E+000  0.925329E-004  0.903026E-004  0.903026E-004  0.881228E-004
  0.150278E+001  0.671268E+000  0.790424E-004  0.774893E-004  0.774893E-004  0.759637E-004
  0.150283E+001  0.676268E+000  0.346811E-003  0.341983E-003  0.341983E-003  0.337221E-003
  0.150289E+001  0.681268E+000  0.236041E-004  0.234439E-004  0.234439E-004  0.232821E-004
  0.150295E+001  0.686267E+000  0.223885E-004  0.223982E-004  0.223982E-004  0.224053E-004
  0.150301E+001  0.691267E+000  0.305092E-003  0.307440E-003  0.307440E-003  0.309809E-003
  0.150308E+001  0.696266E+000  0.471676E-003  0.479388E-003  0.479388E-003  0.487228E-003
  0.150316E+001  0.701266E+000  0.711084E-004  0.729835E-004  0.729835E-004  0.749058E-004
  0.150324E+001  0.706265E+000  0.671389E-001  0.695867E-001  0.695867E-001  0.721238E-001
  0.150333E+001  0.711264E+000  0.271909E-004  0.284952E-004  0.284952E-004  0.298600E-004
  0.150342E+001  0.716264E+000  0.410268E-003  0.434687E-003  0.434687E-003  0.460558E-003
  0.150352E+001  0.721263E+000  0.469490E-004  0.503539E-004  0.503539E-004  0.540039E-004
  0.150362E+001  0.726262E+000  0.132250E-003  0.143572E-003  0.143572E-003  0.155865E-003
  0.150373E+001  0.731260E+000  0.128448E-003  0.141315E-003  0.141315E-003  0.155472E-003
  0.150385E+001  0.736259E+000  0.334827E-004  0.373750E-004  0.373750E-004  0.417182E-004
  0.150397E+001  0.741258E+000  0.100299E-003  0.113585E-003  0.113585E-003  0.128630E-003
  0.150409E+001  0.746256E+000  0.931014E-004  0.106963E-003  0.106963E-003  0.122887E-003
  0.150423E+001  0.751254E+000  0.589601E-003  0.688820E-003  0.688820E-003  0.804734E-003
  0.150437E+001  0.756252E+000  0.153135E-003  0.181916E-003  0.181916E-003  0.216107E-003
  0.150451E+001  0.761250E+000  0.138222E-003  0.166958E-003  0.166958E-003  0.201670E-003
  0.150466E+001  0.766248E+000  0.242598E-003  0.298300E-003  0.298300E-003  0.366790E-003
  0.150482E+001  0.771245E+000  0.867158E-004  0.108667E-003  0.108667E-003  0.136177E-003
  0.150499E+001  0.776243E+000  0.817735E-004  0.104557E-003  0.104557E-003  0.133689E-003
  0.150516E+001  0.781240E+000  0.161185E-003  0.210282E-003  0.210282E-003  0.274333E-003
  0.150533E+001  0.786237E+000  0.133482E-003  0.177678E-003  0.177678E-003  0.236508E-003
  0.150552E+001  0.791233E+000  0.258191E-003  0.351496E-003  0.351496E-003  0.478517E-003
  0.150571E+001  0.796230E+000  0.172775E-003  0.240569E-003  0.240569E-003  0.334963E-003
  0.150590E+001  0.801226E+000  0.600592E-004  0.855336E-004  0.855336E-004  0.121813E-003
  0.150610E+001  0.806222E+000  0.173059E-003  0.252400E-003  0.252400E-003  0.368116E-003
  0.150631E+001  0.811217E+000  0.405892E-003  0.607020E-003  0.607020E-003  0.907811E-003
  0.150653E+001  0.816213E+000  0.387632E-004  0.595224E-004  0.595224E-004  0.913984E-004
  0.150675E+001  0.821208E+000  0.659740E-004  0.104030E-003  0.104030E-003  0.164036E-003
  0.150698E+001  0.826202E+000  0.499330E-004  0.809651E-004  0.809651E-004  0.131282E-003
  0.150722E+001  0.831197E+000  0.320962E-004  0.535932E-004  0.535932E-004  0.894872E-004
  0.150746E+001  0.836191E+000  0.399414E-004  0.686957E-004  0.686957E-004  0.118149E-003
  0.150771E+001  0.841185E+000  0.404625E-004  0.717915E-004  0.717915E-004  0.127376E-003
  0.150797E+001  0.846178E+000  0.249322E-004  0.457080E-004  0.457080E-004  0.837939E-004
  0.150823E+001  0.851171E+000  0.939003E-004  0.177937E-003  0.177937E-003  0.337182E-003
  0.150851E+001  0.856164E+000  0.407202E-004  0.800035E-004  0.800035E-004  0.157181E-003
  0.150878E+001  0.861156E+000  0.715924E-004  0.145722E-003  0.145722E-003  0.296606E-003
  0.150907E+001  0.866148E+000  0.181460E-004  0.383908E-004  0.383908E-004  0.812183E-004
  0.150936E+001  0.871139E+000  0.275658E-004  0.606588E-004  0.606588E-004  0.133476E-003
  0.150966E+001  0.876130E+000  0.286865E-004  0.658009E-004  0.658009E-004  0.150929E-003
  0.150997E+001  0.881120E+000  0.150968E-004  0.361829E-004  0.361829E-004  0.867145E-004
  0.151029E+001  0.886111E+000  0.151363E-004  0.380007E-004  0.380007E-004  0.953969E-004
  0.151061E+001  0.891100E+000  0.111093E-004  0.292531E-004  0.292531E-004  0.770223E-004
  0.151094E+001  0.896089E+000  0.997380E-005  0.276271E-004  0.276271E-004  0.765181E-004
  0.151128E+001  0.901078E+000  0.992453E-005  0.290122E-004  0.290122E-004  0.848013E-004
  0.151162E+001  0.906066E+000  0.995876E-005  0.307830E-004  0.307830E-004  0.951404E-004
  0.151198E+001  0.911053E+000  0.980027E-005  0.322126E-004  0.322126E-004  0.105867E-003
  0.151234E+001  0.916040E+000  0.743813E-005  0.260694E-004  0.260694E-004  0.913535E-004
  0.151271E+001  0.921027E+000  0.837208E-005  0.314428E-004  0.314428E-004  0.118071E-003
  0.151308E+001  0.926013E+000  0.484876E-005  0.195885E-004  0.195885E-004  0.791142E-004
  0.151347E+001  0.930998E+000  0.522570E-005  0.229011E-004  0.229011E-004  0.100336E-003
  0.151386E+001  0.935982E+000  0.343610E-005  0.164278E-004  0.164278E-004  0.785084E-004
  0.151426E+001  0.940966E+000  0.280488E-005  0.147609E-004  0.147609E-004  0.776404E-004
  0.151467E+001  0.945950E+000  0.264384E-005  0.154822E-004  0.154822E-004  0.906125E-004
  0.151508E+001  0.950932E+000  0.188422E-005  0.124106E-004  0.124106E-004  0.816784E-004
  0.151551E+001  0.955914E+000  0.147619E-005  0.111567E-004  0.111567E-004  0.842327E-004
  0.151594E+001  0.960896E+000  0.947358E-006  0.837568E-005  0.837568E-005  0.739276E-004
  0.151638E+001  0.965876E+000  0.651018E-006  0.694087E-005  0.694087E-005  0.738185E-004
  0.151683E+001  0.970856E+000  0.411600E-006  0.553580E-005  0.553580E-005  0.741582E-004
  0.151729E+001  0.975835E+000  0.255138E-006  0.465512E-005  0.465512E-005  0.843815E-004
  0.151775E+001  0.980813E+000  0.101075E-006  0.285488E-005  0.285488E-005  0.792971E-004
  0.151823E+001  0.985791E+000  0.205787E-007  0.136747E-005  0.136747E-005  0.837805E-004
  0.151871E+001  0.990767E+000  0.108371E-008  0.226971E-006  0.226971E-006  0.744663E-004
  0.151920E+001  0.995743E+000  0.359965E-007  0.167883E-005  0.167883E-005  0.745506E-004
  0.151970E+001  0.100072E+001  0.130563E-006  0.314589E-005  0.314589E-005  0.747442E-004
  0.152021E+001  0.100569E+001  0.287586E-006  0.468737E-005  0.468737E-005  0.759038E-004
  0.152073E+001  0.101067E+001  0.555869E-006  0.684277E-005  0.684277E-005  0.839461E-004
  0.152125E+001  0.101564E+001  0.799283E-006  0.793346E-005  0.793346E-005  0.785538E-004
  0.152179E+001  0.102061E+001  0.120575E-005  0.998592E-005  0.998592E-005  0.825665E-004
  0.152233E+001  0.102558E+001  0.149572E-005  0.106508E-004  0.106508E-004  0.757396E-004
  0.152288E+001  0.103055E+001  0.208935E-005  0.130383E-004  0.130383E-004  0.812833E-004
  0.152344E+001  0.103552E+001  0.293036E-005  0.162652E-004  0.162652E-004  0.902173E-004
  0.152401E+001  0.104048E+001  0.350384E-005  0.175057E-004  0.175057E-004  0.874080E-004
  0.152459E+001  0.104545E+001  0.422224E-005  0.191700E-004  0.191700E-004  0.869916E-004
  0.152518E+001  0.105042E+001  0.481489E-005  0.200244E-004  0.200244E-004  0.832404E-004
  0.152578E+001  0.105538E+001  0.530384E-005  0.203404E-004  0.203404E-004  0.779734E-004
  0.152639E+001  0.106034E+001  0.657034E-005  0.233670E-004  0.233670E-004  0.830747E-004
  0.152700E+001  0.106530E+001  0.761990E-005  0.252832E-004  0.252832E-004  0.838653E-004
  0.152763E+001  0.107027E+001  0.822527E-005  0.255422E-004  0.255422E-004  0.792945E-004
  0.152826E+001  0.107523E+001  0.109338E-004  0.319248E-004  0.319248E-004  0.931944E-004
  0.152891E+001  0.108018E+001  0.108089E-004  0.297461E-004  0.297461E-004  0.818432E-004
  0.152956E+001  0.108514E+001  0.123765E-004  0.322238E-004  0.322238E-004  0.838822E-004
  0.153023E+001  0.109010E+001  0.143418E-004  0.353910E-004  0.353910E-004  0.873179E-004
  0.153090E+001  0.109505E+001  0.150056E-004  0.352063E-004  0.352063E-004  0.825871E-004
  0.153158E+001  0.110000E+001  0.166840E-004  0.372949E-004  0.372949E-004  0.833547E-004
  0.153227E+001  0.110496E+001  0.206619E-004  0.440881E-004  0.440881E-004  0.940625E-004
  0.153298E+001  0.110991E+001  0.212580E-004  0.433484E-004  0.433484E-004  0.883828E-004
  0.153369E+001  0.111486E+001  0.223447E-004  0.436412E-004  0.436412E-004  0.852246E-004
  0.153441E+001  0.111980E+001  0.243860E-004  0.456841E-004  0.456841E-004  0.855734E-004
  0.153514E+001  0.112475E+001  0.272018E-004  0.489445E-004  0.489445E-004  0.880572E-004
  0.153588E+001  0.112969E+001  0.304464E-004  0.526820E-004  0.526820E-004  0.911478E-004
  0.153664E+001  0.113464E+001  0.339840E-004  0.565849E-004  0.565849E-004  0.942081E-004
  0.153740E+001  0.113958E+001  0.352270E-004  0.565310E-004  0.565310E-004  0.907110E-004
  0.153817E+001  0.114452E+001  0.374303E-004  0.579486E-004  0.579486E-004  0.897070E-004
  0.153895E+001  0.114946E+001  0.415336E-004  0.620897E-004  0.620897E-004  0.928124E-004
  0.153974E+001  0.115439E+001  0.467143E-004  0.674893E-004  0.674893E-004  0.974968E-004
  0.154055E+001  0.115933E+001  0.483738E-004  0.675657E-004  0.675657E-004  0.943654E-004
  0.154136E+001  0.116426E+001  0.512773E-004  0.693221E-004  0.693221E-004  0.937106E-004
  0.154218E+001  0.116919E+001  0.587669E-004  0.769484E-004  0.769484E-004  0.100749E-003
  0.154302E+001  0.117412E+001  0.599658E-004  0.760690E-004  0.760690E-004  0.964908E-004
  0.154386E+001  0.117905E+001  0.673991E-004  0.829113E-004  0.829113E-004  0.101988E-003
  0.154472E+001  0.118398E+001  0.689217E-004  0.822353E-004  0.822353E-004  0.981155E-004
  0.154559E+001  0.118890E+001  0.785219E-004  0.909207E-004  0.909207E-004  0.105272E-003
  0.154646E+001  0.119382E+001  0.812067E-004  0.913257E-004  0.913257E-004  0.102701E-003
  0.154735E+001  0.119875E+001  0.868913E-004  0.949196E-004  0.949196E-004  0.103685E-003
  0.154825E+001  0.120366E+001  0.916859E-004  0.973297E-004  0.973297E-004  0.103316E-003
  0.154916E+001  0.120858E+001  0.984312E-004  0.101580E-003  0.101580E-003  0.104826E-003
  0.155008E+001  0.121349E+001  0.105684E-003  0.106066E-003  0.106066E-003  0.106445E-003
  0.155101E+001  0.121841E+001  0.120295E-003  0.117450E-003  0.117450E-003  0.114668E-003
  0.155196E+001  0.122332E+001  0.122166E-003  0.116040E-003  0.116040E-003  0.110216E-003
  0.155291E+001  0.122823E+001  0.134544E-003  0.124400E-003  0.124400E-003  0.115017E-003
  0.155388E+001  0.123313E+001  0.139571E-003  0.125617E-003  0.125617E-003  0.113054E-003
  0.155486E+001  0.123803E+001  0.154730E-003  0.135591E-003  0.135591E-003  0.118816E-003
  0.155585E+001  0.124294E+001  0.162178E-003  0.138405E-003  0.138405E-003  0.118114E-003
  0.155685E+001  0.124783E+001  0.174810E-003  0.145319E-003  0.145319E-003  0.120799E-003
  0.155786E+001  0.125273E+001  0.183895E-003  0.148937E-003  0.148937E-003  0.120621E-003
  0.155889E+001  0.125762E+001  0.207353E-003  0.163599E-003  0.163599E-003  0.129075E-003
  0.155992E+001  0.126252E+001  0.219530E-003  0.168803E-003  0.168803E-003  0.129795E-003
  0.156097E+001  0.126740E+001  0.227597E-003  0.170538E-003  0.170538E-003  0.127781E-003
  0.156203E+001  0.127229E+001  0.252061E-003  0.184069E-003  0.184069E-003  0.134414E-003
  0.156311E+001  0.127717E+001  0.263513E-003  0.187517E-003  0.187517E-003  0.133434E-003
  0.156420E+001  0.128205E+001  0.299516E-003  0.207711E-003  0.207711E-003  0.144043E-003
  0.156529E+001  0.128693E+001  0.311419E-003  0.210535E-003  0.210535E-003  0.142330E-003
  0.156641E+001  0.129181E+001  0.325505E-003  0.214438E-003  0.214438E-003  0.141266E-003
  0.156753E+001  0.129668E+001  0.353776E-003  0.227175E-003  0.227175E-003  0.145876E-003
  0.156867E+001  0.130155E+001  0.377723E-003  0.236379E-003  0.236379E-003  0.147924E-003
  0.156982E+001  0.130641E+001  0.412094E-003  0.251333E-003  0.251333E-003  0.153283E-003
  0.157099E+001  0.131127E+001  0.433700E-003  0.257733E-003  0.257733E-003  0.153159E-003
  0.157217E+001  0.131613E+001  0.467473E-003  0.270688E-003  0.270688E-003  0.156737E-003
  0.157337E+001  0.132099E+001  0.517814E-003  0.292092E-003  0.292092E-003  0.164763E-003
  0.157457E+001  0.132584E+001  0.567663E-003  0.312005E-003  0.312005E-003  0.171485E-003
  0.157580E+001  0.133069E+001  0.589060E-003  0.315328E-003  0.315328E-003  0.168794E-003
  0.157704E+001  0.133553E+001  0.638780E-003  0.333024E-003  0.333024E-003  0.173617E-003
  0.157829E+001  0.134037E+001  0.710071E-003  0.360525E-003  0.360525E-003  0.183047E-003
  0.157957E+001  0.134521E+001  0.755250E-003  0.373285E-003  0.373285E-003  0.184495E-003
  0.158086E+001  0.135004E+001  0.832097E-003  0.400340E-003  0.400340E-003  0.192610E-003
  0.158216E+001  0.135486E+001  0.880879E-003  0.412541E-003  0.412541E-003  0.193203E-003
  0.158349E+001  0.135969E+001  0.974445E-003  0.444036E-003  0.444036E-003  0.202337E-003
  0.158483E+001  0.136450E+001  0.105103E-002  0.465998E-003  0.465998E-003  0.206609E-003
  0.158619E+001  0.136931E+001  0.113365E-002  0.488959E-003  0.488959E-003  0.210893E-003
  0.158757E+001  0.137412E+001  0.124615E-002  0.522772E-003  0.522772E-003  0.219306E-003
  0.158898E+001  0.137892E+001  0.135701E-002  0.553509E-003  0.553509E-003  0.225769E-003
  0.159040E+001  0.138371E+001  0.147150E-002  0.583635E-003  0.583635E-003  0.231482E-003
  0.159185E+001  0.138849E+001  0.159324E-002  0.614301E-003  0.614301E-003  0.236853E-003
  0.159333E+001  0.139327E+001  0.178604E-002  0.669297E-003  0.669297E-003  0.250809E-003
  0.159483E+001  0.139804E+001  0.194200E-002  0.707321E-003  0.707321E-003  0.257621E-003
  0.159635E+001  0.140280E+001  0.205592E-002  0.727871E-003  0.727871E-003  0.257692E-003
  0.159791E+001  0.140755E+001  0.225004E-002  0.774159E-003  0.774159E-003  0.266359E-003
  0.159949E+001  0.141230E+001  0.246982E-002  0.826041E-003  0.826041E-003  0.276270E-003
  0.160111E+001  0.141703E+001  0.261502E-002  0.850140E-003  0.850140E-003  0.276378E-003
