  0.129435E+000  0.397609E-001  0.546838E-001  0.344859E-002  0.344859E-002  0.217484E-003
  0.129435E+000  0.397609E-001  0.546838E-001  0.344859E-002  0.344859E-002  0.217484E-003
  0.130571E+000  0.446300E-001  0.488369E-001  0.342211E-002  0.342211E-002  0.239795E-003
  0.131819E+000  0.494718E-001  0.441609E-001  0.339317E-002  0.339317E-002  0.260720E-003
  0.133173E+000  0.542852E-001  0.403591E-001  0.336395E-002  0.336395E-002  0.280388E-003
  0.134625E+000  0.590694E-001  0.371995E-001  0.333325E-002  0.333325E-002  0.298675E-003
  0.136172E+000  0.638241E-001  0.345310E-001  0.330168E-002  0.330168E-002  0.315690E-003
  0.137807E+000  0.685492E-001  0.322603E-001  0.327060E-002  0.327060E-002  0.331579E-003
  0.139526E+000  0.732447E-001  0.302978E-001  0.323941E-002  0.323941E-002  0.346356E-003
  0.141322E+000  0.779110E-001  0.285858E-001  0.320827E-002  0.320827E-002  0.360075E-003
  0.143191E+000  0.825485E-001  0.270811E-001  0.317769E-002  0.317769E-002  0.372870E-003
  0.145128E+000  0.871578E-001  0.257505E-001  0.314807E-002  0.314807E-002  0.384860E-003
  0.147130E+000  0.917396E-001  0.245622E-001  0.311916E-002  0.311916E-002  0.396104E-003
  0.149192E+000  0.962947E-001  0.234978E-001  0.309154E-002  0.309154E-002  0.406744E-003
  0.151310E+000  0.100824E+000  0.225376E-001  0.306507E-002  0.306507E-002  0.416844E-003
  0.153481E+000  0.105328E+000  0.216673E-001  0.303996E-002  0.303996E-002  0.426512E-003
  0.155701E+000  0.109808E+000  0.208767E-001  0.301654E-002  0.301654E-002  0.435869E-003
  0.157968E+000  0.114265E+000  0.201526E-001  0.299450E-002  0.299450E-002  0.444956E-003
  0.160279E+000  0.118699E+000  0.194844E-001  0.297355E-002  0.297355E-002  0.453800E-003
  0.162630E+000  0.123111E+000  0.188712E-001  0.295465E-002  0.295465E-002  0.462609E-003
  0.165020E+000  0.127503E+000  0.183037E-001  0.293743E-002  0.293743E-002  0.471406E-003
  0.167446E+000  0.131875E+000  0.177776E-001  0.292202E-002  0.292202E-002  0.480281E-003
  0.169907E+000  0.136228E+000  0.172866E-001  0.290826E-002  0.290826E-002  0.489277E-003
  0.172399E+000  0.140562E+000  0.168286E-001  0.289636E-002  0.289636E-002  0.498493E-003
  0.174921E+000  0.144879E+000  0.163986E-001  0.288617E-002  0.288617E-002  0.507968E-003
  0.177472E+000  0.149180E+000  0.159961E-001  0.287814E-002  0.287814E-002  0.517857E-003
  0.180050E+000  0.153464E+000  0.156149E-001  0.287167E-002  0.287167E-002  0.528116E-003
  0.182653E+000  0.157733E+000  0.152560E-001  0.286740E-002  0.286740E-002  0.538932E-003
  0.185280E+000  0.161987E+000  0.149151E-001  0.286494E-002  0.286494E-002  0.550307E-003
  0.187930E+000  0.166227E+000  0.145908E-001  0.286445E-002  0.286445E-002  0.562349E-003
  0.190601E+000  0.170454E+000  0.142820E-001  0.286609E-002  0.286609E-002  0.575162E-003
  0.193292E+000  0.174668E+000  0.139870E-001  0.286986E-002  0.286986E-002  0.588837E-003
  0.196002E+000  0.178870E+000  0.137042E-001  0.287579E-002  0.287579E-002  0.603476E-003
  0.198729E+000  0.183061E+000  0.134331E-001  0.288409E-002  0.288409E-002  0.619217E-003
  0.201474E+000  0.187240E+000  0.131692E-001  0.289422E-002  0.289422E-002  0.636067E-003
  0.204234E+000  0.191409E+000  0.129152E-001  0.290699E-002  0.290699E-002  0.654314E-003
  0.207009E+000  0.195569E+000  0.126688E-001  0.292231E-002  0.292231E-002  0.674088E-003
  0.209798E+000  0.199719E+000  0.124286E-001  0.294018E-002  0.294018E-002  0.695545E-003
  0.212599E+000  0.203860E+000  0.121940E-001  0.296082E-002  0.296082E-002  0.718914E-003
  0.215412E+000  0.207994E+000  0.119653E-001  0.298474E-002  0.298474E-002  0.744539E-003
  0.218237E+000  0.212120E+000  0.117372E-001  0.301105E-002  0.301105E-002  0.772451E-003
  0.221071E+000  0.216239E+000  0.115132E-001  0.304103E-002  0.304103E-002  0.803242E-003
  0.223914E+000  0.220352E+000  0.112907E-001  0.307458E-002  0.307458E-002  0.837239E-003
  0.226765E+000  0.224460E+000  0.110687E-001  0.311195E-002  0.311195E-002  0.874921E-003
  0.229622E+000  0.228562E+000  0.108462E-001  0.315350E-002  0.315350E-002  0.916870E-003
  0.232485E+000  0.232662E+000  0.106222E-001  0.319969E-002  0.319969E-002  0.963830E-003
  0.235352E+000  0.236758E+000  0.103948E-001  0.325074E-002  0.325074E-002  0.101660E-002
  0.238222E+000  0.240852E+000  0.101620E-001  0.330697E-002  0.330697E-002  0.107618E-002
  0.241093E+000  0.244946E+000  0.992359E-002  0.336942E-002  0.336942E-002  0.114404E-002
  0.243964E+000  0.249040E+000  0.967582E-002  0.343806E-002  0.343806E-002  0.122163E-002
  0.246831E+000  0.253136E+000  0.941781E-002  0.351394E-002  0.351394E-002  0.131111E-002
  0.249692E+000  0.257237E+000  0.914457E-002  0.359687E-002  0.359687E-002  0.141476E-002
  0.252544E+000  0.261343E+000  0.885458E-002  0.368808E-002  0.368808E-002  0.153614E-002
  0.255384E+000  0.265459E+000  0.854256E-002  0.378752E-002  0.378752E-002  0.167927E-002
  0.258206E+000  0.269586E+000  0.820332E-002  0.389496E-002  0.389496E-002  0.184933E-002
  0.261005E+000  0.273729E+000  0.783060E-002  0.400956E-002  0.400956E-002  0.205303E-002
  0.263773E+000  0.277893E+000  0.741562E-002  0.412827E-002  0.412827E-002  0.229818E-002
  0.266502E+000  0.282083E+000  0.695059E-002  0.424690E-002  0.424690E-002  0.259489E-002
  0.269181E+000  0.286304E+000  0.642500E-002  0.435619E-002  0.435619E-002  0.295350E-002
  0.271798E+000  0.290565E+000  0.583080E-002  0.444227E-002  0.444227E-002  0.338435E-002
  0.274340E+000  0.294870E+000  0.516114E-002  0.448178E-002  0.448178E-002  0.389177E-002
  0.276794E+000  0.299227E+000  0.442120E-002  0.444566E-002  0.444566E-002  0.447015E-002
  0.279152E+000  0.303636E+000  0.362790E-002  0.429794E-002  0.429794E-002  0.509159E-002
  0.281410E+000  0.308097E+000  0.281930E-002  0.400874E-002  0.400874E-002  0.569981E-002
  0.283576E+000  0.312603E+000  0.204969E-002  0.356967E-002  0.356967E-002  0.621650E-002
  0.285669E+000  0.317144E+000  0.137596E-002  0.300473E-002  0.300473E-002  0.656105E-002
  0.287712E+000  0.321708E+000  0.839837E-003  0.236777E-002  0.236777E-002  0.667467E-002
  0.289734E+000  0.326281E+000  0.455689E-003  0.172845E-002  0.172845E-002  0.655466E-002
  0.291764E+000  0.330850E+000  0.209720E-003  0.114378E-002  0.114378E-002  0.623519E-002
  0.293822E+000  0.335407E+000  0.731417E-004  0.650570E-003  0.650570E-003  0.577943E-002
  0.295928E+000  0.339942E+000  0.127933E-004  0.260095E-003  0.260095E-003  0.525273E-002
  0.298093E+000  0.344449E+000  0.148836E-006  0.328526E-004  0.328526E-004  0.470662E-002
  0.300323E+000  0.348924E+000  0.139782E-004  0.242352E-003  0.242352E-003  0.417919E-002
  0.302620E+000  0.353365E+000  0.401507E-004  0.385342E-003  0.385342E-003  0.369170E-002
  0.304982E+000  0.357772E+000  0.700427E-004  0.477528E-003  0.477528E-003  0.325247E-002
  0.307407E+000  0.362144E+000  0.989184E-004  0.532556E-003  0.532556E-003  0.286530E-002
  0.309891E+000  0.366484E+000  0.124422E-003  0.560916E-003  0.560916E-003  0.252744E-002
  0.312428E+000  0.370793E+000  0.145638E-003  0.570632E-003  0.570632E-003  0.223492E-002
  0.315013E+000  0.375073E+000  0.162447E-003  0.567591E-003  0.567591E-003  0.198247E-002
  0.317641E+000  0.379326E+000  0.175163E-003  0.556126E-003  0.556126E-003  0.176510E-002
  0.320307E+000  0.383556E+000  0.184215E-003  0.539150E-003  0.539150E-003  0.157750E-002
  0.323006E+000  0.387765E+000  0.190133E-003  0.518851E-003  0.518851E-003  0.141550E-002
  0.325736E+000  0.391954E+000  0.193424E-003  0.496701E-003  0.496701E-003  0.127517E-002
  0.328492E+000  0.396126E+000  0.194567E-003  0.473794E-003  0.473794E-003  0.115345E-002
  0.331271E+000  0.400282E+000  0.193951E-003  0.450781E-003  0.450781E-003  0.104745E-002
  0.334071E+000  0.404424E+000  0.191904E-003  0.428082E-003  0.428082E-003  0.954698E-003
  0.336890E+000  0.408555E+000  0.188746E-003  0.406063E-003  0.406063E-003  0.873387E-003
  0.339724E+000  0.412674E+000  0.184707E-003  0.384888E-003  0.384888E-003  0.801828E-003
  0.342572E+000  0.416783E+000  0.179991E-003  0.364659E-003  0.364659E-003  0.738618E-003
  0.345433E+000  0.420884E+000  0.174767E-003  0.345430E-003  0.345430E-003  0.682584E-003
  0.348305E+000  0.424977E+000  0.169176E-003  0.327224E-003  0.327224E-003  0.632768E-003
  0.351187E+000  0.429062E+000  0.163324E-003  0.310012E-003  0.310012E-003  0.588302E-003
  0.354078E+000  0.433142E+000  0.157306E-003  0.293776E-003  0.293776E-003  0.548500E-003
  0.356977E+000  0.437216E+000  0.151207E-003  0.278493E-003  0.278493E-003  0.512795E-003
  0.359882E+000  0.441285E+000  0.145067E-003  0.264082E-003  0.264082E-003  0.480614E-003
  0.362794E+000  0.445350E+000  0.138954E-003  0.250530E-003  0.250530E-003  0.451576E-003
  0.365711E+000  0.449411E+000  0.132912E-003  0.237795E-003  0.237795E-003  0.425326E-003
  0.368633E+000  0.453468E+000  0.126953E-003  0.225796E-003  0.225796E-003  0.401480E-003
  0.371560E+000  0.457522E+000  0.121099E-003  0.214477E-003  0.214477E-003  0.379747E-003
  0.374490E+000  0.461573E+000  0.115395E-003  0.203842E-003  0.203842E-003  0.359975E-003
  0.377424E+000  0.465622E+000  0.109838E-003  0.193817E-003  0.193817E-003  0.341897E-003
  0.380361E+000  0.469669E+000  0.104444E-003  0.184369E-003  0.184369E-003  0.325350E-003
  0.383300E+000  0.473713E+000  0.992227E-004  0.175461E-003  0.175461E-003  0.310175E-003
  0.386242E+000  0.477757E+000  0.941750E-004  0.167052E-003  0.167052E-003  0.296224E-003
  0.389185E+000  0.481798E+000  0.893082E-004  0.159115E-003  0.159115E-003  0.283385E-003
  0.392131E+000  0.485839E+000  0.846189E-004  0.151611E-003  0.151611E-003  0.271540E-003
  0.395077E+000  0.489878E+000  0.801125E-004  0.144518E-003  0.144518E-003  0.260605E-003
  0.398025E+000  0.493917E+000  0.757856E-004  0.137808E-003  0.137808E-003  0.250492E-003
  0.400974E+000  0.497955E+000  0.716331E-004  0.131449E-003  0.131449E-003  0.241116E-003
  0.403924E+000  0.501992E+000  0.676540E-004  0.125421E-003  0.125421E-003  0.232417E-003
  0.406874E+000  0.506029E+000  0.638471E-004  0.119707E-003  0.119707E-003  0.224341E-003
  0.409824E+000  0.510065E+000  0.602085E-004  0.114286E-003  0.114286E-003  0.216836E-003
  0.412775E+000  0.514102E+000  0.567325E-004  0.109137E-003  0.109137E-003  0.209851E-003
  0.415726E+000  0.518138E+000  0.534124E-004  0.104239E-003  0.104239E-003  0.203334E-003
  0.418677E+000  0.522175E+000  0.502470E-004  0.995831E-004  0.995831E-004  0.197261E-003
  0.421627E+000  0.526211E+000  0.472313E-004  0.951523E-004  0.951523E-004  0.191593E-003
  0.424577E+000  0.530248E+000  0.443598E-004  0.909330E-004  0.909330E-004  0.186301E-003
  0.427527E+000  0.534285E+000  0.416250E-004  0.869071E-004  0.869071E-004  0.181346E-003
  0.430476E+000  0.538323E+000  0.390251E-004  0.830683E-004  0.830683E-004  0.176712E-003
  0.433424E+000  0.542361E+000  0.365548E-004  0.794051E-004  0.794051E-004  0.172378E-003
  0.436372E+000  0.546400E+000  0.342085E-004  0.759059E-004  0.759059E-004  0.168319E-003
  0.439318E+000  0.550440E+000  0.319821E-004  0.725615E-004  0.725615E-004  0.164517E-003
  0.442264E+000  0.554480E+000  0.298698E-004  0.693616E-004  0.693616E-004  0.160952E-003
  0.445208E+000  0.558522E+000  0.278668E-004  0.662963E-004  0.662963E-004  0.157604E-003
  0.448151E+000  0.562564E+000  0.259701E-004  0.633615E-004  0.633615E-004  0.154467E-003
  0.451092E+000  0.566607E+000  0.241762E-004  0.605515E-004  0.605515E-004  0.151533E-003
  0.454032E+000  0.570651E+000  0.224778E-004  0.578531E-004  0.578531E-004  0.148773E-003
  0.456971E+000  0.574697E+000  0.208726E-004  0.552635E-004  0.552635E-004  0.146187E-003
  0.459908E+000  0.578743E+000  0.193584E-004  0.527819E-004  0.527819E-004  0.143776E-003
  0.462843E+000  0.582791E+000  0.179278E-004  0.503926E-004  0.503926E-004  0.141504E-003
  0.465776E+000  0.586841E+000  0.165773E-004  0.480912E-004  0.480912E-004  0.139365E-003
  0.468707E+000  0.590891E+000  0.153070E-004  0.458829E-004  0.458829E-004  0.137380E-003
  0.471636E+000  0.594944E+000  0.141098E-004  0.437528E-004  0.437528E-004  0.135511E-003
  0.474563E+000  0.598997E+000  0.129851E-004  0.417049E-004  0.417049E-004  0.133777E-003
  0.477487E+000  0.603053E+000  0.119277E-004  0.397284E-004  0.397284E-004  0.132149E-003
  0.480410E+000  0.607110E+000  0.109345E-004  0.378205E-004  0.378205E-004  0.130629E-003
  0.483329E+000  0.611169E+000  0.100046E-004  0.359832E-004  0.359832E-004  0.129224E-003
  0.486247E+000  0.615230E+000  0.913196E-005  0.342036E-004  0.342036E-004  0.127902E-003
  0.489161E+000  0.619292E+000  0.831693E-005  0.324881E-004  0.324881E-004  0.126688E-003
  0.492073E+000  0.623357E+000  0.755548E-005  0.308298E-004  0.308298E-004  0.125566E-003
  0.494982E+000  0.627423E+000  0.684447E-005  0.292228E-004  0.292228E-004  0.124519E-003
  0.497889E+000  0.631492E+000  0.618249E-005  0.276692E-004  0.276692E-004  0.123565E-003
  0.500792E+000  0.635563E+000  0.556682E-005  0.261642E-004  0.261642E-004  0.122685E-003
  0.503692E+000  0.639636E+000  0.499545E-005  0.247068E-004  0.247068E-004  0.121887E-003
  0.506588E+000  0.643711E+000  0.446604E-005  0.232938E-004  0.232938E-004  0.121160E-003
  0.509482E+000  0.647789E+000  0.397647E-005  0.219237E-004  0.219237E-004  0.120508E-003
  0.512372E+000  0.651869E+000  0.352500E-005  0.205952E-004  0.205952E-004  0.119930E-003
  0.515258E+000  0.655952E+000  0.310914E-005  0.193030E-004  0.193030E-004  0.119403E-003
  0.518141E+000  0.660038E+000  0.272763E-005  0.180492E-004  0.180492E-004  0.118949E-003
  0.521020E+000  0.664126E+000  0.237860E-005  0.168314E-004  0.168314E-004  0.118560E-003
  0.523894E+000  0.668216E+000  0.206039E-005  0.156477E-004  0.156477E-004  0.118230E-003
  0.526765E+000  0.672310E+000  0.177120E-005  0.144966E-004  0.144966E-004  0.117963E-003
  0.529632E+000  0.676407E+000  0.150955E-005  0.133766E-004  0.133766E-004  0.117752E-003
  0.532495E+000  0.680506E+000  0.127395E-005  0.122869E-004  0.122869E-004  0.117601E-003
  0.535353E+000  0.684609E+000  0.106292E-005  0.112253E-004  0.112253E-004  0.117496E-003
  0.538206E+000  0.688715E+000  0.875248E-006  0.101927E-004  0.101927E-004  0.117457E-003
  0.541055E+000  0.692824E+000  0.709358E-006  0.918601E-005  0.918601E-005  0.117462E-003
  0.543899E+000  0.696936E+000  0.564101E-006  0.820527E-005  0.820527E-005  0.117521E-003
  0.546738E+000  0.701052E+000  0.438256E-006  0.725000E-005  0.725000E-005  0.117638E-003
  0.549572E+000  0.705171E+000  0.330557E-006  0.631830E-005  0.631830E-005  0.117799E-003
  0.552401E+000  0.709294E+000  0.239898E-006  0.541001E-005  0.541001E-005  0.118011E-003
  0.555225E+000  0.713420E+000  0.165180E-006  0.452464E-005  0.452464E-005  0.118282E-003
  0.558042E+000  0.717551E+000  0.105348E-006  0.366146E-005  0.366146E-005  0.118597E-003
  0.560855E+000  0.721685E+000  0.593088E-007  0.281876E-005  0.281876E-005  0.118945E-003
  0.563661E+000  0.725823E+000  0.261433E-007  0.199767E-005  0.199767E-005  0.119354E-003
  0.566461E+000  0.729965E+000  0.485860E-008  0.119698E-005  0.119698E-005  0.119812E-003
  0.569256E+000  0.734112E+000  0.547482E-008  0.415892E-006  0.415892E-006  0.120315E-003
  0.572043E+000  0.738262E+000  0.574403E-008  0.345169E-006  0.345169E-006  0.120867E-003
  0.574825E+000  0.742417E+000  0.318353E-008  0.108748E-005  0.108748E-005  0.121473E-003
  0.577599E+000  0.746577E+000  0.204620E-007  0.181043E-005  0.181043E-005  0.122115E-003
  0.580367E+000  0.750741E+000  0.452914E-007  0.251488E-005  0.251488E-005  0.122805E-003
  0.583128E+000  0.754910E+000  0.768878E-007  0.320099E-005  0.320099E-005  0.123549E-003
  0.585881E+000  0.759083E+000  0.114479E-006  0.386858E-005  0.386858E-005  0.124338E-003
  0.588627E+000  0.763262E+000  0.157340E-006  0.451791E-005  0.451791E-005  0.125170E-003
  0.591365E+000  0.767446E+000  0.204752E-006  0.514903E-005  0.514903E-005  0.126051E-003
  0.594095E+000  0.771634E+000  0.256031E-006  0.576199E-005  0.576199E-005  0.126980E-003
  0.596817E+000  0.775828E+000  0.310516E-006  0.635686E-005  0.635686E-005  0.127958E-003
  0.599531E+000  0.780028E+000  0.367578E-006  0.693377E-005  0.693377E-005  0.128988E-003
  0.602237E+000  0.784233E+000  0.426566E-006  0.749202E-005  0.749202E-005  0.130059E-003
  0.604933E+000  0.788443E+000  0.486867E-006  0.803161E-005  0.803161E-005  0.131179E-003
  0.607621E+000  0.792659E+000  0.547998E-006  0.855352E-005  0.855352E-005  0.132362E-003
  0.610299E+000  0.796882E+000  0.609225E-006  0.905503E-005  0.905503E-005  0.133573E-003
  0.612968E+000  0.801110E+000  0.670145E-006  0.953778E-005  0.953778E-005  0.134840E-003
  0.615627E+000  0.805344E+000  0.730212E-006  0.100011E-004  0.100011E-004  0.136159E-003
  0.618276E+000  0.809584E+000  0.788930E-006  0.104445E-004  0.104445E-004  0.137529E-003
  0.620915E+000  0.813831E+000  0.845825E-006  0.108676E-004  0.108676E-004  0.138949E-003
  0.623544E+000  0.818085E+000  0.900468E-006  0.112701E-004  0.112701E-004  0.140423E-003
  0.626161E+000  0.822345E+000  0.952404E-006  0.116513E-004  0.116513E-004  0.141950E-003
  0.628768E+000  0.826611E+000  0.100120E-005  0.120102E-004  0.120102E-004  0.143521E-003
  0.631363E+000  0.830885E+000  0.104652E-005  0.123468E-004  0.123468E-004  0.145148E-003
  0.633947E+000  0.835166E+000  0.108802E-005  0.126605E-004  0.126605E-004  0.146830E-003
  0.636519E+000  0.839453E+000  0.112530E-005  0.129499E-004  0.129499E-004  0.148558E-003
  0.639079E+000  0.843748E+000  0.115817E-005  0.132154E-004  0.132154E-004  0.150346E-003
  0.641627E+000  0.848051E+000  0.118634E-005  0.134559E-004  0.134559E-004  0.152191E-003
  0.644161E+000  0.852361E+000  0.120952E-005  0.136704E-004  0.136704E-004  0.154091E-003
  0.646683E+000  0.856678E+000  0.122741E-005  0.138568E-004  0.138568E-004  0.156030E-003
  0.649192E+000  0.861003E+000  0.124019E-005  0.140182E-004  0.140182E-004  0.158056E-003
  0.651686E+000  0.865336E+000  0.124717E-005  0.141476E-004  0.141476E-004  0.160099E-003
  0.654168E+000  0.869677E+000  0.124886E-005  0.142510E-004  0.142510E-004  0.162238E-003
  0.656634E+000  0.874027E+000  0.124470E-005  0.143218E-004  0.143218E-004  0.164411E-003
  0.659087E+000  0.878384E+000  0.123466E-005  0.143589E-004  0.143589E-004  0.166614E-003
  0.661525E+000  0.882749E+000  0.121927E-005  0.143674E-004  0.143674E-004  0.168921E-003
  0.663947E+000  0.887123E+000  0.119796E-005  0.143386E-004  0.143386E-004  0.171241E-003
  0.666354E+000  0.891506E+000  0.117148E-005  0.142794E-004  0.142794E-004  0.173670E-003
  0.668746E+000  0.895896E+000  0.113920E-005  0.141793E-004  0.141793E-004  0.176095E-003
  0.671122E+000  0.900296E+000  0.110193E-005  0.140446E-004  0.140446E-004  0.178606E-003
  0.673481E+000  0.904704E+000  0.105978E-005  0.138726E-004  0.138726E-004  0.181183E-003
  0.675825E+000  0.909121E+000  0.101292E-005  0.136608E-004  0.136608E-004  0.183813E-003
  0.678151E+000  0.913547E+000  0.961654E-006  0.134072E-004  0.134072E-004  0.186477E-003
  0.680460E+000  0.917982E+000  0.906639E-006  0.131143E-004  0.131143E-004  0.189229E-003
  0.682752E+000  0.922425E+000  0.847996E-006  0.127764E-004  0.127764E-004  0.192007E-003
  0.685027E+000  0.926878E+000  0.786395E-006  0.123951E-004  0.123951E-004  0.194845E-003
  0.687284E+000  0.931340E+000  0.722405E-006  0.119691E-004  0.119691E-004  0.197744E-003
  0.689523E+000  0.935810E+000  0.656596E-006  0.114970E-004  0.114970E-004  0.200696E-003
  0.691744E+000  0.940290E+000  0.589628E-006  0.109777E-004  0.109777E-004  0.203704E-003
  0.693946E+000  0.944779E+000  0.522179E-006  0.104093E-004  0.104093E-004  0.206745E-003
  0.696130E+000  0.949277E+000  0.455049E-006  0.979195E-005  0.979195E-005  0.209845E-003
  0.698295E+000  0.953784E+000  0.389048E-006  0.912433E-005  0.912433E-005  0.212994E-003
  0.700441E+000  0.958300E+000  0.325032E-006  0.840561E-005  0.840561E-005  0.216191E-003
  0.702568E+000  0.962825E+000  0.263895E-006  0.763475E-005  0.763475E-005  0.219435E-003
  0.704676E+000  0.967359E+000  0.206572E-006  0.681061E-005  0.681061E-005  0.222713E-003
  0.706765E+000  0.971902E+000  0.154060E-006  0.593277E-005  0.593277E-005  0.226035E-003
  0.708834E+000  0.976453E+000  0.107408E-006  0.500111E-005  0.500111E-005  0.229403E-003
  0.710884E+000  0.981014E+000  0.676380E-007  0.401431E-005  0.401431E-005  0.232808E-003
  0.712914E+000  0.985583E+000  0.358525E-007  0.297227E-005  0.297227E-005  0.236234E-003
  0.714924E+000  0.990161E+000  0.131576E-007  0.187498E-005  0.187498E-005  0.239703E-003
  0.716915E+000  0.994748E+000  0.666171E-009  0.721504E-006  0.721504E-006  0.243227E-003
  0.718887E+000  0.999342E+000  0.473108E-009  0.488552E-006  0.488552E-006  0.246714E-003
  0.720839E+000  0.100395E+001  0.109044E-007  0.175638E-005  0.175638E-005  0.250553E-003
  0.722771E+000  0.100856E+001  0.359201E-007  0.307785E-005  0.307785E-005  0.253997E-003
  0.724684E+000  0.101318E+001  0.757493E-007  0.445624E-005  0.445624E-005  0.257579E-003
  0.726577E+000  0.101780E+001  0.131568E-006  0.589279E-005  0.589279E-005  0.261318E-003
  0.728452E+000  0.102244E+001  0.204203E-006  0.737384E-005  0.737384E-005  0.264604E-003
  0.730307E+000  0.102708E+001  0.295630E-006  0.893146E-005  0.893146E-005  0.268690E-003
  0.732142E+000  0.103173E+001  0.405361E-006  0.105158E-004  0.105158E-004  0.271974E-003
  0.733960E+000  0.103639E+001  0.535948E-006  0.121685E-004  0.121685E-004  0.275660E-003
  0.735758E+000  0.104106E+001  0.687294E-006  0.138635E-004  0.138635E-004  0.279163E-003
  0.737538E+000  0.104573E+001  0.860495E-006  0.156042E-004  0.156042E-004  0.282586E-003
  0.739299E+000  0.105041E+001  0.105743E-005  0.174078E-004  0.174078E-004  0.286269E-003
  0.741043E+000  0.105510E+001  0.128017E-005  0.192870E-004  0.192870E-004  0.290326E-003
  0.742769E+000  0.105979E+001  0.152276E-005  0.211412E-004  0.211412E-004  0.293304E-003
  0.744477E+000  0.106449E+001  0.179384E-005  0.230868E-004  0.230868E-004  0.296952E-003
  0.746168E+000  0.106919E+001  0.209149E-005  0.250815E-004  0.250815E-004  0.300631E-003
  0.747842E+000  0.107390E+001  0.241821E-005  0.271443E-004  0.271443E-004  0.304565E-003
  0.749499E+000  0.107862E+001  0.276220E-005  0.291394E-004  0.291394E-004  0.307290E-003
  0.751140E+000  0.108334E+001  0.314792E-005  0.313215E-004  0.313215E-004  0.311550E-003
  0.752764E+000  0.108807E+001  0.354339E-005  0.333620E-004  0.333620E-004  0.314028E-003
  0.754373E+000  0.109281E+001  0.397975E-005  0.355601E-004  0.355601E-004  0.317664E-003
  0.755967E+000  0.109755E+001  0.443921E-005  0.377432E-004  0.377432E-004  0.320834E-003
  0.757546E+000  0.110229E+001  0.492298E-005  0.399250E-004  0.399250E-004  0.323729E-003
  0.759110E+000  0.110704E+001  0.543758E-005  0.421581E-004  0.421581E-004  0.326803E-003
  0.760659E+000  0.111179E+001  0.598649E-005  0.444642E-004  0.444642E-004  0.330206E-003
  0.762195E+000  0.111655E+001  0.655596E-005  0.467363E-004  0.467363E-004  0.333132E-003
  0.763717E+000  0.112131E+001  0.717116E-005  0.491543E-004  0.491543E-004  0.336886E-003
  0.765226E+000  0.112608E+001  0.778065E-005  0.513636E-004  0.513636E-004  0.339038E-003
  0.766721E+000  0.113085E+001  0.842335E-005  0.536378E-004  0.536378E-004  0.341520E-003
  0.768205E+000  0.113563E+001  0.910112E-005  0.559807E-004  0.559807E-004  0.344305E-003
  0.769676E+000  0.114041E+001  0.981753E-005  0.584115E-004  0.584115E-004  0.347504E-003
  0.771136E+000  0.114519E+001  0.105253E-004  0.606493E-004  0.606493E-004  0.349451E-003
  0.772584E+000  0.114997E+001  0.112913E-004  0.630893E-004  0.630893E-004  0.352485E-003
  0.774021E+000  0.115476E+001  0.120503E-004  0.653617E-004  0.653617E-004  0.354503E-003
  0.775448E+000  0.115956E+001  0.128672E-004  0.678229E-004  0.678229E-004  0.357473E-003
  0.776864E+000  0.116435E+001  0.136553E-004  0.700169E-004  0.700169E-004  0.358990E-003
  0.778271E+000  0.116915E+001  0.144917E-004  0.723506E-004  0.723506E-004  0.361195E-003
  0.779668E+000  0.117395E+001  0.153444E-004  0.746601E-004  0.746601E-004  0.363251E-003
  0.781056E+000  0.117875E+001  0.162402E-004  0.770757E-004  0.770757E-004  0.365784E-003
  0.782435E+000  0.118356E+001  0.171071E-004  0.792590E-004  0.792590E-004  0.367200E-003
  0.783805E+000  0.118837E+001  0.180386E-004  0.816512E-004  0.816512E-004  0.369578E-003
  0.785168E+000  0.119318E+001  0.189364E-004  0.838028E-004  0.838028E-004  0.370856E-003
  0.786522E+000  0.119799E+001  0.198694E-004  0.860331E-004  0.860331E-004  0.372505E-003
  0.787870E+000  0.120281E+001  0.208311E-004  0.883072E-004  0.883072E-004  0.374340E-003
  0.789210E+000  0.120762E+001  0.218174E-004  0.906100E-004  0.906100E-004  0.376303E-003
  0.790543E+000  0.121244E+001  0.227600E-004  0.926627E-004  0.926627E-004  0.377248E-003
  0.791870E+000  0.121726E+001  0.237636E-004  0.948987E-004  0.948987E-004  0.378963E-003
  0.793190E+000  0.122209E+001  0.248058E-004  0.972224E-004  0.972224E-004  0.381039E-003
  0.794505E+000  0.122691E+001  0.257178E-004  0.989790E-004  0.989790E-004  0.380928E-003
  0.795814E+000  0.123174E+001  0.268032E-004  0.101350E-003  0.101350E-003  0.383220E-003
  0.797118E+000  0.123656E+001  0.277436E-004  0.103119E-003  0.103119E-003  0.383273E-003
  0.798417E+000  0.124139E+001  0.287508E-004  0.105094E-003  0.105094E-003  0.384147E-003
  0.799711E+000  0.124622E+001  0.297664E-004  0.107055E-003  0.107055E-003  0.385017E-003
  0.801000E+000  0.125105E+001  0.307836E-004  0.108980E-003  0.108980E-003  0.385807E-003
  0.802286E+000  0.125588E+001  0.318769E-004  0.111131E-003  0.111131E-003  0.387421E-003
  0.803567E+000  0.126072E+001  0.328705E-004  0.112896E-003  0.112896E-003  0.387739E-003
  0.804844E+000  0.126555E+001  0.338644E-004  0.114630E-003  0.114630E-003  0.388014E-003
  0.806119E+000  0.127039E+001  0.349165E-004  0.116528E-003  0.116528E-003  0.388889E-003
  0.807389E+000  0.127522E+001  0.359038E-004  0.118183E-003  0.118183E-003  0.389010E-003
  0.808657E+000  0.128006E+001  0.369620E-004  0.120042E-003  0.120042E-003  0.389853E-003
  0.809922E+000  0.128489E+001  0.380078E-004  0.121832E-003  0.121832E-003  0.390519E-003
  0.811185E+000  0.128973E+001  0.390366E-004  0.123541E-003  0.123541E-003  0.390974E-003
  0.812445E+000  0.129457E+001  0.400078E-004  0.125049E-003  0.125049E-003  0.390850E-003
  0.813702E+000  0.129941E+001  0.409780E-004  0.126537E-003  0.126537E-003  0.390733E-003
  0.814958E+000  0.130425E+001  0.419780E-004  0.128099E-003  0.128099E-003  0.390899E-003
  0.816212E+000  0.130909E+001  0.429740E-004  0.129632E-003  0.129632E-003  0.391035E-003
  0.817465E+000  0.131393E+001  0.439925E-004  0.131216E-003  0.131216E-003  0.391373E-003
  0.818716E+000  0.131877E+001  0.450074E-004  0.132774E-003  0.132774E-003  0.391685E-003
  0.819965E+000  0.132361E+001  0.459470E-004  0.134098E-003  0.134098E-003  0.391367E-003
  0.821214E+000  0.132846E+001  0.469988E-004  0.135736E-003  0.135736E-003  0.392010E-003
  0.822462E+000  0.133330E+001  0.478700E-004  0.136842E-003  0.136842E-003  0.391175E-003
  0.823709E+000  0.133814E+001  0.488162E-004  0.138156E-003  0.138156E-003  0.390998E-003
  0.824955E+000  0.134298E+001  0.497791E-004  0.139510E-003  0.139510E-003  0.390987E-003
  0.826201E+000  0.134782E+001  0.508326E-004  0.141107E-003  0.141107E-003  0.391699E-003
  0.827446E+000  0.135267E+001  0.517167E-004  0.142226E-003  0.142226E-003  0.391135E-003
  0.828691E+000  0.135751E+001  0.525850E-004  0.143299E-003  0.143299E-003  0.390501E-003
  0.829936E+000  0.136235E+001  0.534631E-004  0.144396E-003  0.144396E-003  0.389991E-003
  0.831182E+000  0.136719E+001  0.544717E-004  0.145840E-003  0.145840E-003  0.390460E-003
  0.832427E+000  0.137204E+001  0.553802E-004  0.147010E-003  0.147010E-003  0.390245E-003
  0.833673E+000  0.137688E+001  0.561498E-004  0.147811E-003  0.147811E-003  0.389103E-003
  0.834919E+000  0.138172E+001  0.570141E-004  0.148863E-003  0.148863E-003  0.388678E-003
  0.836166E+000  0.138656E+001  0.579534E-004  0.150108E-003  0.150108E-003  0.388800E-003
  0.837413E+000  0.139140E+001  0.588408E-004  0.151217E-003  0.151217E-003  0.388613E-003
  0.838661E+000  0.139625E+001  0.596893E-004  0.152224E-003  0.152224E-003  0.388209E-003
  0.839910E+000  0.140109E+001  0.604519E-004  0.153014E-003  0.153014E-003  0.387301E-003
  0.841160E+000  0.140593E+001  0.612457E-004  0.153886E-003  0.153886E-003  0.386650E-003
  0.842411E+000  0.141077E+001  0.620661E-004  0.154826E-003  0.154826E-003  0.386217E-003
  0.843663E+000  0.141561E+001  0.628846E-004  0.155763E-003  0.155763E-003  0.385818E-003
  0.844916E+000  0.142045E+001  0.636752E-004  0.156634E-003  0.156634E-003  0.385298E-003
  0.846170E+000  0.142529E+001  0.644593E-004  0.157491E-003  0.157491E-003  0.384787E-003
  0.847426E+000  0.143013E+001  0.652375E-004  0.158335E-003  0.158335E-003  0.384286E-003
  0.848684E+000  0.143497E+001  0.660163E-004  0.159183E-003  0.159183E-003  0.383833E-003
  0.849943E+000  0.143981E+001  0.667703E-004  0.159976E-003  0.159976E-003  0.383286E-003
  0.851203E+000  0.144465E+001  0.675610E-004  0.160859E-003  0.160859E-003  0.382996E-003
  0.852465E+000  0.144949E+001  0.684261E-004  0.161921E-003  0.161921E-003  0.383161E-003
  0.853729E+000  0.145432E+001  0.690688E-004  0.162459E-003  0.162459E-003  0.382124E-003
  0.854995E+000  0.145916E+001  0.697420E-004  0.163075E-003  0.163075E-003  0.381310E-003
  0.856262E+000  0.146400E+001  0.705246E-004  0.163951E-003  0.163951E-003  0.381142E-003
  0.857532E+000  0.146883E+001  0.713116E-004  0.164839E-003  0.164839E-003  0.381030E-003
  0.858803E+000  0.147367E+001  0.718526E-004  0.165165E-003  0.165165E-003  0.379655E-003
  0.860076E+000  0.147850E+001  0.725803E-004  0.165925E-003  0.165925E-003  0.379319E-003
  0.861352E+000  0.148334E+001  0.732283E-004  0.166508E-003  0.166508E-003  0.378606E-003
  0.862630E+000  0.148817E+001  0.740335E-004  0.167451E-003  0.167451E-003  0.378743E-003
  0.863909E+000  0.149301E+001  0.747727E-004  0.168248E-003  0.168248E-003  0.378578E-003
  0.865191E+000  0.149784E+001  0.752723E-004  0.168511E-003  0.168511E-003  0.377244E-003
  0.866476E+000  0.150267E+001  0.759166E-004  0.169105E-003  0.169105E-003  0.376682E-003
  0.867762E+000  0.150750E+001  0.765423E-004  0.169663E-003  0.169663E-003  0.376073E-003
  0.869051E+000  0.151233E+001  0.772224E-004  0.170346E-003  0.170346E-003  0.375768E-003
  0.870343E+000  0.151716E+001  0.780450E-004  0.171346E-003  0.171346E-003  0.376184E-003
  0.871636E+000  0.152199E+001  0.784666E-004  0.171471E-003  0.171471E-003  0.374709E-003
  0.872933E+000  0.152682E+001  0.791967E-004  0.172275E-003  0.172275E-003  0.374745E-003
  0.874231E+000  0.153165E+001  0.796432E-004  0.172469E-003  0.172469E-003  0.373482E-003
  0.875532E+000  0.153648E+001  0.803116E-004  0.173149E-003  0.173149E-003  0.373300E-003
  0.876836E+000  0.154131E+001  0.810501E-004  0.173982E-003  0.173982E-003  0.373470E-003
  0.878143E+000  0.154613E+001  0.815457E-004  0.174299E-003  0.174299E-003  0.372552E-003
  0.879452E+000  0.155096E+001  0.820288E-004  0.174596E-003  0.174596E-003  0.371622E-003
  0.880763E+000  0.155578E+001  0.826371E-004  0.175166E-003  0.175166E-003  0.371297E-003
  0.882078E+000  0.156061E+001  0.831936E-004  0.175630E-003  0.175630E-003  0.370770E-003
  0.883394E+000  0.156543E+001  0.837649E-004  0.176131E-003  0.176131E-003  0.370345E-003
  0.884714E+000  0.157025E+001  0.843737E-004  0.176714E-003  0.176714E-003  0.370114E-003
  0.886037E+000  0.157508E+001  0.849641E-004  0.177264E-003  0.177264E-003  0.369830E-003
  0.887362E+000  0.157990E+001  0.854863E-004  0.177676E-003  0.177676E-003  0.369282E-003
  0.888690E+000  0.158472E+001  0.860085E-004  0.178093E-003  0.178093E-003  0.368766E-003
  0.890020E+000  0.158954E+001  0.867135E-004  0.178893E-003  0.178893E-003  0.369060E-003
  0.891354E+000  0.159436E+001  0.872027E-004  0.179251E-003  0.179251E-003  0.368460E-003
  0.892690E+000  0.159917E+001  0.876846E-004  0.179599E-003  0.179599E-003  0.367862E-003
  0.894029E+000  0.160399E+001  0.881367E-004  0.179892E-003  0.179892E-003  0.367171E-003
  0.895371E+000  0.160881E+001  0.887807E-004  0.180581E-003  0.180581E-003  0.367305E-003
  0.896716E+000  0.161362E+001  0.892533E-004  0.180926E-003  0.180926E-003  0.366754E-003
  0.898064E+000  0.161844E+001  0.897294E-004  0.181282E-003  0.181282E-003  0.366248E-003
  0.899414E+000  0.162325E+001  0.902316E-004  0.181697E-003  0.181697E-003  0.365876E-003
  0.900768E+000  0.162807E+001  0.909149E-004  0.182479E-003  0.182479E-003  0.366258E-003
  0.902124E+000  0.163288E+001  0.913515E-004  0.182769E-003  0.182769E-003  0.365670E-003
  0.903484E+000  0.163769E+001  0.917689E-004  0.183026E-003  0.183026E-003  0.365031E-003
  0.904846E+000  0.164250E+001  0.922744E-004  0.183464E-003  0.183464E-003  0.364771E-003
  0.906211E+000  0.164731E+001  0.927703E-004  0.183887E-003  0.183887E-003  0.364496E-003
  0.907579E+000  0.165212E+001  0.932738E-004  0.184329E-003  0.184329E-003  0.364273E-003
  0.908950E+000  0.165693E+001  0.938238E-004  0.184866E-003  0.184866E-003  0.364252E-003
  0.910324E+000  0.166174E+001  0.944848E-004  0.185625E-003  0.185625E-003  0.364679E-003
  0.911701E+000  0.166654E+001  0.947923E-004  0.185694E-003  0.185694E-003  0.363764E-003
  0.913081E+000  0.167135E+001  0.952678E-004  0.186096E-003  0.186096E-003  0.363518E-003
  0.914464E+000  0.167615E+001  0.958763E-004  0.186761E-003  0.186761E-003  0.363798E-003
  0.915850E+000  0.168096E+001  0.962299E-004  0.186933E-003  0.186933E-003  0.363130E-003
  0.917238E+000  0.168576E+001  0.967021E-004  0.187341E-003  0.187341E-003  0.362934E-003
  0.918630E+000  0.169056E+001  0.972618E-004  0.187921E-003  0.187921E-003  0.363083E-003
  0.920025E+000  0.169536E+001  0.979637E-004  0.188777E-003  0.188777E-003  0.363775E-003
  0.921422E+000  0.170017E+001  0.984914E-004  0.189301E-003  0.189301E-003  0.363835E-003
  0.922823E+000  0.170496E+001  0.988902E-004  0.189579E-003  0.189579E-003  0.363436E-003
  0.924226E+000  0.170976E+001  0.991466E-004  0.189590E-003  0.189590E-003  0.362538E-003
  0.925633E+000  0.171456E+001  0.996098E-004  0.190001E-003  0.190001E-003  0.362416E-003
  0.927042E+000  0.171936E+001  0.100110E-003  0.190485E-003  0.190485E-003  0.362447E-003
  0.928455E+000  0.172416E+001  0.100708E-003  0.191158E-003  0.191158E-003  0.362844E-003
  0.929870E+000  0.172895E+001  0.100994E-003  0.191242E-003  0.191242E-003  0.362136E-003
  0.931289E+000  0.173375E+001  0.101591E-003  0.191918E-003  0.191918E-003  0.362557E-003
  0.932710E+000  0.173854E+001  0.101945E-003  0.192139E-003  0.192139E-003  0.362130E-003
  0.934134E+000  0.174333E+001  0.102420E-003  0.192591E-003  0.192591E-003  0.362147E-003
  0.935562E+000  0.174812E+001  0.103207E-003  0.193631E-003  0.193631E-003  0.363277E-003
  0.936992E+000  0.175292E+001  0.103503E-003  0.193751E-003  0.193751E-003  0.362689E-003
  0.938425E+000  0.175771E+001  0.103985E-003  0.194225E-003  0.194225E-003  0.362774E-003
  0.939861E+000  0.176249E+001  0.104576E-003  0.194902E-003  0.194902E-003  0.363246E-003
  0.941300E+000  0.176728E+001  0.104910E-003  0.195105E-003  0.195105E-003  0.362842E-003
  0.942742E+000  0.177207E+001  0.105262E-003  0.195343E-003  0.195343E-003  0.362515E-003
  0.944187E+000  0.177686E+001  0.105715E-003  0.195773E-003  0.195773E-003  0.362552E-003
  0.945634E+000  0.178164E+001  0.106233E-003  0.196326E-003  0.196326E-003  0.362824E-003
  0.947085E+000  0.178643E+001  0.106671E-003  0.196734E-003  0.196734E-003  0.362837E-003
  0.948538E+000  0.179121E+001  0.107123E-003  0.197169E-003  0.197169E-003  0.362908E-003
  0.949995E+000  0.179600E+001  0.107789E-003  0.198001E-003  0.198001E-003  0.363714E-003
  0.951454E+000  0.180078E+001  0.108168E-003  0.198306E-003  0.198306E-003  0.363559E-003
  0.952916E+000  0.180556E+001  0.108600E-003  0.198714E-003  0.198714E-003  0.363600E-003
  0.954382E+000  0.181034E+001  0.109025E-003  0.199109E-003  0.199109E-003  0.363626E-003
  0.955850E+000  0.181512E+001  0.109496E-003  0.199591E-003  0.199591E-003  0.363818E-003
  0.957320E+000  0.181990E+001  0.110070E-003  0.200263E-003  0.200263E-003  0.364362E-003
  0.958794E+000  0.182468E+001  0.110636E-003  0.200921E-003  0.200921E-003  0.364884E-003
  0.960271E+000  0.182945E+001  0.111134E-003  0.201459E-003  0.201459E-003  0.365195E-003
  0.961750E+000  0.183423E+001  0.111409E-003  0.201593E-003  0.201593E-003  0.364781E-003
  0.963232E+000  0.183900E+001  0.112056E-003  0.202405E-003  0.202405E-003  0.365601E-003
  0.964717E+000  0.184378E+001  0.112404E-003  0.202677E-003  0.202677E-003  0.365450E-003
  0.966205E+000  0.184855E+001  0.112910E-003  0.203236E-003  0.203236E-003  0.365822E-003
  0.967696E+000  0.185332E+001  0.113749E-003  0.204397E-003  0.204397E-003  0.367281E-003
  0.969189E+000  0.185810E+001  0.113981E-003  0.204466E-003  0.204466E-003  0.366784E-003
  0.970685E+000  0.186287E+001  0.114460E-003  0.204982E-003  0.204982E-003  0.367095E-003
  0.972184E+000  0.186764E+001  0.114954E-003  0.205528E-003  0.205528E-003  0.367464E-003
  0.973686E+000  0.187241E+001  0.115463E-003  0.206100E-003  0.206100E-003  0.367887E-003
  0.975191E+000  0.187718E+001  0.115986E-003  0.206699E-003  0.206699E-003  0.368360E-003
  0.976698E+000  0.188194E+001  0.116368E-003  0.207050E-003  0.207050E-003  0.368398E-003
  0.978208E+000  0.188671E+001  0.116813E-003  0.207515E-003  0.207515E-003  0.368643E-003
  0.979721E+000  0.189147E+001  0.117623E-003  0.208628E-003  0.208628E-003  0.370044E-003
  0.981236E+000  0.189624E+001  0.117832E-003  0.208678E-003  0.208678E-003  0.369563E-003
  0.982755E+000  0.190100E+001  0.118595E-003  0.209708E-003  0.209708E-003  0.370822E-003
  0.984275E+000  0.190577E+001  0.119110E-003  0.210304E-003  0.210304E-003  0.371317E-003
  0.985799E+000  0.191053E+001  0.119361E-003  0.210433E-003  0.210433E-003  0.370992E-003
  0.987325E+000  0.191529E+001  0.119863E-003  0.211007E-003  0.211007E-003  0.371458E-003
  0.988854E+000  0.192005E+001  0.120369E-003  0.211591E-003  0.211591E-003  0.371946E-003
  0.990386E+000  0.192481E+001  0.120888E-003  0.212198E-003  0.212198E-003  0.372476E-003
  0.991920E+000  0.192957E+001  0.121452E-003  0.212885E-003  0.212885E-003  0.373152E-003
  0.993457E+000  0.193433E+001  0.122106E-003  0.213732E-003  0.213732E-003  0.374110E-003
  0.994997E+000  0.193908E+001  0.122733E-003  0.214530E-003  0.214530E-003  0.374987E-003
  0.996539E+000  0.194384E+001  0.122999E-003  0.214700E-003  0.214700E-003  0.374769E-003
  0.998084E+000  0.194860E+001  0.123708E-003  0.215645E-003  0.215645E-003  0.375907E-003
  0.999631E+000  0.195335E+001  0.124075E-003  0.215995E-003  0.215995E-003  0.376012E-003
  0.100118E+001  0.195810E+001  0.124614E-003  0.216645E-003  0.216645E-003  0.376643E-003
  0.100273E+001  0.196286E+001  0.128033E-003  0.222297E-003  0.222297E-003  0.385963E-003
  0.100429E+001  0.196761E+001  0.125750E-003  0.218049E-003  0.218049E-003  0.378094E-003
  0.100585E+001  0.197236E+001  0.127508E-003  0.220814E-003  0.220814E-003  0.382396E-003
  0.100741E+001  0.197711E+001  0.127935E-003  0.221272E-003  0.221272E-003  0.382703E-003
  0.100897E+001  0.198186E+001  0.127378E-003  0.220032E-003  0.220032E-003  0.380080E-003
  0.101054E+001  0.198661E+001  0.130143E-003  0.224527E-003  0.224527E-003  0.387362E-003
  0.101210E+001  0.199136E+001  0.130721E-003  0.225249E-003  0.225249E-003  0.388131E-003
  0.101367E+001  0.199610E+001  0.129742E-003  0.223290E-003  0.223290E-003  0.384289E-003
  0.101525E+001  0.200085E+001  0.131103E-003  0.225359E-003  0.225359E-003  0.387381E-003
  0.101682E+001  0.200559E+001  0.130236E-003  0.223603E-003  0.223603E-003  0.383906E-003
  0.101840E+001  0.201034E+001  0.130825E-003  0.224349E-003  0.224349E-003  0.384733E-003
  0.101998E+001  0.201508E+001  0.131561E-003  0.225349E-003  0.225349E-003  0.385997E-003
  0.102156E+001  0.201983E+001  0.133923E-003  0.229131E-003  0.229131E-003  0.392023E-003
  0.102315E+001  0.202457E+001  0.132852E-003  0.227038E-003  0.227038E-003  0.387998E-003
  0.102474E+001  0.202931E+001  0.135358E-003  0.231058E-003  0.231058E-003  0.394421E-003
  0.102633E+001  0.203405E+001  0.136038E-003  0.231961E-003  0.231961E-003  0.395519E-003
  0.102792E+001  0.203879E+001  0.134752E-003  0.229514E-003  0.229514E-003  0.390915E-003
  0.102951E+001  0.204353E+001  0.136595E-003  0.232399E-003  0.232399E-003  0.395397E-003
  0.103111E+001  0.204827E+001  0.135942E-003  0.231037E-003  0.231037E-003  0.392654E-003
  0.103271E+001  0.205300E+001  0.136444E-003  0.231641E-003  0.231641E-003  0.393258E-003
  0.103431E+001  0.205774E+001  0.137412E-003  0.233038E-003  0.233038E-003  0.395210E-003
  0.103592E+001  0.206247E+001  0.141167E-003  0.239153E-003  0.239153E-003  0.405153E-003
  0.103752E+001  0.206721E+001  0.139322E-003  0.235784E-003  0.235784E-003  0.399031E-003
  0.103913E+001  0.207194E+001  0.138901E-003  0.234829E-003  0.234829E-003  0.397005E-003
  0.104074E+001  0.207668E+001  0.141994E-003  0.239813E-003  0.239813E-003  0.405019E-003
  0.104236E+001  0.208141E+001  0.140915E-003  0.237749E-003  0.237749E-003  0.401127E-003
  0.104397E+001  0.208614E+001  0.141845E-003  0.239081E-003  0.239081E-003  0.402972E-003
  0.104559E+001  0.209087E+001  0.141580E-003  0.238398E-003  0.238398E-003  0.401423E-003
  0.104721E+001  0.209560E+001  0.142448E-003  0.239624E-003  0.239624E-003  0.403093E-003
  0.104884E+001  0.210033E+001  0.146195E-003  0.245689E-003  0.245689E-003  0.412893E-003
  0.105046E+001  0.210506E+001  0.143521E-003  0.240965E-003  0.240965E-003  0.404566E-003
  0.105209E+001  0.210979E+001  0.144394E-003  0.242199E-003  0.242199E-003  0.406252E-003
  0.105372E+001  0.211451E+001  0.146877E-003  0.246132E-003  0.246132E-003  0.412460E-003
  0.105535E+001  0.211924E+001  0.145658E-003  0.243863E-003  0.243863E-003  0.408278E-003
  0.105698E+001  0.212397E+001  0.149350E-003  0.249814E-003  0.249814E-003  0.417856E-003
  0.105862E+001  0.212869E+001  0.147018E-003  0.245687E-003  0.245687E-003  0.410576E-003
  0.106026E+001  0.213341E+001  0.148891E-003  0.248593E-003  0.248593E-003  0.415057E-003
  0.106190E+001  0.213814E+001  0.148458E-003  0.247647E-003  0.247647E-003  0.413107E-003
  0.106354E+001  0.214286E+001  0.149800E-003  0.249665E-003  0.249665E-003  0.416105E-003
  0.106519E+001  0.214758E+001  0.151212E-003  0.251796E-003  0.251796E-003  0.419287E-003
  0.106683E+001  0.215230E+001  0.152475E-003  0.253679E-003  0.253679E-003  0.422057E-003
  0.106848E+001  0.215702E+001  0.152718E-003  0.253865E-003  0.253865E-003  0.422001E-003
  0.107014E+001  0.216174E+001  0.155321E-003  0.257969E-003  0.257969E-003  0.428455E-003
  0.107179E+001  0.216646E+001  0.153034E-003  0.253956E-003  0.253956E-003  0.421434E-003
  0.107345E+001  0.217118E+001  0.155894E-003  0.258485E-003  0.258485E-003  0.428589E-003
  0.107510E+001  0.217590E+001  0.157545E-003  0.261007E-003  0.261007E-003  0.432414E-003
  0.107676E+001  0.218061E+001  0.156243E-003  0.258637E-003  0.258637E-003  0.428135E-003
  0.107843E+001  0.218533E+001  0.157724E-003  0.260875E-003  0.260875E-003  0.431486E-003
  0.108009E+001  0.219004E+001  0.157050E-003  0.259552E-003  0.259552E-003  0.428953E-003
  0.108176E+001  0.219476E+001  0.158595E-003  0.261895E-003  0.261895E-003  0.432478E-003
  0.108342E+001  0.219947E+001  0.161275E-003  0.266110E-003  0.266110E-003  0.439094E-003
  0.108510E+001  0.220418E+001  0.163888E-003  0.270210E-003  0.270210E-003  0.445506E-003
  0.108677E+001  0.220889E+001  0.162337E-003  0.267445E-003  0.267445E-003  0.440605E-003
  0.108844E+001  0.221361E+001  0.162758E-003  0.267932E-003  0.267932E-003  0.441070E-003
  0.109012E+001  0.221832E+001  0.161923E-003  0.266354E-003  0.266354E-003  0.438136E-003
  0.109180E+001  0.222303E+001  0.162992E-003  0.267910E-003  0.267910E-003  0.440362E-003
  0.109348E+001  0.222774E+001  0.163669E-003  0.268821E-003  0.268821E-003  0.441529E-003
  0.109516E+001  0.223244E+001  0.164592E-003  0.270136E-003  0.270136E-003  0.443360E-003
  0.109685E+001  0.223715E+001  0.168980E-003  0.277133E-003  0.277133E-003  0.454508E-003
  0.109853E+001  0.224186E+001  0.167146E-003  0.273927E-003  0.273927E-003  0.448924E-003
  0.110022E+001  0.224656E+001  0.167393E-003  0.274133E-003  0.274133E-003  0.448938E-003
  0.110191E+001  0.225127E+001  0.168284E-003  0.275396E-003  0.275396E-003  0.450684E-003
  0.110360E+001  0.225597E+001  0.169502E-003  0.277192E-003  0.277192E-003  0.453301E-003
  0.110530E+001  0.226068E+001  0.170338E-003  0.278363E-003  0.278363E-003  0.454895E-003
  0.110699E+001  0.226538E+001  0.172647E-003  0.281940E-003  0.281940E-003  0.460422E-003
  0.110869E+001  0.227008E+001  0.172017E-003  0.280718E-003  0.280718E-003  0.458108E-003
  0.111039E+001  0.227479E+001  0.175098E-003  0.285551E-003  0.285551E-003  0.465677E-003
  0.111210E+001  0.227949E+001  0.176227E-003  0.287195E-003  0.287195E-003  0.468040E-003
  0.111380E+001  0.228419E+001  0.174841E-003  0.284747E-003  0.284747E-003  0.463739E-003
  0.111551E+001  0.228889E+001  0.178386E-003  0.290326E-003  0.290326E-003  0.472509E-003
  0.111721E+001  0.229359E+001  0.178760E-003  0.290743E-003  0.290743E-003  0.472877E-003
  0.111892E+001  0.229829E+001  0.180077E-003  0.292694E-003  0.292694E-003  0.475740E-003
  0.112063E+001  0.230298E+001  0.179934E-003  0.292271E-003  0.292271E-003  0.474745E-003
  0.112235E+001  0.230768E+001  0.180875E-003  0.293610E-003  0.293610E-003  0.476612E-003
  0.112406E+001  0.231238E+001  0.183075E-003  0.296994E-003  0.296994E-003  0.481798E-003
  0.112578E+001  0.231707E+001  0.182145E-003  0.295297E-003  0.295297E-003  0.478743E-003
  0.112750E+001  0.232177E+001  0.183085E-003  0.296635E-003  0.296635E-003  0.480611E-003
  0.112922E+001  0.232646E+001  0.184292E-003  0.298407E-003  0.298407E-003  0.483181E-003
  0.113094E+001  0.233116E+001  0.187455E-003  0.303341E-003  0.303341E-003  0.490870E-003
  0.113267E+001  0.233585E+001  0.187349E-003  0.302985E-003  0.302985E-003  0.489994E-003
  0.113439E+001  0.234054E+001  0.188517E-003  0.304689E-003  0.304689E-003  0.492453E-003
  0.113612E+001  0.234524E+001  0.190708E-003  0.308047E-003  0.308047E-003  0.497581E-003
  0.113785E+001  0.234993E+001  0.191335E-003  0.308875E-003  0.308875E-003  0.498622E-003
  0.113958E+001  0.235462E+001  0.194291E-003  0.313463E-003  0.313463E-003  0.505732E-003
  0.114132E+001  0.235931E+001  0.192427E-003  0.310274E-003  0.310274E-003  0.500293E-003
  0.114305E+001  0.236400E+001  0.195510E-003  0.315063E-003  0.315063E-003  0.507721E-003
  0.114479E+001  0.236868E+001  0.195114E-003  0.314244E-003  0.314244E-003  0.506110E-003
  0.114653E+001  0.237337E+001  0.196623E-003  0.316494E-003  0.316494E-003  0.509444E-003
  0.114827E+001  0.237806E+001  0.197033E-003  0.316976E-003  0.316976E-003  0.509932E-003
  0.115001E+001  0.238275E+001  0.199011E-003  0.319978E-003  0.319978E-003  0.514473E-003
  0.115176E+001  0.238743E+001  0.204145E-003  0.328050E-003  0.328050E-003  0.527158E-003
  0.115350E+001  0.239212E+001  0.201089E-003  0.322962E-003  0.322962E-003  0.518698E-003
  0.115525E+001  0.239680E+001  0.202794E-003  0.325523E-003  0.325523E-003  0.522527E-003
  0.115700E+001  0.240149E+001  0.203357E-003  0.326250E-003  0.326250E-003  0.523411E-003
  0.115875E+001  0.240617E+001  0.204799E-003  0.328387E-003  0.328387E-003  0.526556E-003
  0.116050E+001  0.241085E+001  0.205821E-003  0.329852E-003  0.329852E-003  0.528624E-003
  0.116226E+001  0.241554E+001  0.208171E-003  0.333441E-003  0.333441E-003  0.534093E-003
  0.116401E+001  0.242022E+001  0.209689E-003  0.335697E-003  0.335697E-003  0.537427E-003
  0.116577E+001  0.242490E+001  0.209880E-003  0.335829E-003  0.335829E-003  0.537360E-003
  0.116753E+001  0.242958E+001  0.211308E-003  0.337941E-003  0.337941E-003  0.540460E-003
  0.116929E+001  0.243426E+001  0.212714E-003  0.340015E-003  0.340015E-003  0.543501E-003
  0.117105E+001  0.243894E+001  0.216130E-003  0.345301E-003  0.345301E-003  0.551673E-003
  0.117282E+001  0.244361E+001  0.219563E-003  0.350611E-003  0.350611E-003  0.559874E-003
  0.117458E+001  0.244829E+001  0.217409E-003  0.346999E-003  0.346999E-003  0.553832E-003
  0.117635E+001  0.245297E+001  0.218456E-003  0.348498E-003  0.348498E-003  0.555950E-003
  0.117812E+001  0.245765E+001  0.220088E-003  0.350929E-003  0.350929E-003  0.559555E-003
  0.117989E+001  0.246232E+001  0.221415E-003  0.352875E-003  0.352875E-003  0.562385E-003
  0.118166E+001  0.246700E+001  0.225610E-003  0.359388E-003  0.359388E-003  0.572490E-003
  0.118344E+001  0.247167E+001  0.226329E-003  0.360361E-003  0.360361E-003  0.573766E-003
  0.118521E+001  0.247635E+001  0.229414E-003  0.365100E-003  0.365100E-003  0.581037E-003
  0.118699E+001  0.248102E+001  0.227681E-003  0.362173E-003  0.362173E-003  0.576108E-003
  0.118877E+001  0.248569E+001  0.229461E-003  0.364834E-003  0.364834E-003  0.580072E-003
  0.119055E+001  0.249036E+001  0.231171E-003  0.367384E-003  0.367384E-003  0.583856E-003
  0.119233E+001  0.249504E+001  0.234895E-003  0.373131E-003  0.373131E-003  0.592720E-003
  0.119412E+001  0.249971E+001  0.235222E-003  0.373481E-003  0.373481E-003  0.593006E-003
  0.119590E+001  0.250438E+001  0.236861E-003  0.375915E-003  0.375915E-003  0.596602E-003
  0.119769E+001  0.250905E+001  0.237470E-003  0.376712E-003  0.376712E-003  0.597600E-003
  0.119948E+001  0.251372E+001  0.239502E-003  0.379768E-003  0.379768E-003  0.602182E-003
  0.120127E+001  0.251838E+001  0.244382E-003  0.387336E-003  0.387336E-003  0.613913E-003
  0.120306E+001  0.252305E+001  0.243379E-003  0.385579E-003  0.385579E-003  0.610861E-003
  0.120485E+001  0.252772E+001  0.245229E-003  0.388342E-003  0.388342E-003  0.614974E-003
  0.120665E+001  0.253239E+001  0.246737E-003  0.390563E-003  0.390563E-003  0.618225E-003
  0.120844E+001  0.253705E+001  0.248923E-003  0.393856E-003  0.393856E-003  0.623175E-003
  0.121024E+001  0.254172E+001  0.250522E-003  0.396219E-003  0.396219E-003  0.626649E-003
  0.121204E+001  0.254638E+001  0.251811E-003  0.398092E-003  0.398092E-003  0.629348E-003
  0.121384E+001  0.255105E+001  0.254888E-003  0.402789E-003  0.402789E-003  0.636511E-003
  0.121564E+001  0.255571E+001  0.258046E-003  0.407612E-003  0.407612E-003  0.643868E-003
  0.121745E+001  0.256037E+001  0.259453E-003  0.409668E-003  0.409668E-003  0.646851E-003
  0.121925E+001  0.256504E+001  0.264142E-003  0.416902E-003  0.416902E-003  0.658009E-003
  0.122106E+001  0.256970E+001  0.261873E-003  0.413155E-003  0.413155E-003  0.651833E-003
  0.122287E+001  0.257436E+001  0.263496E-003  0.415552E-003  0.415552E-003  0.655353E-003
  0.122468E+001  0.257902E+001  0.265551E-003  0.418627E-003  0.418627E-003  0.659943E-003
  0.122649E+001  0.258368E+001  0.267826E-003  0.422049E-003  0.422049E-003  0.665078E-003
  0.122831E+001  0.258834E+001  0.275058E-003  0.433277E-003  0.433277E-003  0.682505E-003
  0.123012E+001  0.259300E+001  0.271810E-003  0.427996E-003  0.427996E-003  0.673927E-003
  0.123194E+001  0.259766E+001  0.276140E-003  0.434648E-003  0.434648E-003  0.684141E-003
  0.123375E+001  0.260232E+001  0.280902E-003  0.441976E-003  0.441976E-003  0.695414E-003
  0.123557E+001  0.260697E+001  0.278722E-003  0.438382E-003  0.438382E-003  0.689500E-003
  0.123739E+001  0.261163E+001  0.282872E-003  0.444744E-003  0.444744E-003  0.699246E-003
  0.123922E+001  0.261629E+001  0.284120E-003  0.446539E-003  0.446539E-003  0.701808E-003
  0.124104E+001  0.262094E+001  0.285302E-003  0.448234E-003  0.448234E-003  0.704214E-003
  0.124287E+001  0.262560E+001  0.290228E-003  0.455807E-003  0.455807E-003  0.715852E-003
  0.124469E+001  0.263025E+001  0.289990E-003  0.455270E-003  0.455270E-003  0.714751E-003
  0.124652E+001  0.263491E+001  0.292740E-003  0.459423E-003  0.459423E-003  0.721014E-003
  0.124835E+001  0.263956E+001  0.294543E-003  0.462089E-003  0.462089E-003  0.724940E-003
  0.125018E+001  0.264421E+001  0.297000E-003  0.465781E-003  0.465781E-003  0.730476E-003
  0.125201E+001  0.264886E+001  0.300433E-003  0.471001E-003  0.471001E-003  0.738405E-003
  0.125385E+001  0.265351E+001  0.305342E-003  0.478530E-003  0.478530E-003  0.749950E-003
  0.125568E+001  0.265817E+001  0.309581E-003  0.485009E-003  0.485009E-003  0.759844E-003
  0.125752E+001  0.266282E+001  0.307888E-003  0.482192E-003  0.482192E-003  0.755174E-003
  0.125936E+001  0.266747E+001  0.309771E-003  0.484978E-003  0.484978E-003  0.759280E-003
  0.126120E+001  0.267211E+001  0.313875E-003  0.491238E-003  0.491238E-003  0.768824E-003
  0.126304E+001  0.267676E+001  0.315069E-003  0.492944E-003  0.492944E-003  0.771239E-003
  0.126488E+001  0.268141E+001  0.319621E-003  0.499902E-003  0.499902E-003  0.781868E-003
  0.126673E+001  0.268606E+001  0.320822E-003  0.501616E-003  0.501616E-003  0.784293E-003
  0.126857E+001  0.269071E+001  0.330273E-003  0.516226E-003  0.516226E-003  0.806876E-003
  0.127042E+001  0.269535E+001  0.326138E-003  0.509599E-003  0.509599E-003  0.796262E-003
  0.127227E+001  0.270000E+001  0.329268E-003  0.514326E-003  0.514326E-003  0.803393E-003
  0.127412E+001  0.270464E+001  0.331789E-003  0.518101E-003  0.518101E-003  0.809035E-003
  0.127597E+001  0.270929E+001  0.337647E-003  0.527085E-003  0.527085E-003  0.822806E-003
  0.127783E+001  0.271393E+001  0.342101E-003  0.533871E-003  0.533871E-003  0.833141E-003
  0.127968E+001  0.271857E+001  0.340945E-003  0.531904E-003  0.531904E-003  0.829816E-003
  0.128154E+001  0.272322E+001  0.344577E-003  0.537406E-003  0.537406E-003  0.838145E-003
  0.128339E+001  0.272786E+001  0.352030E-003  0.548865E-003  0.548865E-003  0.855759E-003
  0.128525E+001  0.273250E+001  0.352512E-003  0.549451E-003  0.549451E-003  0.856416E-003
  0.128711E+001  0.273714E+001  0.356092E-003  0.554867E-003  0.554867E-003  0.864601E-003
  0.128898E+001  0.274178E+001  0.360669E-003  0.561833E-003  0.561833E-003  0.875196E-003
  0.129084E+001  0.274642E+001  0.359732E-003  0.560209E-003  0.560209E-003  0.872413E-003
  0.129270E+001  0.275106E+001  0.367805E-003  0.572617E-003  0.572617E-003  0.891478E-003
  0.129457E+001  0.275570E+001  0.366933E-003  0.571096E-003  0.571096E-003  0.888854E-003
  0.129644E+001  0.276034E+001  0.369719E-003  0.575268E-003  0.575268E-003  0.895093E-003
  0.129831E+001  0.276497E+001  0.375180E-003  0.583601E-003  0.583601E-003  0.907802E-003
  0.130018E+001  0.276961E+001  0.376720E-003  0.585831E-003  0.585831E-003  0.911018E-003
  0.130205E+001  0.277425E+001  0.382459E-003  0.594592E-003  0.594592E-003  0.924385E-003
  0.130393E+001  0.277888E+001  0.390149E-003  0.606381E-003  0.606381E-003  0.942454E-003
  0.130580E+001  0.278352E+001  0.388451E-003  0.603578E-003  0.603578E-003  0.937842E-003
  0.130768E+001  0.278815E+001  0.392771E-003  0.610125E-003  0.610125E-003  0.947759E-003
  0.130956E+001  0.279279E+001  0.395556E-003  0.614287E-003  0.614287E-003  0.953970E-003
  0.131144E+001  0.279742E+001  0.401192E-003  0.622875E-003  0.622875E-003  0.967050E-003
  0.131332E+001  0.280205E+001  0.404604E-003  0.628006E-003  0.628006E-003  0.974761E-003
  0.131520E+001  0.280668E+001  0.406444E-003  0.630699E-003  0.630699E-003  0.978687E-003
  0.131708E+001  0.281131E+001  0.411900E-003  0.639000E-003  0.639000E-003  0.991313E-003
  0.131897E+001  0.281595E+001  0.415365E-003  0.644211E-003  0.644211E-003  0.999140E-003
  0.132086E+001  0.282058E+001  0.418161E-003  0.648383E-003  0.648383E-003  0.100536E-002
  0.132275E+001  0.282521E+001  0.422731E-003  0.655305E-003  0.655305E-003  0.101583E-002
  0.132464E+001  0.282983E+001  0.432234E-003  0.669869E-003  0.669869E-003  0.103815E-002
  0.132653E+001  0.283446E+001  0.431809E-003  0.669046E-003  0.669046E-003  0.103662E-002
  0.132842E+001  0.283909E+001  0.435842E-003  0.675131E-003  0.675131E-003  0.104580E-002
  0.133032E+001  0.284372E+001  0.439963E-003  0.681348E-003  0.681348E-003  0.105517E-002
  0.133221E+001  0.284834E+001  0.444340E-003  0.687964E-003  0.687964E-003  0.106516E-002
  0.133411E+001  0.285297E+001  0.448437E-003  0.694142E-003  0.694142E-003  0.107447E-002
  0.133601E+001  0.285759E+001  0.452618E-003  0.700449E-003  0.700449E-003  0.108398E-002
  0.133791E+001  0.286222E+001  0.457992E-003  0.708601E-003  0.708601E-003  0.109634E-002
  0.133981E+001  0.286684E+001  0.463874E-003  0.717536E-003  0.717536E-003  0.110991E-002
  0.134172E+001  0.287147E+001  0.466033E-003  0.720711E-003  0.720711E-003  0.111457E-002
  0.134362E+001  0.287609E+001  0.476154E-003  0.736197E-003  0.736197E-003  0.113826E-002
  0.134553E+001  0.288071E+001  0.475643E-003  0.735243E-003  0.735243E-003  0.113653E-002
  0.134744E+001  0.288533E+001  0.480614E-003  0.742761E-003  0.742761E-003  0.114790E-002
  0.134935E+001  0.288995E+001  0.485487E-003  0.750128E-003  0.750128E-003  0.115903E-002
  0.135126E+001  0.289457E+001  0.490302E-003  0.757403E-003  0.757403E-003  0.117001E-002
  0.135318E+001  0.289919E+001  0.503990E-003  0.778380E-003  0.778380E-003  0.120216E-002
  0.135509E+001  0.290381E+001  0.500181E-003  0.772334E-003  0.772334E-003  0.119257E-002
  0.135701E+001  0.290843E+001  0.507203E-003  0.783012E-003  0.783012E-003  0.120880E-002
  0.135893E+001  0.291305E+001  0.513656E-003  0.792808E-003  0.792808E-003  0.122367E-002
  0.136084E+001  0.291766E+001  0.519922E-003  0.802315E-003  0.802315E-003  0.123809E-002
  0.136277E+001  0.292228E+001  0.524205E-003  0.808757E-003  0.808757E-003  0.124777E-002
  0.136469E+001  0.292689E+001  0.528273E-003  0.814870E-003  0.814870E-003  0.125695E-002
  0.136661E+001  0.293151E+001  0.537716E-003  0.829270E-003  0.829270E-003  0.127891E-002
  0.136854E+001  0.293612E+001  0.537719E-003  0.829111E-003  0.829111E-003  0.127841E-002
  0.137047E+001  0.294074E+001  0.542985E-003  0.837067E-003  0.837067E-003  0.129042E-002
  0.137240E+001  0.294535E+001  0.549864E-003  0.847508E-003  0.847508E-003  0.130627E-002
  0.137433E+001  0.294996E+001  0.555182E-003  0.855540E-003  0.855540E-003  0.131840E-002
  0.137626E+001  0.295457E+001  0.560079E-003  0.862924E-003  0.862924E-003  0.132952E-002
  0.137820E+001  0.295918E+001  0.574873E-003  0.885552E-003  0.885552E-003  0.136413E-002
  0.138013E+001  0.296379E+001  0.571942E-003  0.880874E-003  0.880874E-003  0.135668E-002
  0.138207E+001  0.296840E+001  0.577960E-003  0.889980E-003  0.889980E-003  0.137045E-002
  0.138401E+001  0.297301E+001  0.583916E-003  0.898989E-003  0.898989E-003  0.138407E-002
  0.138595E+001  0.297762E+001  0.590177E-003  0.908466E-003  0.908466E-003  0.139841E-002
  0.138789E+001  0.298223E+001  0.605187E-003  0.931407E-003  0.931407E-003  0.143347E-002
  0.138984E+001  0.298683E+001  0.604938E-003  0.930862E-003  0.930862E-003  0.143238E-002
  0.139178E+001  0.299144E+001  0.617507E-003  0.950039E-003  0.950039E-003  0.146164E-002
  0.139373E+001  0.299604E+001  0.614993E-003  0.946010E-003  0.946010E-003  0.145520E-002
  0.139568E+001  0.300065E+001  0.624464E-003  0.960417E-003  0.960417E-003  0.147711E-002
  0.139763E+001  0.300525E+001  0.630759E-003  0.969939E-003  0.969939E-003  0.149151E-002
  0.139959E+001  0.300985E+001  0.642809E-003  0.988306E-003  0.988306E-003  0.151950E-002
  0.140154E+001  0.301446E+001  0.644402E-003  0.990595E-003  0.990595E-003  0.152277E-002
  0.140350E+001  0.301906E+001  0.647329E-003  0.994935E-003  0.994935E-003  0.152920E-002
  0.140546E+001  0.302366E+001  0.656124E-003  0.100829E-002  0.100829E-002  0.154949E-002
  0.140742E+001  0.302826E+001  0.662499E-003  0.101793E-002  0.101793E-002  0.156406E-002
  0.140938E+001  0.303286E+001  0.667420E-003  0.102534E-002  0.102534E-002  0.157519E-002
  0.141134E+001  0.303745E+001  0.674278E-003  0.103572E-002  0.103572E-002  0.159090E-002
  0.141331E+001  0.304205E+001  0.685303E-003  0.105249E-002  0.105249E-002  0.161642E-002
  0.141527E+001  0.304665E+001  0.698921E-003  0.107325E-002  0.107325E-002  0.164806E-002
  0.141724E+001  0.305124E+001  0.696377E-003  0.106919E-002  0.106919E-002  0.164158E-002
  0.141921E+001  0.305584E+001  0.710648E-003  0.109094E-002  0.109094E-002  0.167475E-002
  0.142119E+001  0.306043E+001  0.717644E-003  0.110153E-002  0.110153E-002  0.169075E-002
  0.142316E+001  0.306503E+001  0.719129E-003  0.110365E-002  0.110365E-002  0.169378E-002
  0.142514E+001  0.306962E+001  0.726067E-003  0.111415E-002  0.111415E-002  0.170965E-002
  0.142712E+001  0.307421E+001  0.741952E-003  0.113837E-002  0.113837E-002  0.174659E-002
  0.142910E+001  0.307880E+001  0.752287E-003  0.115407E-002  0.115407E-002  0.177044E-002
  0.143108E+001  0.308339E+001  0.753338E-003  0.115553E-002  0.115553E-002  0.177245E-002
  0.143306E+001  0.308798E+001  0.753315E-003  0.115535E-002  0.115535E-002  0.177194E-002
  0.143505E+001  0.309257E+001  0.769748E-003  0.118040E-002  0.118040E-002  0.181014E-002
  0.143703E+001  0.309716E+001  0.772821E-003  0.118497E-002  0.118497E-002  0.181691E-002
  0.143902E+001  0.310175E+001  0.781297E-003  0.119782E-002  0.119782E-002  0.183639E-002
  0.144101E+001  0.310633E+001  0.784640E-003  0.120280E-002  0.120280E-002  0.184380E-002
  0.144301E+001  0.311092E+001  0.795656E-003  0.121954E-002  0.121954E-002  0.186924E-002
  0.144500E+001  0.311551E+001  0.803795E-003  0.123187E-002  0.123187E-002  0.188792E-002
  0.144700E+001  0.312009E+001  0.807193E-003  0.123693E-002  0.123693E-002  0.189546E-002
  0.144900E+001  0.312467E+001  0.822768E-003  0.126066E-002  0.126066E-002  0.193160E-002
  0.145100E+001  0.312926E+001  0.821850E-003  0.125911E-002  0.125911E-002  0.192901E-002
  0.145300E+001  0.313384E+001  0.829387E-003  0.127052E-002  0.127052E-002  0.194628E-002
  0.145500E+001  0.313842E+001  0.845412E-003  0.129493E-002  0.129493E-002  0.198346E-002
  0.145701E+001  0.314300E+001  0.844822E-003  0.129389E-002  0.129389E-002  0.198166E-002
  0.145902E+001  0.314758E+001  0.853394E-003  0.130688E-002  0.130688E-002  0.200135E-002
  0.146103E+001  0.315215E+001  0.872903E-003  0.133662E-002  0.133662E-002  0.204669E-002
  0.146304E+001  0.315673E+001  0.871040E-003  0.133364E-002  0.133364E-002  0.204192E-002
  0.146505E+001  0.316131E+001  0.878801E-003  0.134539E-002  0.134539E-002  0.205971E-002
  0.146707E+001  0.316588E+001  0.893895E-003  0.136837E-002  0.136837E-002  0.209469E-002
  0.146908E+001  0.317046E+001  0.902522E-003  0.138145E-002  0.138145E-002  0.211451E-002
  0.147110E+001  0.317503E+001  0.901725E-003  0.138010E-002  0.138010E-002  0.211226E-002
  0.147313E+001  0.317961E+001  0.914167E-003  0.139902E-002  0.139902E-002  0.214101E-002
  0.147515E+001  0.318418E+001  0.917031E-003  0.140328E-002  0.140328E-002  0.214735E-002
  0.147717E+001  0.318875E+001  0.925188E-003  0.141564E-002  0.141564E-002  0.216608E-002
  0.147920E+001  0.319332E+001  0.932012E-003  0.142596E-002  0.142596E-002  0.218169E-002
  0.148123E+001  0.319789E+001  0.942912E-003  0.144252E-002  0.144252E-002  0.220684E-002
  0.148326E+001  0.320246E+001  0.948735E-003  0.145131E-002  0.145131E-002  0.222011E-002
  0.148529E+001  0.320703E+001  0.954692E-003  0.146031E-002  0.146031E-002  0.223370E-002
  0.148733E+001  0.321160E+001  0.969202E-003  0.148239E-002  0.148239E-002  0.226730E-002
  0.148936E+001  0.321616E+001  0.970107E-003  0.148366E-002  0.148366E-002  0.226908E-002
  0.149140E+001  0.322073E+001  0.978084E-003  0.149575E-002  0.149575E-002  0.228740E-002
  0.149344E+001  0.322529E+001  0.991554E-003  0.151624E-002  0.151624E-002  0.231857E-002
  0.149548E+001  0.322986E+001  0.993096E-003  0.151850E-002  0.151850E-002  0.232186E-002
  0.149752E+001  0.323442E+001  0.100360E-002  0.153445E-002  0.153445E-002  0.234610E-002
  0.149957E+001  0.323899E+001  0.100870E-002  0.154215E-002  0.154215E-002  0.235771E-002
  0.150162E+001  0.324355E+001  0.101952E-002  0.155859E-002  0.155859E-002  0.238270E-002
  0.150366E+001  0.324811E+001  0.103998E-002  0.158977E-002  0.158977E-002  0.243021E-002
  0.150572E+001  0.325267E+001  0.103786E-002  0.158643E-002  0.158643E-002  0.242495E-002
  0.150777E+001  0.325723E+001  0.103871E-002  0.158764E-002  0.158764E-002  0.242667E-002
  0.150982E+001  0.326179E+001  0.105359E-002  0.161029E-002  0.161029E-002  0.246114E-002
  0.151188E+001  0.326634E+001  0.105963E-002  0.161943E-002  0.161943E-002  0.247497E-002
  0.151394E+001  0.327090E+001  0.107060E-002  0.163610E-002  0.163610E-002  0.250032E-002
  0.151600E+001  0.327546E+001  0.107286E-002  0.163947E-002  0.163947E-002  0.250534E-002
  0.151806E+001  0.328001E+001  0.108477E-002  0.165759E-002  0.165759E-002  0.253290E-002
  0.152012E+001  0.328457E+001  0.108255E-002  0.165411E-002  0.165411E-002  0.252746E-002
  0.152218E+001  0.328912E+001  0.109783E-002  0.167739E-002  0.167739E-002  0.256290E-002
  0.152425E+001  0.329367E+001  0.109647E-002  0.167524E-002  0.167524E-002  0.255950E-002
  0.152632E+001  0.329823E+001  0.110329E-002  0.168558E-002  0.168558E-002  0.257519E-002
  0.152839E+001  0.330278E+001  0.110995E-002  0.169569E-002  0.169569E-002  0.259052E-002
  0.153046E+001  0.330733E+001  0.111723E-002  0.170673E-002  0.170673E-002  0.260728E-002
  0.153253E+001  0.331188E+001  0.113234E-002  0.172975E-002  0.172975E-002  0.264235E-002
  0.153461E+001  0.331643E+001  0.113072E-002  0.172721E-002  0.172721E-002  0.263837E-002
  0.153668E+001  0.332098E+001  0.115784E-002  0.176858E-002  0.176858E-002  0.270146E-002
  0.153876E+001  0.332552E+001  0.114367E-002  0.174686E-002  0.174686E-002  0.266819E-002
  0.154084E+001  0.333007E+001  0.115120E-002  0.175831E-002  0.175831E-002  0.268559E-002
  0.154292E+001  0.333462E+001  0.116675E-002  0.178201E-002  0.178201E-002  0.272170E-002
  0.154501E+001  0.333916E+001  0.118013E-002  0.180238E-002  0.180238E-002  0.275273E-002
  0.154709E+001  0.334371E+001  0.116971E-002  0.178641E-002  0.178641E-002  0.272826E-002
  0.154918E+001  0.334825E+001  0.118991E-002  0.181721E-002  0.181721E-002  0.277522E-002
  0.155126E+001  0.335279E+001  0.118166E-002  0.180456E-002  0.180456E-002  0.275583E-002
  0.155335E+001  0.335734E+001  0.119172E-002  0.181989E-002  0.181989E-002  0.277917E-002
  0.155544E+001  0.336188E+001  0.119587E-002  0.182618E-002  0.182618E-002  0.278871E-002
  0.155753E+001  0.336642E+001  0.120503E-002  0.184012E-002  0.184012E-002  0.280993E-002
  0.155963E+001  0.337096E+001  0.121437E-002  0.185436E-002  0.185436E-002  0.283161E-002
  0.156172E+001  0.337550E+001  0.121119E-002  0.184946E-002  0.184946E-002  0.282408E-002
  0.156382E+001  0.338004E+001  0.122215E-002  0.186615E-002  0.186615E-002  0.284951E-002
  0.156591E+001  0.338458E+001  0.123628E-002  0.188769E-002  0.188769E-002  0.288236E-002
  0.156801E+001  0.338912E+001  0.124013E-002  0.189354E-002  0.189354E-002  0.289124E-002
  0.157011E+001  0.339366E+001  0.125407E-002  0.191481E-002  0.191481E-002  0.292366E-002
  0.157222E+001  0.339819E+001  0.125739E-002  0.191985E-002  0.191985E-002  0.293133E-002
  0.157432E+001  0.340273E+001  0.124450E-002  0.190015E-002  0.190015E-002  0.290121E-002
  0.157642E+001  0.340726E+001  0.124920E-002  0.190730E-002  0.190730E-002  0.291209E-002
  0.157853E+001  0.341180E+001  0.125586E-002  0.191744E-002  0.191744E-002  0.292755E-002
  0.158063E+001  0.341633E+001  0.126446E-002  0.193057E-002  0.193057E-002  0.294756E-002
  0.158274E+001  0.342087E+001  0.127303E-002  0.194362E-002  0.194362E-002  0.296747E-002
  0.158485E+001  0.342540E+001  0.127060E-002  0.193990E-002  0.193990E-002  0.296177E-002
  0.158696E+001  0.342993E+001  0.127429E-002  0.194552E-002  0.194552E-002  0.297033E-002
  0.158907E+001  0.343447E+001  0.130183E-002  0.198757E-002  0.198757E-002  0.303451E-002
  0.159119E+001  0.343900E+001  0.128476E-002  0.196150E-002  0.196150E-002  0.299470E-002
  0.159330E+001  0.344353E+001  0.129012E-002  0.196968E-002  0.196968E-002  0.300718E-002
  0.159542E+001  0.344806E+001  0.129771E-002  0.198126E-002  0.198126E-002  0.302486E-002
  0.159753E+001  0.345259E+001  0.130349E-002  0.199008E-002  0.199008E-002  0.303833E-002
  0.159965E+001  0.345712E+001  0.130181E-002  0.198752E-002  0.198752E-002  0.303441E-002
  0.160177E+001  0.346165E+001  0.130535E-002  0.199292E-002  0.199292E-002  0.304266E-002
