  0.289406E+000  0.187187E-001  0.449158E-002  0.137820E+000  0.137820E+000  0.422891E+001
  0.289406E+000  0.187187E-001  0.449158E-002  0.137820E+000  0.137820E+000  0.422891E+001
  0.289376E+000  0.237187E-001  0.143339E-002  0.348888E-001  0.348888E-001  0.849209E+000
  0.289338E+000  0.287185E-001  0.177977E-002  0.356859E-001  0.356859E-001  0.715544E+000
  0.289294E+000  0.337183E-001  0.210565E-002  0.359929E-001  0.359929E-001  0.615249E+000
  0.289243E+000  0.387180E-001  0.262029E-002  0.389762E-001  0.389762E-001  0.579766E+000
  0.289185E+000  0.437177E-001  0.260146E-002  0.342029E-001  0.342029E-001  0.449688E+000
  0.289121E+000  0.487173E-001  0.296065E-002  0.348812E-001  0.348812E-001  0.410958E+000
  0.289051E+000  0.537168E-001  0.338621E-002  0.361276E-001  0.361276E-001  0.385450E+000
  0.288976E+000  0.587163E-001  0.385556E-002  0.376020E-001  0.376020E-001  0.366722E+000
  0.288895E+000  0.637156E-001  0.424893E-002  0.381214E-001  0.381214E-001  0.342026E+000
  0.288809E+000  0.687149E-001  0.478476E-002  0.397336E-001  0.397336E-001  0.329956E+000
  0.288718E+000  0.737140E-001  0.501853E-002  0.387631E-001  0.387631E-001  0.299406E+000
  0.288623E+000  0.787131E-001  0.569174E-002  0.410836E-001  0.410836E-001  0.296547E+000
  0.288523E+000  0.837121E-001  0.612367E-002  0.414376E-001  0.414376E-001  0.280400E+000
  0.288421E+000  0.887111E-001  0.647091E-002  0.412268E-001  0.412268E-001  0.262660E+000
  0.288315E+000  0.937100E-001  0.700813E-002  0.421396E-001  0.421396E-001  0.253384E+000
  0.288207E+000  0.987088E-001  0.764713E-002  0.435237E-001  0.435237E-001  0.247716E+000
  0.288097E+000  0.103708E+000  0.861077E-002  0.464962E-001  0.464962E-001  0.251069E+000
  0.287985E+000  0.108706E+000  0.914845E-002  0.469531E-001  0.469531E-001  0.240980E+000
  0.287872E+000  0.113705E+000  0.997245E-002  0.487356E-001  0.487356E-001  0.238173E+000
  0.287759E+000  0.118704E+000  0.109163E-001  0.508883E-001  0.508883E-001  0.237226E+000
  0.287646E+000  0.123703E+000  0.121862E-001  0.542607E-001  0.542607E-001  0.241604E+000
  0.287534E+000  0.128701E+000  0.139322E-001  0.593306E-001  0.593306E-001  0.252661E+000
  0.287424E+000  0.133700E+000  0.150481E-001  0.613664E-001  0.613664E-001  0.250252E+000
  0.287317E+000  0.138699E+000  0.169535E-001  0.662875E-001  0.662875E-001  0.259181E+000
  0.287212E+000  0.143698E+000  0.183064E-001  0.686548E-001  0.686548E-001  0.257478E+000
  0.287111E+000  0.148697E+000  0.215845E-001  0.777009E-001  0.777009E-001  0.279712E+000
  0.287016E+000  0.153696E+000  0.244663E-001  0.846338E-001  0.846338E-001  0.292766E+000
  0.286926E+000  0.158695E+000  0.282836E-001  0.940333E-001  0.940333E-001  0.312629E+000
  0.286842E+000  0.163694E+000  0.349252E-001  0.111600E+000  0.111600E+000  0.356610E+000
  0.286767E+000  0.168694E+000  0.386031E-001  0.118658E+000  0.118658E+000  0.364734E+000
  0.286701E+000  0.173693E+000  0.568277E-001  0.168074E+000  0.168074E+000  0.497099E+000
  0.286644E+000  0.178693E+000  0.634349E-001  0.180400E+000  0.180400E+000  0.513031E+000
  0.286599E+000  0.183693E+000  0.934842E-001  0.255690E+000  0.255690E+000  0.699342E+000
  0.286567E+000  0.188693E+000  0.152944E+000  0.402282E+000  0.402282E+000  0.105811E+001
  0.286549E+000  0.193693E+000  0.964817E-001  0.243558E+000  0.243558E+000  0.614836E+000
  0.286548E+000  0.198693E+000  0.836708E+000  0.203223E+001  0.203223E+001  0.493598E+001
  0.286564E+000  0.203693E+000  0.512988E+000  0.119771E+001  0.119771E+001  0.279638E+001
  0.286601E+000  0.208693E+000  0.103992E+000  0.232803E+000  0.232803E+000  0.521169E+000
  0.286660E+000  0.213692E+000  0.761568E-001  0.163416E+000  0.163416E+000  0.350654E+000
  0.286745E+000  0.218691E+000  0.609990E-001  0.125253E+000  0.125253E+000  0.257188E+000
  0.286857E+000  0.223690E+000  0.485528E-001  0.953152E-001  0.953152E-001  0.187116E+000
  0.287002E+000  0.228688E+000  0.419483E-001  0.785551E-001  0.785551E-001  0.147107E+000
  0.287182E+000  0.233685E+000  0.363398E-001  0.647970E-001  0.647970E-001  0.115539E+000
  0.287403E+000  0.238680E+000  0.326196E-001  0.552374E-001  0.552374E-001  0.935382E-001
  0.287670E+000  0.243673E+000  0.295505E-001  0.473853E-001  0.473853E-001  0.759842E-001
  0.287989E+000  0.248663E+000  0.270787E-001  0.409815E-001  0.409815E-001  0.620222E-001
  0.288370E+000  0.253648E+000  0.250070E-001  0.355660E-001  0.355660E-001  0.505833E-001
  0.288820E+000  0.258628E+000  0.233394E-001  0.310511E-001  0.310511E-001  0.413107E-001
  0.289352E+000  0.263599E+000  0.219013E-001  0.271019E-001  0.271019E-001  0.335373E-001
  0.289980E+000  0.268560E+000  0.206467E-001  0.236063E-001  0.236063E-001  0.269901E-001
  0.290719E+000  0.273505E+000  0.195737E-001  0.205219E-001  0.205219E-001  0.215160E-001
  0.291588E+000  0.278429E+000  0.185974E-001  0.177251E-001  0.177251E-001  0.168937E-001
  0.292609E+000  0.283323E+000  0.177303E-001  0.152113E-001  0.152113E-001  0.130501E-001
  0.293804E+000  0.288179E+000  0.169326E-001  0.129373E-001  0.129373E-001  0.988464E-002
  0.295193E+000  0.292982E+000  0.162015E-001  0.109028E-001  0.109028E-001  0.733709E-002
  0.296792E+000  0.297719E+000  0.155081E-001  0.909238E-002  0.909238E-002  0.533083E-002
  0.298606E+000  0.302379E+000  0.148629E-001  0.751765E-002  0.751765E-002  0.380241E-002
  0.300626E+000  0.306952E+000  0.142670E-001  0.617560E-002  0.617560E-002  0.267315E-002
  0.302835E+000  0.311438E+000  0.137221E-001  0.505118E-002  0.505118E-002  0.185935E-002
  0.305208E+000  0.315839E+000  0.132268E-001  0.412053E-002  0.412053E-002  0.128365E-002
  0.307718E+000  0.320163E+000  0.127805E-001  0.335595E-002  0.335595E-002  0.881208E-003
  0.310338E+000  0.324422E+000  0.123828E-001  0.272977E-002  0.272977E-002  0.601764E-003
  0.313048E+000  0.328624E+000  0.120236E-001  0.221405E-002  0.221405E-002  0.407689E-003
  0.315829E+000  0.332779E+000  0.117020E-001  0.178767E-002  0.178767E-002  0.273087E-003
  0.318667E+000  0.336896E+000  0.114121E-001  0.143228E-002  0.143228E-002  0.179752E-003
  0.321551E+000  0.340980E+000  0.111492E-001  0.113351E-002  0.113351E-002  0.115234E-003
  0.324472E+000  0.345038E+000  0.109088E-001  0.880093E-003  0.880093E-003  0.709977E-004
  0.327424E+000  0.349073E+000  0.106881E-001  0.663289E-003  0.663289E-003  0.411577E-004
  0.330402E+000  0.353090E+000  0.104841E-001  0.476247E-003  0.476247E-003  0.216292E-004
  0.333401E+000  0.357091E+000  0.102951E-001  0.313680E-003  0.313680E-003  0.955327E-005
  0.336419E+000  0.361077E+000  0.101180E-001  0.171253E-003  0.171253E-003  0.289475E-005
  0.339452E+000  0.365052E+000  0.995141E-002  0.456982E-004  0.456982E-004  0.206382E-006
  0.342498E+000  0.369017E+000  0.979428E-002  0.656803E-004  0.656803E-004  0.437272E-006
  0.345557E+000  0.372973E+000  0.964547E-002  0.165114E-003  0.165114E-003  0.282353E-005
  0.348625E+000  0.376920E+000  0.950430E-002  0.254291E-003  0.254291E-003  0.680096E-005
  0.351703E+000  0.380861E+000  0.936971E-002  0.334728E-003  0.334728E-003  0.119555E-004
  0.354789E+000  0.384795E+000  0.924074E-002  0.407578E-003  0.407578E-003  0.179746E-004
  0.357882E+000  0.388723E+000  0.911720E-002  0.473848E-003  0.473848E-003  0.246251E-004
  0.360982E+000  0.392647E+000  0.899839E-002  0.534379E-003  0.534379E-003  0.317326E-004
  0.364087E+000  0.396565E+000  0.888398E-002  0.589849E-003  0.589849E-003  0.391610E-004
  0.367198E+000  0.400480E+000  0.877385E-002  0.640905E-003  0.640905E-003  0.468145E-004
  0.370314E+000  0.404390E+000  0.866661E-002  0.687964E-003  0.687964E-003  0.546096E-004
  0.373434E+000  0.408297E+000  0.856308E-002  0.731532E-003  0.731532E-003  0.624921E-004
  0.376558E+000  0.412201E+000  0.846307E-002  0.772001E-003  0.772001E-003  0.704204E-004
  0.379686E+000  0.416101E+000  0.836509E-002  0.809585E-003  0.809585E-003  0.783513E-004
  0.382818E+000  0.419999E+000  0.827065E-002  0.844730E-003  0.844730E-003  0.862758E-004
  0.385952E+000  0.423895E+000  0.817799E-002  0.877501E-003  0.877501E-003  0.941549E-004
  0.389090E+000  0.427788E+000  0.808774E-002  0.908221E-003  0.908221E-003  0.101989E-003
  0.392230E+000  0.431679E+000  0.799983E-002  0.937068E-003  0.937068E-003  0.109763E-003
  0.395373E+000  0.435568E+000  0.791405E-002  0.964215E-003  0.964215E-003  0.117475E-003
  0.398518E+000  0.439455E+000  0.783023E-002  0.989794E-003  0.989794E-003  0.125116E-003
  0.401665E+000  0.443340E+000  0.774836E-002  0.101395E-002  0.101395E-002  0.132686E-003
  0.404814E+000  0.447224E+000  0.766789E-002  0.103675E-002  0.103675E-002  0.140175E-003
  0.407965E+000  0.451106E+000  0.758955E-002  0.105840E-002  0.105840E-002  0.147600E-003
  0.411117E+000  0.454987E+000  0.751225E-002  0.107886E-002  0.107886E-002  0.154938E-003
  0.414271E+000  0.458867E+000  0.743706E-002  0.109838E-002  0.109838E-002  0.162218E-003
  0.417427E+000  0.462745E+000  0.736274E-002  0.111686E-002  0.111686E-002  0.169416E-003
  0.420584E+000  0.466623E+000  0.728997E-002  0.113448E-002  0.113448E-002  0.176549E-003
  0.423742E+000  0.470499E+000  0.721864E-002  0.115129E-002  0.115129E-002  0.183617E-003
  0.426901E+000  0.474374E+000  0.714869E-002  0.116736E-002  0.116736E-002  0.190625E-003
  0.430061E+000  0.478249E+000  0.707967E-002  0.118267E-002  0.118267E-002  0.197565E-003
  0.433222E+000  0.482123E+000  0.701205E-002  0.119735E-002  0.119735E-002  0.204452E-003
  0.436384E+000  0.485996E+000  0.694542E-002  0.121138E-002  0.121138E-002  0.211281E-003
  0.439547E+000  0.489869E+000  0.687996E-002  0.122485E-002  0.122485E-002  0.218061E-003
  0.442710E+000  0.493741E+000  0.681573E-002  0.123780E-002  0.123780E-002  0.224795E-003
  0.445874E+000  0.497613E+000  0.675276E-002  0.125029E-002  0.125029E-002  0.231492E-003
  0.449039E+000  0.501484E+000  0.668977E-002  0.126211E-002  0.126211E-002  0.238112E-003
  0.452204E+000  0.505354E+000  0.662848E-002  0.127361E-002  0.127361E-002  0.244715E-003
  0.455369E+000  0.509225E+000  0.656792E-002  0.128465E-002  0.128465E-002  0.251272E-003
  0.458535E+000  0.513095E+000  0.650811E-002  0.129527E-002  0.129527E-002  0.257789E-003
  0.461701E+000  0.516965E+000  0.644934E-002  0.130554E-002  0.130554E-002  0.264278E-003
  0.464867E+000  0.520835E+000  0.639155E-002  0.131547E-002  0.131547E-002  0.270742E-003
  0.468034E+000  0.524704E+000  0.633490E-002  0.132514E-002  0.132514E-002  0.277194E-003
  0.471200E+000  0.528574E+000  0.627797E-002  0.133426E-002  0.133426E-002  0.283569E-003
  0.474367E+000  0.532444E+000  0.622243E-002  0.134320E-002  0.134320E-002  0.289950E-003
  0.477533E+000  0.536313E+000  0.616763E-002  0.135185E-002  0.135185E-002  0.296305E-003
  0.480699E+000  0.540183E+000  0.611388E-002  0.136030E-002  0.136030E-002  0.302657E-003
  0.483866E+000  0.544052E+000  0.606055E-002  0.136843E-002  0.136843E-002  0.308981E-003
  0.487032E+000  0.547922E+000  0.600761E-002  0.137623E-002  0.137623E-002  0.315270E-003
  0.490198E+000  0.551792E+000  0.595564E-002  0.138387E-002  0.138387E-002  0.321561E-003
  0.493363E+000  0.555662E+000  0.590415E-002  0.139124E-002  0.139124E-002  0.327828E-003
  0.496529E+000  0.559533E+000  0.585342E-002  0.139843E-002  0.139843E-002  0.334095E-003
  0.499694E+000  0.563404E+000  0.580338E-002  0.140542E-002  0.140542E-002  0.340355E-003
  0.502859E+000  0.567275E+000  0.575385E-002  0.141220E-002  0.141220E-002  0.346605E-003
  0.506023E+000  0.571146E+000  0.570499E-002  0.141881E-002  0.141881E-002  0.352851E-003
  0.509187E+000  0.575018E+000  0.565668E-002  0.142523E-002  0.142523E-002  0.359093E-003
  0.512350E+000  0.578890E+000  0.560889E-002  0.143147E-002  0.143147E-002  0.365329E-003
  0.515513E+000  0.582763E+000  0.556168E-002  0.143755E-002  0.143755E-002  0.371568E-003
  0.518675E+000  0.586636E+000  0.551501E-002  0.144347E-002  0.144347E-002  0.377806E-003
  0.521836E+000  0.590509E+000  0.546887E-002  0.144924E-002  0.144924E-002  0.384046E-003
  0.524997E+000  0.594383E+000  0.542331E-002  0.145489E-002  0.145489E-002  0.390297E-003
  0.528157E+000  0.598258E+000  0.537810E-002  0.146035E-002  0.146035E-002  0.396540E-003
  0.531317E+000  0.602134E+000  0.533344E-002  0.146570E-002  0.146570E-002  0.402796E-003
  0.534475E+000  0.606009E+000  0.528929E-002  0.147093E-002  0.147093E-002  0.409059E-003
  0.537633E+000  0.609886E+000  0.524557E-002  0.147602E-002  0.147602E-002  0.415329E-003
  0.540790E+000  0.613763E+000  0.520238E-002  0.148101E-002  0.148101E-002  0.421615E-003
  0.543946E+000  0.617641E+000  0.515955E-002  0.148586E-002  0.148586E-002  0.427904E-003
  0.547101E+000  0.621520E+000  0.511718E-002  0.149061E-002  0.149061E-002  0.434208E-003
  0.550256E+000  0.625400E+000  0.507522E-002  0.149525E-002  0.149525E-002  0.440527E-003
  0.553409E+000  0.629280E+000  0.503370E-002  0.149979E-002  0.149979E-002  0.446859E-003
  0.556561E+000  0.633161E+000  0.499256E-002  0.150421E-002  0.150421E-002  0.453203E-003
  0.559712E+000  0.637043E+000  0.495183E-002  0.150854E-002  0.150854E-002  0.459565E-003
  0.562862E+000  0.640926E+000  0.491154E-002  0.151279E-002  0.151279E-002  0.465950E-003
  0.566011E+000  0.644810E+000  0.487165E-002  0.151696E-002  0.151696E-002  0.472357E-003
  0.569159E+000  0.648695E+000  0.483210E-002  0.152102E-002  0.152102E-002  0.478780E-003
  0.572306E+000  0.652580E+000  0.479287E-002  0.152499E-002  0.152499E-002  0.485221E-003
  0.575451E+000  0.656467E+000  0.475391E-002  0.152884E-002  0.152884E-002  0.491671E-003
  0.578595E+000  0.660355E+000  0.471571E-002  0.153275E-002  0.153275E-002  0.498188E-003
  0.581738E+000  0.664243E+000  0.467718E-002  0.153635E-002  0.153635E-002  0.504658E-003
  0.584880E+000  0.668133E+000  0.463935E-002  0.154000E-002  0.154000E-002  0.511192E-003
  0.588020E+000  0.672024E+000  0.460185E-002  0.154357E-002  0.154357E-002  0.517750E-003
  0.591159E+000  0.675916E+000  0.456463E-002  0.154706E-002  0.154706E-002  0.524331E-003
  0.594297E+000  0.679809E+000  0.452790E-002  0.155053E-002  0.155053E-002  0.530961E-003
  0.597433E+000  0.683703E+000  0.449146E-002  0.155392E-002  0.155392E-002  0.537615E-003
  0.600567E+000  0.687599E+000  0.445498E-002  0.155713E-002  0.155713E-002  0.544256E-003
  0.603700E+000  0.691495E+000  0.441892E-002  0.156031E-002  0.156031E-002  0.550942E-003
  0.606832E+000  0.695393E+000  0.438336E-002  0.156351E-002  0.156351E-002  0.557689E-003
  0.609962E+000  0.699292E+000  0.434805E-002  0.156662E-002  0.156662E-002  0.564461E-003
  0.613090E+000  0.703193E+000  0.431270E-002  0.156956E-002  0.156956E-002  0.571224E-003
  0.616217E+000  0.707095E+000  0.427782E-002  0.157251E-002  0.157251E-002  0.578047E-003
  0.619342E+000  0.710998E+000  0.424323E-002  0.157540E-002  0.157540E-002  0.584907E-003
  0.622465E+000  0.714902E+000  0.420891E-002  0.157824E-002  0.157824E-002  0.591802E-003
  0.625587E+000  0.718808E+000  0.417477E-002  0.158099E-002  0.158099E-002  0.598725E-003
  0.628707E+000  0.722715E+000  0.414091E-002  0.158370E-002  0.158370E-002  0.605687E-003
  0.631825E+000  0.726624E+000  0.410740E-002  0.158638E-002  0.158638E-002  0.612702E-003
  0.634941E+000  0.730534E+000  0.407422E-002  0.158905E-002  0.158905E-002  0.619769E-003
  0.638056E+000  0.734445E+000  0.404087E-002  0.159151E-002  0.159151E-002  0.626817E-003
  0.641168E+000  0.738358E+000  0.400796E-002  0.159398E-002  0.159398E-002  0.633931E-003
  0.644279E+000  0.742273E+000  0.397529E-002  0.159641E-002  0.159641E-002  0.641092E-003
  0.647388E+000  0.746189E+000  0.394278E-002  0.159876E-002  0.159876E-002  0.648285E-003
  0.650495E+000  0.750107E+000  0.391053E-002  0.160108E-002  0.160108E-002  0.655527E-003
  0.653599E+000  0.754026E+000  0.387865E-002  0.160341E-002  0.160341E-002  0.662836E-003
  0.656702E+000  0.757947E+000  0.384673E-002  0.160558E-002  0.160558E-002  0.670149E-003
  0.659803E+000  0.761869E+000  0.381519E-002  0.160777E-002  0.160777E-002  0.677539E-003
  0.662901E+000  0.765793E+000  0.378363E-002  0.160982E-002  0.160982E-002  0.684932E-003
  0.665998E+000  0.769719E+000  0.375262E-002  0.161197E-002  0.161197E-002  0.692439E-003
  0.669092E+000  0.773647E+000  0.372136E-002  0.161388E-002  0.161388E-002  0.699909E-003
  0.672184E+000  0.777576E+000  0.369056E-002  0.161586E-002  0.161586E-002  0.707479E-003
  0.675274E+000  0.781507E+000  0.366005E-002  0.161783E-002  0.161783E-002  0.715119E-003
  0.678361E+000  0.785440E+000  0.362935E-002  0.161958E-002  0.161958E-002  0.722734E-003
  0.681446E+000  0.789375E+000  0.359916E-002  0.162144E-002  0.162144E-002  0.730467E-003
  0.684529E+000  0.793311E+000  0.356891E-002  0.162314E-002  0.162314E-002  0.738203E-003
  0.687610E+000  0.797250E+000  0.353894E-002  0.162484E-002  0.162484E-002  0.746017E-003
  0.690688E+000  0.801190E+000  0.350917E-002  0.162650E-002  0.162650E-002  0.753886E-003
  0.693763E+000  0.805132E+000  0.347957E-002  0.162812E-002  0.162812E-002  0.761811E-003
  0.696836E+000  0.809076E+000  0.345015E-002  0.162970E-002  0.162970E-002  0.769795E-003
  0.699907E+000  0.813022E+000  0.342074E-002  0.163116E-002  0.163116E-002  0.777805E-003
  0.702975E+000  0.816970E+000  0.339160E-002  0.163262E-002  0.163262E-002  0.785896E-003
  0.706041E+000  0.820920E+000  0.336265E-002  0.163405E-002  0.163405E-002  0.794055E-003
  0.709104E+000  0.824872E+000  0.333386E-002  0.163544E-002  0.163544E-002  0.802273E-003
  0.712164E+000  0.828826E+000  0.330509E-002  0.163672E-002  0.163672E-002  0.810520E-003
  0.715222E+000  0.832782E+000  0.327687E-002  0.163814E-002  0.163814E-002  0.818928E-003
  0.718276E+000  0.836741E+000  0.324833E-002  0.163929E-002  0.163929E-002  0.827280E-003
  0.721328E+000  0.840701E+000  0.321996E-002  0.164041E-002  0.164041E-002  0.835704E-003
  0.724378E+000  0.844664E+000  0.319176E-002  0.164149E-002  0.164149E-002  0.844202E-003
  0.727424E+000  0.848628E+000  0.316379E-002  0.164257E-002  0.164257E-002  0.852786E-003
  0.730468E+000  0.852595E+000  0.313604E-002  0.164365E-002  0.164365E-002  0.861461E-003
  0.733509E+000  0.856564E+000  0.310862E-002  0.164478E-002  0.164478E-002  0.870260E-003
  0.736546E+000  0.860536E+000  0.308080E-002  0.164558E-002  0.164558E-002  0.878976E-003
  0.739581E+000  0.864510E+000  0.305338E-002  0.164649E-002  0.164649E-002  0.887841E-003
  0.742613E+000  0.868486E+000  0.302602E-002  0.164731E-002  0.164731E-002  0.896760E-003
  0.745641E+000  0.872464E+000  0.299902E-002  0.164820E-002  0.164820E-002  0.905815E-003
  0.748667E+000  0.876445E+000  0.297191E-002  0.164892E-002  0.164892E-002  0.914880E-003
  0.751689E+000  0.880428E+000  0.294524E-002  0.164977E-002  0.164977E-002  0.924112E-003
  0.754709E+000  0.884413E+000  0.291829E-002  0.165035E-002  0.165035E-002  0.933306E-003
  0.757725E+000  0.888401E+000  0.289164E-002  0.165098E-002  0.165098E-002  0.942629E-003
  0.760737E+000  0.892391E+000  0.286511E-002  0.165156E-002  0.165156E-002  0.952028E-003
  0.763747E+000  0.896384E+000  0.283878E-002  0.165216E-002  0.165216E-002  0.961548E-003
  0.766753E+000  0.900380E+000  0.281251E-002  0.165267E-002  0.165267E-002  0.971127E-003
  0.769756E+000  0.904378E+000  0.278639E-002  0.165315E-002  0.165315E-002  0.980804E-003
  0.772755E+000  0.908378E+000  0.276043E-002  0.165361E-002  0.165361E-002  0.990585E-003
  0.775751E+000  0.912381E+000  0.273471E-002  0.165411E-002  0.165411E-002  0.100050E-002
  0.778743E+000  0.916387E+000  0.270885E-002  0.165441E-002  0.165441E-002  0.101042E-002
  0.781732E+000  0.920396E+000  0.268324E-002  0.165476E-002  0.165476E-002  0.102049E-002
  0.784717E+000  0.924407E+000  0.265779E-002  0.165508E-002  0.165508E-002  0.103066E-002
  0.787698E+000  0.928421E+000  0.263249E-002  0.165539E-002  0.165539E-002  0.104096E-002
  0.790676E+000  0.932437E+000  0.260736E-002  0.165569E-002  0.165569E-002  0.105138E-002
  0.793650E+000  0.936457E+000  0.258218E-002  0.165586E-002  0.165586E-002  0.106184E-002
  0.796620E+000  0.940479E+000  0.255726E-002  0.165608E-002  0.165608E-002  0.107247E-002
  0.799586E+000  0.944504E+000  0.253242E-002  0.165623E-002  0.165623E-002  0.108320E-002
  0.802548E+000  0.948532E+000  0.250771E-002  0.165637E-002  0.165637E-002  0.109405E-002
  0.805507E+000  0.952563E+000  0.248334E-002  0.165662E-002  0.165662E-002  0.110512E-002
  0.808461E+000  0.956597E+000  0.245877E-002  0.165663E-002  0.165663E-002  0.111618E-002
  0.811411E+000  0.960634E+000  0.243443E-002  0.165668E-002  0.165668E-002  0.112741E-002
  0.814357E+000  0.964674E+000  0.241026E-002  0.165674E-002  0.165674E-002  0.113880E-002
  0.817299E+000  0.968717E+000  0.238625E-002  0.165680E-002  0.165680E-002  0.115034E-002
  0.820236E+000  0.972763E+000  0.236236E-002  0.165684E-002  0.165684E-002  0.116203E-002
  0.823169E+000  0.976812E+000  0.233860E-002  0.165687E-002  0.165687E-002  0.117387E-002
  0.826098E+000  0.980865E+000  0.231504E-002  0.165693E-002  0.165693E-002  0.118590E-002
  0.829023E+000  0.984920E+000  0.229158E-002  0.165695E-002  0.165695E-002  0.119808E-002
  0.831942E+000  0.988979E+000  0.226809E-002  0.165685E-002  0.165685E-002  0.121033E-002
  0.834858E+000  0.993041E+000  0.224498E-002  0.165692E-002  0.165692E-002  0.122290E-002
  0.837768E+000  0.997107E+000  0.222174E-002  0.165679E-002  0.165679E-002  0.123549E-002
  0.840674E+000  0.100118E+001  0.220264E-002  0.165967E-002  0.165967E-002  0.125054E-002
  0.843575E+000  0.100525E+001  0.217666E-002  0.165726E-002  0.165726E-002  0.126181E-002
  0.846471E+000  0.100932E+001  0.215627E-002  0.165901E-002  0.165901E-002  0.127642E-002
  0.849362E+000  0.101340E+001  0.213240E-002  0.165798E-002  0.165798E-002  0.128911E-002
  0.852249E+000  0.101749E+001  0.210997E-002  0.165797E-002  0.165797E-002  0.130280E-002
  0.855130E+000  0.102157E+001  0.208853E-002  0.165863E-002  0.165863E-002  0.131723E-002
  0.858005E+000  0.102566E+001  0.206510E-002  0.165761E-002  0.165761E-002  0.133053E-002
  0.860876E+000  0.102976E+001  0.204308E-002  0.165761E-002  0.165761E-002  0.134487E-002
  0.863741E+000  0.103385E+001  0.202424E-002  0.166012E-002  0.166012E-002  0.136151E-002
  0.866601E+000  0.103796E+001  0.199991E-002  0.165804E-002  0.165804E-002  0.137461E-002
  0.869455E+000  0.104206E+001  0.197686E-002  0.165688E-002  0.165688E-002  0.138869E-002
  0.872303E+000  0.104617E+001  0.195458E-002  0.165625E-002  0.165625E-002  0.140345E-002
  0.875146E+000  0.105028E+001  0.193656E-002  0.165915E-002  0.165915E-002  0.142148E-002
  0.877983E+000  0.105440E+001  0.191227E-002  0.165659E-002  0.165659E-002  0.143510E-002
  0.880814E+000  0.105852E+001  0.189239E-002  0.165774E-002  0.165774E-002  0.145218E-002
  0.883639E+000  0.106265E+001  0.186955E-002  0.165620E-002  0.165620E-002  0.146719E-002
  0.886457E+000  0.106678E+001  0.184946E-002  0.165698E-002  0.165698E-002  0.148452E-002
  0.889270E+000  0.107091E+001  0.182822E-002  0.165664E-002  0.165664E-002  0.150116E-002
  0.892076E+000  0.107505E+001  0.180653E-002  0.165579E-002  0.165579E-002  0.151762E-002
  0.894876E+000  0.107919E+001  0.178778E-002  0.165754E-002  0.165754E-002  0.153678E-002
  0.897669E+000  0.108334E+001  0.176514E-002  0.165559E-002  0.165559E-002  0.155283E-002
  0.900455E+000  0.108749E+001  0.174480E-002  0.165567E-002  0.165567E-002  0.157109E-002
  0.903235E+000  0.109165E+001  0.172492E-002  0.165611E-002  0.165611E-002  0.159004E-002
  0.906008E+000  0.109581E+001  0.170388E-002  0.165533E-002  0.165533E-002  0.160816E-002
  0.908774E+000  0.109997E+001  0.168708E-002  0.165860E-002  0.165860E-002  0.163060E-002
  0.911532E+000  0.110414E+001  0.166565E-002  0.165724E-002  0.165724E-002  0.164887E-002
  0.914283E+000  0.110832E+001  0.164334E-002  0.165487E-002  0.165487E-002  0.166647E-002
  0.917027E+000  0.111250E+001  0.162332E-002  0.165467E-002  0.165467E-002  0.168662E-002
  0.919764E+000  0.111668E+001  0.160462E-002  0.165573E-002  0.165573E-002  0.170847E-002
  0.922493E+000  0.112087E+001  0.158430E-002  0.165503E-002  0.165503E-002  0.172892E-002
  0.925214E+000  0.112507E+001  0.156347E-002  0.165367E-002  0.165367E-002  0.174906E-002
  0.927927E+000  0.112927E+001  0.154422E-002  0.165386E-002  0.165386E-002  0.177128E-002
  0.930633E+000  0.113347E+001  0.152374E-002  0.165262E-002  0.165262E-002  0.179240E-002
  0.933330E+000  0.113768E+001  0.150349E-002  0.165150E-002  0.165150E-002  0.181408E-002
  0.936019E+000  0.114190E+001  0.148421E-002  0.165133E-002  0.165133E-002  0.183726E-002
  0.938700E+000  0.114612E+001  0.146378E-002  0.164975E-002  0.164975E-002  0.185934E-002
  0.941373E+000  0.115034E+001  0.144651E-002  0.165163E-002  0.165163E-002  0.188584E-002
  0.944037E+000  0.115458E+001  0.142566E-002  0.164932E-002  0.164932E-002  0.190806E-002
  0.946692E+000  0.115881E+001  0.140456E-002  0.164653E-002  0.164653E-002  0.193018E-002
  0.949338E+000  0.116305E+001  0.138595E-002  0.164652E-002  0.164652E-002  0.195607E-002
  0.951976E+000  0.116730E+001  0.136477E-002  0.164331E-002  0.164331E-002  0.197869E-002
  0.954605E+000  0.117156E+001  0.134676E-002  0.164376E-002  0.164376E-002  0.200627E-002
  0.957224E+000  0.117581E+001  0.132652E-002  0.164135E-002  0.164135E-002  0.203091E-002
  0.959835E+000  0.118008E+001  0.130500E-002  0.163717E-002  0.163717E-002  0.205388E-002
  0.962436E+000  0.118435E+001  0.128526E-002  0.163500E-002  0.163500E-002  0.207990E-002
  0.965027E+000  0.118862E+001  0.126717E-002  0.163477E-002  0.163477E-002  0.210901E-002
  0.967610E+000  0.119291E+001  0.124717E-002  0.163193E-002  0.163193E-002  0.213539E-002
  0.970182E+000  0.119719E+001  0.122679E-002  0.162837E-002  0.162837E-002  0.216141E-002
  0.972745E+000  0.120149E+001  0.120833E-002  0.162718E-002  0.162718E-002  0.219121E-002
  0.975299E+000  0.120579E+001  0.118841E-002  0.162382E-002  0.162382E-002  0.221877E-002
  0.977842E+000  0.121009E+001  0.116664E-002  0.161768E-002  0.161768E-002  0.224308E-002
  0.980376E+000  0.121440E+001  0.114708E-002  0.161432E-002  0.161432E-002  0.227188E-002
  0.982899E+000  0.121872E+001  0.112829E-002  0.161182E-002  0.161182E-002  0.230258E-002
  0.985413E+000  0.122304E+001  0.110742E-002  0.160611E-002  0.160611E-002  0.232938E-002
  0.987916E+000  0.122737E+001  0.108822E-002  0.160254E-002  0.160254E-002  0.235994E-002
  0.990409E+000  0.123170E+001  0.106833E-002  0.159768E-002  0.159768E-002  0.238931E-002
  0.992892E+000  0.123604E+001  0.104878E-002  0.159305E-002  0.159305E-002  0.241976E-002
  0.995364E+000  0.124039E+001  0.102941E-002  0.158839E-002  0.158839E-002  0.245090E-002
  0.997826E+000  0.124474E+001  0.100909E-002  0.158196E-002  0.158196E-002  0.248004E-002
  0.100028E+001  0.124910E+001  0.989479E-003  0.157631E-002  0.157631E-002  0.251119E-002
  0.100272E+001  0.125346E+001  0.970591E-003  0.157147E-002  0.157147E-002  0.254434E-002
  0.100515E+001  0.125783E+001  0.950491E-003  0.156432E-002  0.156432E-002  0.257456E-002
  0.100757E+001  0.126221E+001  0.931456E-003  0.155856E-002  0.155856E-002  0.260787E-002
  0.100998E+001  0.126659E+001  0.911313E-003  0.155057E-002  0.155057E-002  0.263826E-002
  0.101238E+001  0.127097E+001  0.901093E-003  0.155933E-002  0.155933E-002  0.269839E-002
  0.101476E+001  0.127537E+001  0.883479E-003  0.155510E-002  0.155510E-002  0.273727E-002
  0.101714E+001  0.127977E+001  0.857030E-003  0.153485E-002  0.153485E-002  0.274874E-002
  0.101951E+001  0.128417E+001  0.836590E-003  0.152467E-002  0.152467E-002  0.277868E-002
  0.102186E+001  0.128858E+001  0.816331E-003  0.151419E-002  0.151419E-002  0.280861E-002
  0.102421E+001  0.129300E+001  0.796707E-003  0.150447E-002  0.150447E-002  0.284099E-002
  0.102654E+001  0.129742E+001  0.777286E-003  0.149451E-002  0.149451E-002  0.287352E-002
  0.102886E+001  0.130185E+001  0.763954E-003  0.149592E-002  0.149592E-002  0.292922E-002
  0.103118E+001  0.130628E+001  0.748599E-003  0.149331E-002  0.149331E-002  0.297886E-002
  0.103348E+001  0.131072E+001  0.726852E-003  0.147730E-002  0.147730E-002  0.300256E-002
  0.103577E+001  0.131517E+001  0.703896E-003  0.145799E-002  0.145799E-002  0.301997E-002
  0.103804E+001  0.131962E+001  0.693680E-003  0.146453E-002  0.146453E-002  0.309200E-002
  0.104031E+001  0.132407E+001  0.665881E-003  0.143342E-002  0.143342E-002  0.308567E-002
  0.104257E+001  0.132853E+001  0.650960E-003  0.142915E-002  0.142915E-002  0.313764E-002
  0.104481E+001  0.133300E+001  0.632783E-003  0.141711E-002  0.141711E-002  0.317358E-002
  0.104705E+001  0.133747E+001  0.614425E-003  0.140409E-002  0.140409E-002  0.320864E-002
  0.104927E+001  0.134195E+001  0.594673E-003  0.138696E-002  0.138696E-002  0.323482E-002
  0.105149E+001  0.134644E+001  0.578623E-003  0.137786E-002  0.137786E-002  0.328108E-002
  0.105369E+001  0.135093E+001  0.559475E-003  0.136051E-002  0.136051E-002  0.330845E-002
  0.105588E+001  0.135542E+001  0.543316E-003  0.134964E-002  0.134964E-002  0.335260E-002
  0.105806E+001  0.135992E+001  0.526479E-003  0.133636E-002  0.133636E-002  0.339208E-002
  0.106023E+001  0.136442E+001  0.516564E-003  0.134025E-002  0.134025E-002  0.347732E-002
  0.106238E+001  0.136894E+001  0.500977E-003  0.132891E-002  0.132891E-002  0.352513E-002
  0.106453E+001  0.137345E+001  0.475539E-003  0.129026E-002  0.129026E-002  0.350079E-002
  0.106667E+001  0.137797E+001  0.461905E-003  0.128236E-002  0.128236E-002  0.356014E-002
  0.106879E+001  0.138250E+001  0.445721E-003  0.126648E-002  0.126648E-002  0.359861E-002
  0.107091E+001  0.138703E+001  0.428827E-003  0.124770E-002  0.124770E-002  0.363026E-002
  0.107301E+001  0.139156E+001  0.412631E-003  0.122972E-002  0.122972E-002  0.366477E-002
  0.107510E+001  0.139611E+001  0.401117E-003  0.122491E-002  0.122491E-002  0.374057E-002
  0.107718E+001  0.140065E+001  0.384575E-003  0.120390E-002  0.120390E-002  0.376874E-002
  0.107926E+001  0.140520E+001  0.371245E-003  0.119203E-002  0.119203E-002  0.382749E-002
  0.108132E+001  0.140976E+001  0.353157E-003  0.116348E-002  0.116348E-002  0.383310E-002
  0.108337E+001  0.141432E+001  0.339104E-003  0.114682E-002  0.114682E-002  0.387845E-002
  0.108541E+001  0.141888E+001  0.329658E-003  0.114502E-002  0.114502E-002  0.397706E-002
  0.108743E+001  0.142345E+001  0.310686E-003  0.110872E-002  0.110872E-002  0.395663E-002
  0.108945E+001  0.142803E+001  0.297492E-003  0.109149E-002  0.109149E-002  0.400467E-002
  0.109146E+001  0.143261E+001  0.282828E-003  0.106747E-002  0.106747E-002  0.402895E-002
  0.109346E+001  0.143719E+001  0.271099E-003  0.105319E-002  0.105319E-002  0.409156E-002
  0.109544E+001  0.144178E+001  0.259403E-003  0.103778E-002  0.103778E-002  0.415176E-002
  0.109742E+001  0.144637E+001  0.244256E-003  0.100709E-002  0.100709E-002  0.415231E-002
  0.109939E+001  0.145097E+001  0.232969E-003  0.990626E-003  0.990626E-003  0.421232E-002
  0.110134E+001  0.145557E+001  0.220933E-003  0.969398E-003  0.969398E-003  0.425347E-002
  0.110329E+001  0.146018E+001  0.208382E-003  0.944338E-003  0.944338E-003  0.427951E-002
  0.110522E+001  0.146479E+001  0.201452E-003  0.943486E-003  0.943486E-003  0.441874E-002
  0.110715E+001  0.146940E+001  0.185929E-003  0.900829E-003  0.900829E-003  0.436454E-002
  0.110907E+001  0.147402E+001  0.176154E-003  0.883706E-003  0.883706E-003  0.443325E-002
  0.111097E+001  0.147864E+001  0.164996E-003  0.857696E-003  0.857696E-003  0.445855E-002
  0.111287E+001  0.148327E+001  0.154514E-003  0.833273E-003  0.833273E-003  0.449372E-002
  0.111476E+001  0.148790E+001  0.146262E-003  0.819168E-003  0.819168E-003  0.458789E-002
  0.111663E+001  0.149253E+001  0.135126E-003  0.786684E-003  0.786684E-003  0.457997E-002
  0.111850E+001  0.149717E+001  0.126005E-003  0.763634E-003  0.763634E-003  0.462789E-002
  0.112036E+001  0.150181E+001  0.118501E-003  0.748547E-003  0.748547E-003  0.472842E-002
  0.112221E+001  0.150646E+001  0.109875E-003  0.724438E-003  0.724438E-003  0.477642E-002
  0.112404E+001  0.151111E+001  0.101261E-003  0.697740E-003  0.697740E-003  0.480778E-002
  0.112587E+001  0.151576E+001  0.925166E-004  0.667462E-003  0.667462E-003  0.481541E-002
  0.112769E+001  0.152042E+001  0.854979E-004  0.646965E-003  0.646965E-003  0.489559E-002
  0.112951E+001  0.152508E+001  0.782247E-004  0.622213E-003  0.622213E-003  0.494917E-002
  0.113131E+001  0.152974E+001  0.708493E-004  0.593457E-003  0.593457E-003  0.497098E-002
  0.113310E+001  0.153441E+001  0.635452E-004  0.561809E-003  0.561809E-003  0.496699E-002
  0.113489E+001  0.153908E+001  0.582533E-004  0.545148E-003  0.545148E-003  0.510160E-002
  0.113666E+001  0.154376E+001  0.515248E-004  0.511654E-003  0.511654E-003  0.508082E-002
  0.113843E+001  0.154843E+001  0.458064E-004  0.484349E-003  0.484349E-003  0.512140E-002
  0.114019E+001  0.155311E+001  0.407975E-004  0.460968E-003  0.460968E-003  0.520841E-002
  0.114194E+001  0.155780E+001  0.353431E-004  0.428426E-003  0.428426E-003  0.519331E-002
  0.114368E+001  0.156248E+001  0.307670E-004  0.401936E-003  0.401936E-003  0.525081E-002
  0.114541E+001  0.156717E+001  0.262856E-004  0.372008E-003  0.372008E-003  0.526482E-002
  0.114714E+001  0.157187E+001  0.223082E-004  0.344279E-003  0.344279E-003  0.531316E-002
  0.114885E+001  0.157656E+001  0.188131E-004  0.318709E-003  0.318709E-003  0.539914E-002
  0.115056E+001  0.158126E+001  0.154242E-004  0.289453E-003  0.289453E-003  0.543184E-002
  0.115227E+001  0.158596E+001  0.126376E-004  0.265648E-003  0.265648E-003  0.558394E-002
  0.115396E+001  0.159067E+001  0.962967E-005  0.229542E-003  0.229542E-003  0.547148E-002
  0.115564E+001  0.159537E+001  0.734601E-005  0.201867E-003  0.201867E-003  0.554713E-002
  0.115732E+001  0.160008E+001  0.529252E-005  0.171524E-003  0.171524E-003  0.555869E-002
  0.115899E+001  0.160480E+001  0.366813E-005  0.144521E-003  0.144521E-003  0.569372E-002
  0.116066E+001  0.160951E+001  0.226224E-005  0.113488E-003  0.113488E-003  0.569277E-002
  0.116231E+001  0.161423E+001  0.121735E-005  0.835035E-004  0.835035E-004  0.572704E-002
  0.116396E+001  0.161895E+001  0.491240E-006  0.531097E-004  0.531097E-004  0.573974E-002
  0.116560E+001  0.162367E+001  0.921027E-007  0.231584E-004  0.231584E-004  0.581139E-002
  0.116724E+001  0.162840E+001  0.894334E-008  0.726983E-005  0.726983E-005  0.579068E-002
  0.116887E+001  0.163313E+001  0.241340E-006  0.375250E-004  0.375250E-004  0.583020E-002
  0.117049E+001  0.163786E+001  0.784329E-006  0.678770E-004  0.678770E-004  0.587280E-002
  0.117210E+001  0.164259E+001  0.167130E-005  0.100569E-003  0.100569E-003  0.605098E-002
  0.117371E+001  0.164732E+001  0.279874E-005  0.129251E-003  0.129251E-003  0.596866E-002
  0.117531E+001  0.165206E+001  0.435421E-005  0.163511E-003  0.163511E-003  0.613997E-002
  0.117691E+001  0.165680E+001  0.601350E-005  0.190437E-003  0.190437E-003  0.603064E-002
  0.117850E+001  0.166154E+001  0.805517E-005  0.220893E-003  0.220893E-003  0.605733E-002
  0.118008E+001  0.166628E+001  0.104962E-004  0.254166E-003  0.254166E-003  0.615454E-002
  0.118166E+001  0.167102E+001  0.130199E-004  0.282435E-003  0.282435E-003  0.612663E-002
  0.118323E+001  0.167577E+001  0.159823E-004  0.314347E-003  0.314347E-003  0.618267E-002
  0.118480E+001  0.168052E+001  0.191696E-004  0.345036E-003  0.345036E-003  0.621027E-002
  0.118636E+001  0.168527E+001  0.226423E-004  0.376018E-003  0.376018E-003  0.624446E-002
  0.118791E+001  0.169002E+001  0.264274E-004  0.407732E-003  0.407732E-003  0.629062E-002
  0.118946E+001  0.169478E+001  0.306246E-004  0.441359E-003  0.441359E-003  0.636080E-002
  0.119101E+001  0.169953E+001  0.353540E-004  0.478209E-003  0.478209E-003  0.646837E-002
  0.119254E+001  0.170429E+001  0.399016E-004  0.509037E-003  0.509037E-003  0.649391E-002
  0.119408E+001  0.170905E+001  0.439904E-004  0.531004E-003  0.531004E-003  0.640968E-002
  0.119561E+001  0.171381E+001  0.494841E-004  0.567194E-003  0.567194E-003  0.650123E-002
  0.119713E+001  0.171857E+001  0.541755E-004  0.591521E-003  0.591521E-003  0.645855E-002
  0.119865E+001  0.172333E+001  0.603054E-004  0.628824E-003  0.628824E-003  0.655694E-002
  0.120016E+001  0.172810E+001  0.656458E-004  0.655407E-003  0.655407E-003  0.654357E-002
  0.120167E+001  0.173287E+001  0.717347E-004  0.687177E-003  0.687177E-003  0.658274E-002
  0.120318E+001  0.173764E+001  0.779170E-004  0.717519E-003  0.717519E-003  0.660743E-002
  0.120468E+001  0.174240E+001  0.860136E-004  0.762950E-003  0.762950E-003  0.676743E-002
  0.120617E+001  0.174718E+001  0.919668E-004  0.787195E-003  0.787195E-003  0.673802E-002
  0.120766E+001  0.175195E+001  0.999359E-004  0.826662E-003  0.826662E-003  0.683807E-002
  0.120915E+001  0.175672E+001  0.104611E-003  0.837389E-003  0.837389E-003  0.670312E-002
  0.121064E+001  0.176150E+001  0.112622E-003  0.873503E-003  0.873503E-003  0.677495E-002
  0.121212E+001  0.176627E+001  0.122331E-003  0.920594E-003  0.920594E-003  0.692789E-002
  0.121359E+001  0.177105E+001  0.126837E-003  0.927318E-003  0.927318E-003  0.677969E-002
  0.121506E+001  0.177583E+001  0.136923E-003  0.973518E-003  0.973518E-003  0.692168E-002
  0.121653E+001  0.178061E+001  0.143548E-003  0.993493E-003  0.993493E-003  0.687593E-002
  0.121800E+001  0.178539E+001  0.151031E-003  0.101840E-002  0.101840E-002  0.686712E-002
  0.121946E+001  0.179017E+001  0.158736E-003  0.104390E-002  0.104390E-002  0.686499E-002
  0.122092E+001  0.179495E+001  0.169513E-003  0.108807E-002  0.108807E-002  0.698410E-002
  0.122237E+001  0.179974E+001  0.177299E-003  0.111179E-002  0.111179E-002  0.697175E-002
  0.122382E+001  0.180452E+001  0.186515E-003  0.114341E-002  0.114341E-002  0.700951E-002
  0.122527E+001  0.180931E+001  0.195448E-003  0.117213E-002  0.117213E-002  0.702942E-002
  0.122672E+001  0.181409E+001  0.203970E-003  0.119741E-002  0.119741E-002  0.702944E-002
  0.122816E+001  0.181888E+001  0.211168E-003  0.121440E-002  0.121440E-002  0.698386E-002
  0.122960E+001  0.182367E+001  0.220548E-003  0.124320E-002  0.124320E-002  0.700773E-002
  0.123104E+001  0.182846E+001  0.230357E-003  0.127344E-002  0.127344E-002  0.703972E-002
  0.123247E+001  0.183325E+001  0.241351E-003  0.130933E-002  0.130933E-002  0.710307E-002
  0.123390E+001  0.183804E+001  0.254659E-003  0.135642E-002  0.135642E-002  0.722479E-002
  0.123533E+001  0.184283E+001  0.262067E-003  0.137115E-002  0.137115E-002  0.717392E-002
  0.123676E+001  0.184762E+001  0.268086E-003  0.137842E-002  0.137842E-002  0.708743E-002
  0.123818E+001  0.185241E+001  0.282349E-003  0.142747E-002  0.142747E-002  0.721687E-002
  0.123961E+001  0.185721E+001  0.289127E-003  0.143771E-002  0.143771E-002  0.714919E-002
  0.124103E+001  0.186200E+001  0.300903E-003  0.147244E-002  0.147244E-002  0.720521E-002
  0.124245E+001  0.186680E+001  0.311887E-003  0.150244E-002  0.150244E-002  0.723768E-002
  0.124386E+001  0.187159E+001  0.318612E-003  0.151168E-002  0.151168E-002  0.717229E-002
  0.124528E+001  0.187639E+001  0.332991E-003  0.155644E-002  0.155644E-002  0.727500E-002
  0.124669E+001  0.188118E+001  0.342498E-003  0.157780E-002  0.157780E-002  0.726855E-002
  0.124810E+001  0.188598E+001  0.350266E-003  0.159085E-002  0.159085E-002  0.722538E-002
  0.124951E+001  0.189078E+001  0.361676E-003  0.162003E-002  0.162003E-002  0.725648E-002
  0.125091E+001  0.189558E+001  0.382139E-003  0.168877E-002  0.168877E-002  0.746308E-002
  0.125232E+001  0.190037E+001  0.381562E-003  0.166396E-002  0.166396E-002  0.725641E-002
  0.125372E+001  0.190517E+001  0.393664E-003  0.169472E-002  0.169472E-002  0.729573E-002
  0.125513E+001  0.190997E+001  0.412355E-003  0.175273E-002  0.175273E-002  0.745003E-002
  0.125653E+001  0.191477E+001  0.418233E-003  0.175585E-002  0.175585E-002  0.737152E-002
  0.125793E+001  0.191957E+001  0.429965E-003  0.178336E-002  0.178336E-002  0.739678E-002
  0.125933E+001  0.192437E+001  0.448872E-003  0.183980E-002  0.183980E-002  0.754082E-002
  0.126072E+001  0.192917E+001  0.445095E-003  0.180336E-002  0.180336E-002  0.730658E-002
  0.126212E+001  0.193397E+001  0.457695E-003  0.183339E-002  0.183339E-002  0.734399E-002
  0.126351E+001  0.193878E+001  0.480029E-003  0.190162E-002  0.190162E-002  0.753324E-002
  0.126491E+001  0.194358E+001  0.476524E-003  0.186716E-002  0.186716E-002  0.731607E-002
  0.126630E+001  0.194838E+001  0.487432E-003  0.188962E-002  0.188962E-002  0.732549E-002
  0.126769E+001  0.195318E+001  0.502493E-003  0.192772E-002  0.192772E-002  0.739535E-002
  0.126908E+001  0.195798E+001  0.516499E-003  0.196121E-002  0.196121E-002  0.744692E-002
  0.127048E+001  0.196279E+001  0.525463E-003  0.197510E-002  0.197510E-002  0.742393E-002
  0.127187E+001  0.196759E+001  0.540443E-003  0.201141E-002  0.201141E-002  0.748603E-002
  0.127326E+001  0.197239E+001  0.561960E-003  0.207129E-002  0.207129E-002  0.763442E-002
  0.127464E+001  0.197720E+001  0.566495E-003  0.206834E-002  0.206834E-002  0.755177E-002
  0.127603E+001  0.198200E+001  0.563737E-003  0.203910E-002  0.203910E-002  0.737567E-002
  0.127742E+001  0.198680E+001  0.572285E-003  0.205109E-002  0.205109E-002  0.735116E-002
  0.127881E+001  0.199161E+001  0.585023E-003  0.207790E-002  0.207790E-002  0.738037E-002
  0.128019E+001  0.199641E+001  0.601798E-003  0.211876E-002  0.211876E-002  0.745953E-002
  0.128158E+001  0.200121E+001  0.603446E-003  0.210614E-002  0.210614E-002  0.735080E-002
  0.128297E+001  0.200602E+001  0.619938E-003  0.214526E-002  0.214526E-002  0.742355E-002
  0.128435E+001  0.201082E+001  0.626052E-003  0.214841E-002  0.214841E-002  0.737263E-002
  0.128574E+001  0.201563E+001  0.634320E-003  0.215886E-002  0.215886E-002  0.734754E-002
  0.128712E+001  0.202043E+001  0.655338E-003  0.221248E-002  0.221248E-002  0.746953E-002
  0.128851E+001  0.202523E+001  0.657400E-003  0.220179E-002  0.220179E-002  0.737430E-002
  0.128990E+001  0.203004E+001  0.683306E-003  0.227065E-002  0.227065E-002  0.754548E-002
  0.129128E+001  0.203484E+001  0.675102E-003  0.222626E-002  0.222626E-002  0.734147E-002
  0.129267E+001  0.203965E+001  0.694205E-003  0.227194E-002  0.227194E-002  0.743544E-002
  0.129405E+001  0.204445E+001  0.696038E-003  0.226112E-002  0.226112E-002  0.734535E-002
  0.129544E+001  0.204926E+001  0.707183E-003  0.228051E-002  0.228051E-002  0.735413E-002
  0.129682E+001  0.205406E+001  0.723496E-003  0.231644E-002  0.231644E-002  0.741659E-002
  0.129821E+001  0.205886E+001  0.728483E-003  0.231588E-002  0.231588E-002  0.736228E-002
  0.129960E+001  0.206367E+001  0.749065E-003  0.236471E-002  0.236471E-002  0.746513E-002
  0.130098E+001  0.206847E+001  0.746495E-003  0.234055E-002  0.234055E-002  0.733852E-002
  0.130237E+001  0.207328E+001  0.754335E-003  0.234916E-002  0.234916E-002  0.731580E-002
  0.130376E+001  0.207808E+001  0.776841E-003  0.240318E-002  0.240318E-002  0.743428E-002
  0.130514E+001  0.208288E+001  0.781211E-003  0.240100E-002  0.240100E-002  0.737931E-002
  0.130653E+001  0.208769E+001  0.790450E-003  0.241375E-002  0.241375E-002  0.737072E-002
  0.130792E+001  0.209249E+001  0.792635E-003  0.240507E-002  0.240507E-002  0.729766E-002
  0.130931E+001  0.209729E+001  0.804375E-003  0.242546E-002  0.242546E-002  0.731357E-002
  0.131070E+001  0.210210E+001  0.811247E-003  0.243114E-002  0.243114E-002  0.728564E-002
  0.131209E+001  0.210690E+001  0.821123E-003  0.244584E-002  0.244584E-002  0.728531E-002
  0.131348E+001  0.211170E+001  0.830472E-003  0.245894E-002  0.245894E-002  0.728065E-002
  0.131487E+001  0.211650E+001  0.838860E-003  0.246919E-002  0.246919E-002  0.726805E-002
  0.131626E+001  0.212131E+001  0.863041E-003  0.252566E-002  0.252566E-002  0.739128E-002
  0.131766E+001  0.212611E+001  0.874290E-003  0.254390E-002  0.254390E-002  0.740190E-002
  0.131905E+001  0.213091E+001  0.867343E-003  0.250951E-002  0.250951E-002  0.726085E-002
  0.132044E+001  0.213571E+001  0.880082E-003  0.253228E-002  0.253228E-002  0.728618E-002
  0.132184E+001  0.214051E+001  0.893996E-003  0.255819E-002  0.255819E-002  0.732031E-002
  0.132323E+001  0.214532E+001  0.919496E-003  0.261702E-002  0.261702E-002  0.744843E-002
  0.132463E+001  0.215012E+001  0.902154E-003  0.255397E-002  0.255397E-002  0.723021E-002
  0.132603E+001  0.215492E+001  0.911388E-003  0.256655E-002  0.256655E-002  0.722763E-002
  0.132743E+001  0.215972E+001  0.929877E-003  0.260505E-002  0.260505E-002  0.729805E-002
  0.132883E+001  0.216452E+001  0.945818E-003  0.263618E-002  0.263618E-002  0.734754E-002
  0.133023E+001  0.216932E+001  0.952814E-003  0.264231E-002  0.264231E-002  0.732755E-002
  0.133163E+001  0.217412E+001  0.951581E-003  0.262579E-002  0.262579E-002  0.724561E-002
  0.133303E+001  0.217892E+001  0.950642E-003  0.261037E-002  0.261037E-002  0.716780E-002
  0.133443E+001  0.218372E+001  0.966452E-003  0.264097E-002  0.264097E-002  0.721685E-002
  0.133584E+001  0.218851E+001  0.100470E-002  0.273233E-002  0.273233E-002  0.743073E-002
  0.133724E+001  0.219331E+001  0.973984E-003  0.263638E-002  0.263638E-002  0.713613E-002
  0.133865E+001  0.219811E+001  0.994368E-003  0.267901E-002  0.267901E-002  0.721774E-002
  0.134005E+001  0.220291E+001  0.101548E-002  0.272339E-002  0.272339E-002  0.730383E-002
  0.134146E+001  0.220771E+001  0.101514E-002  0.271014E-002  0.271014E-002  0.723534E-002
  0.134287E+001  0.221250E+001  0.100702E-002  0.267645E-002  0.267645E-002  0.711346E-002
  0.134428E+001  0.221730E+001  0.102392E-002  0.270936E-002  0.270936E-002  0.716916E-002
  0.134570E+001  0.222210E+001  0.103691E-002  0.273170E-002  0.273170E-002  0.719659E-002
  0.134711E+001  0.222689E+001  0.103386E-002  0.271200E-002  0.271200E-002  0.711402E-002
  0.134852E+001  0.223169E+001  0.104626E-002  0.273289E-002  0.273289E-002  0.713846E-002
  0.134994E+001  0.223648E+001  0.105023E-002  0.273170E-002  0.273170E-002  0.710533E-002
  0.135136E+001  0.224128E+001  0.107178E-002  0.277620E-002  0.277620E-002  0.719108E-002
  0.135277E+001  0.224607E+001  0.106213E-002  0.274000E-002  0.274000E-002  0.706843E-002
  0.135419E+001  0.225087E+001  0.107763E-002  0.276874E-002  0.276874E-002  0.711370E-002
  0.135561E+001  0.225566E+001  0.108133E-002  0.276716E-002  0.276716E-002  0.708124E-002
  0.135704E+001  0.226046E+001  0.108510E-002  0.276580E-002  0.276580E-002  0.704969E-002
  0.135846E+001  0.226525E+001  0.108231E-002  0.274796E-002  0.274796E-002  0.697698E-002
  0.135988E+001  0.227004E+001  0.110628E-002  0.279804E-002  0.279804E-002  0.707687E-002
  0.136131E+001  0.227483E+001  0.109604E-002  0.276155E-002  0.276155E-002  0.695795E-002
  0.136274E+001  0.227963E+001  0.110252E-002  0.276742E-002  0.276742E-002  0.694646E-002
  0.136417E+001  0.228442E+001  0.111453E-002  0.278716E-002  0.278716E-002  0.697001E-002
  0.136560E+001  0.228921E+001  0.112045E-002  0.279169E-002  0.279169E-002  0.695570E-002
  0.136703E+001  0.229400E+001  0.112096E-002  0.278284E-002  0.278284E-002  0.690852E-002
  0.136846E+001  0.229879E+001  0.113523E-002  0.280818E-002  0.280818E-002  0.694650E-002
  0.136990E+001  0.230358E+001  0.114141E-002  0.281341E-002  0.281341E-002  0.693466E-002
  0.137133E+001  0.230837E+001  0.115674E-002  0.284126E-002  0.284126E-002  0.697887E-002
  0.137277E+001  0.231316E+001  0.114838E-002  0.281094E-002  0.281094E-002  0.688043E-002
  0.137421E+001  0.231795E+001  0.115268E-002  0.281178E-002  0.281178E-002  0.685890E-002
  0.137565E+001  0.232273E+001  0.115627E-002  0.281099E-002  0.281099E-002  0.683378E-002
  0.137709E+001  0.232752E+001  0.116977E-002  0.283432E-002  0.283432E-002  0.686746E-002
  0.137854E+001  0.233231E+001  0.117844E-002  0.284583E-002  0.284583E-002  0.687241E-002
  0.137998E+001  0.233709E+001  0.117293E-002  0.282328E-002  0.282328E-002  0.679572E-002
  0.138143E+001  0.234188E+001  0.118235E-002  0.283671E-002  0.283671E-002  0.680591E-002
  0.138288E+001  0.234667E+001  0.118961E-002  0.284499E-002  0.284499E-002  0.680390E-002
  0.138433E+001  0.235145E+001  0.120825E-002  0.288043E-002  0.288043E-002  0.686683E-002
  0.138578E+001  0.235624E+001  0.119493E-002  0.283976E-002  0.283976E-002  0.674869E-002
  0.138723E+001  0.236102E+001  0.120057E-002  0.284434E-002  0.284434E-002  0.673869E-002
  0.138869E+001  0.236580E+001  0.124539E-002  0.294146E-002  0.294146E-002  0.694736E-002
  0.139014E+001  0.237059E+001  0.121945E-002  0.287151E-002  0.287151E-002  0.676167E-002
  0.139160E+001  0.237537E+001  0.121442E-002  0.285106E-002  0.285106E-002  0.669338E-002
  0.139306E+001  0.238015E+001  0.122205E-002  0.286047E-002  0.286047E-002  0.669553E-002
  0.139452E+001  0.238493E+001  0.122516E-002  0.285933E-002  0.285933E-002  0.667325E-002
  0.139598E+001  0.238972E+001  0.125537E-002  0.292135E-002  0.292135E-002  0.679824E-002
  0.139745E+001  0.239450E+001  0.123611E-002  0.286825E-002  0.286825E-002  0.665543E-002
  0.139891E+001  0.239928E+001  0.126520E-002  0.292744E-002  0.292744E-002  0.677354E-002
  0.140038E+001  0.240406E+001  0.124913E-002  0.288212E-002  0.288212E-002  0.664990E-002
  0.140185E+001  0.240884E+001  0.125120E-002  0.287885E-002  0.287885E-002  0.662386E-002
  0.140332E+001  0.241361E+001  0.125146E-002  0.287153E-002  0.287153E-002  0.658883E-002
  0.140479E+001  0.241839E+001  0.126997E-002  0.290606E-002  0.290606E-002  0.664992E-002
  0.140627E+001  0.242317E+001  0.126395E-002  0.288446E-002  0.288446E-002  0.658263E-002
  0.140774E+001  0.242795E+001  0.130073E-002  0.296049E-002  0.296049E-002  0.673817E-002
  0.140922E+001  0.243272E+001  0.126932E-002  0.288137E-002  0.288137E-002  0.654074E-002
  0.141070E+001  0.243750E+001  0.127514E-002  0.288701E-002  0.288701E-002  0.653638E-002
  0.141218E+001  0.244228E+001  0.129654E-002  0.292786E-002  0.292786E-002  0.661172E-002
  0.141367E+001  0.244705E+001  0.131367E-002  0.295890E-002  0.295890E-002  0.666460E-002
  0.141515E+001  0.245182E+001  0.128901E-002  0.289601E-002  0.289601E-002  0.650645E-002
  0.141664E+001  0.245660E+001  0.130753E-002  0.293022E-002  0.293022E-002  0.656673E-002
  0.141812E+001  0.246137E+001  0.130468E-002  0.291660E-002  0.291660E-002  0.652004E-002
  0.141961E+001  0.246615E+001  0.132870E-002  0.296298E-002  0.296298E-002  0.660740E-002
  0.142110E+001  0.247092E+001  0.134146E-002  0.298416E-002  0.298416E-002  0.663842E-002
  0.142260E+001  0.247569E+001  0.130822E-002  0.290315E-002  0.290315E-002  0.644254E-002
  0.142409E+001  0.248046E+001  0.131472E-002  0.291063E-002  0.291063E-002  0.644376E-002
  0.142559E+001  0.248523E+001  0.131219E-002  0.289812E-002  0.289812E-002  0.640085E-002
  0.142709E+001  0.249000E+001  0.132578E-002  0.292128E-002  0.292128E-002  0.643685E-002
  0.142859E+001  0.249477E+001  0.132812E-002  0.291964E-002  0.291964E-002  0.641831E-002
  0.143009E+001  0.249954E+001  0.132126E-002  0.289789E-002  0.289789E-002  0.635586E-002
  0.143159E+001  0.250431E+001  0.133678E-002  0.292526E-002  0.292526E-002  0.640132E-002
  0.143310E+001  0.250908E+001  0.132813E-002  0.289977E-002  0.289977E-002  0.633118E-002
  0.143461E+001  0.251384E+001  0.138562E-002  0.301850E-002  0.301850E-002  0.657567E-002
  0.143611E+001  0.251861E+001  0.134866E-002  0.293154E-002  0.293154E-002  0.637218E-002
  0.143762E+001  0.252338E+001  0.137117E-002  0.297393E-002  0.297393E-002  0.645016E-002
  0.143914E+001  0.252814E+001  0.136683E-002  0.295805E-002  0.295805E-002  0.640172E-002
  0.144065E+001  0.253291E+001  0.134357E-002  0.290147E-002  0.290147E-002  0.626581E-002
  0.144217E+001  0.253767E+001  0.137502E-002  0.296305E-002  0.296305E-002  0.638512E-002
  0.144368E+001  0.254244E+001  0.137807E-002  0.296340E-002  0.296340E-002  0.637246E-002
  0.144520E+001  0.254720E+001  0.136179E-002  0.292225E-002  0.292225E-002  0.627084E-002
  0.144672E+001  0.255196E+001  0.136529E-002  0.292371E-002  0.292371E-002  0.626098E-002
  0.144825E+001  0.255673E+001  0.136060E-002  0.290764E-002  0.290764E-002  0.621374E-002
  0.144977E+001  0.256149E+001  0.136523E-002  0.291163E-002  0.291163E-002  0.620965E-002
  0.145130E+001  0.256625E+001  0.136639E-002  0.290822E-002  0.290822E-002  0.618985E-002
  0.145283E+001  0.257101E+001  0.138611E-002  0.294429E-002  0.294429E-002  0.625409E-002
  0.145436E+001  0.257577E+001  0.139080E-002  0.294841E-002  0.294841E-002  0.625045E-002
  0.145589E+001  0.258053E+001  0.137734E-002  0.291417E-002  0.291417E-002  0.616577E-002
  0.145742E+001  0.258529E+001  0.137356E-002  0.290052E-002  0.290052E-002  0.612500E-002
  0.145896E+001  0.259005E+001  0.138708E-002  0.292341E-002  0.292341E-002  0.616142E-002
  0.146049E+001  0.259481E+001  0.140307E-002  0.295151E-002  0.295151E-002  0.620881E-002
  0.146203E+001  0.259956E+001  0.137943E-002  0.289629E-002  0.289629E-002  0.608112E-002
  0.146357E+001  0.260432E+001  0.138766E-002  0.290811E-002  0.290811E-002  0.609451E-002
  0.146511E+001  0.260908E+001  0.142718E-002  0.298539E-002  0.298539E-002  0.624486E-002
  0.146666E+001  0.261383E+001  0.139146E-002  0.290528E-002  0.290528E-002  0.606604E-002
  0.146820E+001  0.261859E+001  0.142353E-002  0.296685E-002  0.296685E-002  0.618334E-002
  0.146975E+001  0.262334E+001  0.139146E-002  0.289476E-002  0.289476E-002  0.602216E-002
  0.147130E+001  0.262810E+001  0.139945E-002  0.290616E-002  0.290616E-002  0.603503E-002
  0.147285E+001  0.263285E+001  0.140094E-002  0.290408E-002  0.290408E-002  0.602001E-002
  0.147440E+001  0.263760E+001  0.141925E-002  0.293687E-002  0.293687E-002  0.607727E-002
  0.147596E+001  0.264235E+001  0.140264E-002  0.289740E-002  0.289740E-002  0.598510E-002
  0.147752E+001  0.264711E+001  0.141091E-002  0.290942E-002  0.290942E-002  0.599950E-002
  0.147907E+001  0.265186E+001  0.143102E-002  0.294586E-002  0.294586E-002  0.606425E-002
  0.148063E+001  0.265661E+001  0.142822E-002  0.293509E-002  0.293509E-002  0.603181E-002
  0.148220E+001  0.266136E+001  0.142680E-002  0.292719E-002  0.292719E-002  0.600536E-002
  0.148376E+001  0.266611E+001  0.140705E-002  0.288186E-002  0.288186E-002  0.590251E-002
  0.148532E+001  0.267086E+001  0.143972E-002  0.294389E-002  0.294389E-002  0.601958E-002
  0.148689E+001  0.267560E+001  0.141145E-002  0.288133E-002  0.288133E-002  0.588195E-002
  0.148846E+001  0.268035E+001  0.141560E-002  0.288508E-002  0.288508E-002  0.588000E-002
  0.149003E+001  0.268510E+001  0.141357E-002  0.287630E-002  0.287630E-002  0.585262E-002
  0.149160E+001  0.268984E+001  0.141534E-002  0.287529E-002  0.287529E-002  0.584119E-002
  0.149317E+001  0.269459E+001  0.144237E-002  0.292555E-002  0.292555E-002  0.593386E-002
  0.149475E+001  0.269934E+001  0.142069E-002  0.287702E-002  0.287702E-002  0.582621E-002
  0.149633E+001  0.270408E+001  0.143000E-002  0.289134E-002  0.289134E-002  0.584604E-002
  0.149791E+001  0.270882E+001  0.145802E-002  0.294341E-002  0.294341E-002  0.594209E-002
  0.149949E+001  0.271357E+001  0.143032E-002  0.288305E-002  0.288305E-002  0.581128E-002
  0.150107E+001  0.271831E+001  0.142514E-002  0.286824E-002  0.286824E-002  0.577262E-002
  0.150265E+001  0.272305E+001  0.143083E-002  0.287534E-002  0.287534E-002  0.577819E-002
  0.150424E+001  0.272780E+001  0.142679E-002  0.286292E-002  0.286292E-002  0.574457E-002
  0.150583E+001  0.273254E+001  0.143330E-002  0.287169E-002  0.287169E-002  0.575358E-002
  0.150742E+001  0.273728E+001  0.144108E-002  0.288302E-002  0.288302E-002  0.576775E-002
  0.150901E+001  0.274202E+001  0.143589E-002  0.286843E-002  0.286843E-002  0.573017E-002
  0.151060E+001  0.274676E+001  0.143156E-002  0.285565E-002  0.285565E-002  0.569636E-002
  0.151219E+001  0.275150E+001  0.147001E-002  0.292812E-002  0.292812E-002  0.583254E-002
  0.151379E+001  0.275623E+001  0.143551E-002  0.285530E-002  0.285530E-002  0.567935E-002
  0.151539E+001  0.276097E+001  0.144429E-002  0.286869E-002  0.286869E-002  0.569789E-002
  0.151699E+001  0.276571E+001  0.144253E-002  0.286118E-002  0.286118E-002  0.567497E-002
  0.151859E+001  0.277045E+001  0.143646E-002  0.284516E-002  0.284516E-002  0.563533E-002
  0.152019E+001  0.277518E+001  0.143819E-002  0.284464E-002  0.284464E-002  0.562653E-002
  0.152180E+001  0.277992E+001  0.145096E-002  0.286596E-002  0.286596E-002  0.566088E-002
  0.152340E+001  0.278465E+001  0.144192E-002  0.284424E-002  0.284424E-002  0.561036E-002
  0.152501E+001  0.278939E+001  0.144232E-002  0.284118E-002  0.284118E-002  0.559674E-002
  0.152662E+001  0.279412E+001  0.144140E-002  0.283556E-002  0.283556E-002  0.557818E-002
  0.152823E+001  0.279885E+001  0.144212E-002  0.283320E-002  0.283320E-002  0.556614E-002
  0.152984E+001  0.280359E+001  0.147789E-002  0.289965E-002  0.289965E-002  0.568917E-002
  0.153146E+001  0.280832E+001  0.144458E-002  0.283058E-002  0.283058E-002  0.554637E-002
  0.153308E+001  0.281305E+001  0.147685E-002  0.289005E-002  0.289005E-002  0.565552E-002
  0.153469E+001  0.281778E+001  0.145350E-002  0.284069E-002  0.284069E-002  0.555180E-002
  0.153631E+001  0.282251E+001  0.145125E-002  0.283267E-002  0.283267E-002  0.552905E-002
  0.153793E+001  0.282724E+001  0.146101E-002  0.284811E-002  0.284811E-002  0.555213E-002
  0.153956E+001  0.283197E+001  0.146201E-002  0.284645E-002  0.284645E-002  0.554188E-002
  0.154118E+001  0.283670E+001  0.145120E-002  0.282189E-002  0.282189E-002  0.548721E-002
  0.154281E+001  0.284143E+001  0.145167E-002  0.281928E-002  0.281928E-002  0.547533E-002
  0.154444E+001  0.284616E+001  0.145934E-002  0.283068E-002  0.283068E-002  0.549069E-002
  0.154607E+001  0.285088E+001  0.149167E-002  0.288986E-002  0.288986E-002  0.559864E-002
  0.154770E+001  0.285561E+001  0.146483E-002  0.283443E-002  0.283443E-002  0.548460E-002
  0.154933E+001  0.286034E+001  0.145181E-002  0.280585E-002  0.280585E-002  0.542277E-002
  0.155096E+001  0.286506E+001  0.146505E-002  0.282808E-002  0.282808E-002  0.545923E-002
  0.155260E+001  0.286979E+001  0.145368E-002  0.280281E-002  0.280281E-002  0.540401E-002
  0.155424E+001  0.287451E+001  0.146146E-002  0.281448E-002  0.281448E-002  0.542012E-002
  0.155588E+001  0.287923E+001  0.148051E-002  0.284784E-002  0.284784E-002  0.547797E-002
  0.155752E+001  0.288396E+001  0.145616E-002  0.279775E-002  0.279775E-002  0.537539E-002
  0.155916E+001  0.288868E+001  0.145396E-002  0.279032E-002  0.279032E-002  0.535496E-002
  0.156080E+001  0.289340E+001  0.146887E-002  0.281573E-002  0.281573E-002  0.539756E-002
  0.156245E+001  0.289812E+001  0.145702E-002  0.278984E-002  0.278984E-002  0.534185E-002
  0.156410E+001  0.290284E+001  0.147899E-002  0.282870E-002  0.282870E-002  0.541017E-002
  0.156575E+001  0.290756E+001  0.149537E-002  0.285684E-002  0.285684E-002  0.545789E-002
  0.156740E+001  0.291228E+001  0.148873E-002  0.284101E-002  0.284101E-002  0.542163E-002
  0.156905E+001  0.291700E+001  0.146632E-002  0.279516E-002  0.279516E-002  0.532827E-002
  0.157070E+001  0.292172E+001  0.145787E-002  0.277604E-002  0.277604E-002  0.528605E-002
  0.157236E+001  0.292644E+001  0.146778E-002  0.279186E-002  0.279186E-002  0.531039E-002
  0.157401E+001  0.293116E+001  0.148145E-002  0.281485E-002  0.281485E-002  0.534839E-002
  0.157567E+001  0.293587E+001  0.145727E-002  0.276593E-002  0.276593E-002  0.524983E-002
  0.157733E+001  0.294059E+001  0.145978E-002  0.276777E-002  0.276777E-002  0.524774E-002
  0.157899E+001  0.294531E+001  0.147939E-002  0.280200E-002  0.280200E-002  0.530705E-002
  0.158066E+001  0.295002E+001  0.148351E-002  0.280684E-002  0.280684E-002  0.531064E-002
  0.158232E+001  0.295474E+001  0.146118E-002  0.276174E-002  0.276174E-002  0.521990E-002
  0.158399E+001  0.295945E+001  0.147493E-002  0.278485E-002  0.278485E-002  0.525813E-002
  0.158565E+001  0.296416E+001  0.146533E-002  0.276391E-002  0.276391E-002  0.521329E-002
  0.158732E+001  0.296888E+001  0.147717E-002  0.278341E-002  0.278341E-002  0.524473E-002
  0.158899E+001  0.297359E+001  0.147458E-002  0.277572E-002  0.277572E-002  0.522498E-002
  0.159067E+001  0.297830E+001  0.148621E-002  0.279480E-002  0.279480E-002  0.525559E-002
  0.159234E+001  0.298301E+001  0.146190E-002  0.274637E-002  0.274637E-002  0.515940E-002
  0.159401E+001  0.298772E+001  0.146995E-002  0.275876E-002  0.275876E-002  0.517757E-002
  0.159569E+001  0.299244E+001  0.147079E-002  0.275762E-002  0.275762E-002  0.517036E-002
  0.159737E+001  0.299715E+001  0.146118E-002  0.273694E-002  0.273694E-002  0.512657E-002
  0.159905E+001  0.300185E+001  0.146379E-002  0.273918E-002  0.273918E-002  0.512581E-002
  0.160073E+001  0.300656E+001  0.145887E-002  0.272735E-002  0.272735E-002  0.509877E-002
