  0.806880E+000  0.331649E-001  0.164914E+000  0.348485E-002  0.348485E-002  0.736400E-004
  0.806880E+000  0.331649E-001  0.164914E+000  0.348485E-002  0.348485E-002  0.736400E-004
  0.807075E+000  0.381611E-001  0.143122E+000  0.347895E-002  0.347895E-002  0.845656E-004
  0.807297E+000  0.431562E-001  0.126871E+000  0.348601E-002  0.348601E-002  0.957853E-004
  0.807546E+000  0.481500E-001  0.114302E+000  0.350222E-002  0.350222E-002  0.107309E-003
  0.807821E+000  0.531424E-001  0.102918E+000  0.347725E-002  0.347725E-002  0.117485E-003
  0.808124E+000  0.581332E-001  0.945468E-001  0.349252E-002  0.349252E-002  0.129013E-003
  0.808452E+000  0.631224E-001  0.870386E-001  0.348751E-002  0.348751E-002  0.139740E-003
  0.808808E+000  0.681098E-001  0.803284E-001  0.347041E-002  0.347041E-002  0.149932E-003
  0.809190E+000  0.730952E-001  0.750937E-001  0.347865E-002  0.347865E-002  0.161146E-003
  0.809597E+000  0.780785E-001  0.702337E-001  0.347139E-002  0.347139E-002  0.171578E-003
  0.810031E+000  0.830597E-001  0.659437E-001  0.346369E-002  0.346369E-002  0.181930E-003
  0.810491E+000  0.880385E-001  0.623465E-001  0.346726E-002  0.346726E-002  0.192825E-003
  0.810976E+000  0.930149E-001  0.590131E-001  0.346313E-002  0.346313E-002  0.203230E-003
  0.811486E+000  0.979888E-001  0.559781E-001  0.345605E-002  0.345605E-002  0.213375E-003
  0.812021E+000  0.102960E+000  0.534134E-001  0.346011E-002  0.346011E-002  0.224146E-003
  0.812582E+000  0.107929E+000  0.508915E-001  0.345100E-002  0.345100E-002  0.234016E-003
  0.813167E+000  0.112894E+000  0.487016E-001  0.344916E-002  0.344916E-002  0.244278E-003
  0.813776E+000  0.117857E+000  0.466702E-001  0.344495E-002  0.344495E-002  0.254288E-003
  0.814409E+000  0.122817E+000  0.448850E-001  0.344666E-002  0.344666E-002  0.264664E-003
  0.815067E+000  0.127773E+000  0.431613E-001  0.344206E-002  0.344206E-002  0.274501E-003
  0.815747E+000  0.132727E+000  0.415603E-001  0.343631E-002  0.343631E-002  0.284123E-003
  0.816451E+000  0.137677E+000  0.400903E-001  0.343167E-002  0.343167E-002  0.293746E-003
  0.817178E+000  0.142624E+000  0.387620E-001  0.343016E-002  0.343016E-002  0.303544E-003
  0.817927E+000  0.147567E+000  0.375032E-001  0.342636E-002  0.342636E-002  0.313038E-003
  0.818698E+000  0.152508E+000  0.363114E-001  0.342075E-002  0.342075E-002  0.322254E-003
  0.819491E+000  0.157444E+000  0.352218E-001  0.341740E-002  0.341740E-002  0.331573E-003
  0.820305E+000  0.162378E+000  0.341982E-001  0.341353E-002  0.341353E-002  0.340725E-003
  0.821140E+000  0.167307E+000  0.332425E-001  0.340997E-002  0.340997E-002  0.349790E-003
  0.821996E+000  0.172234E+000  0.323326E-001  0.340504E-002  0.340504E-002  0.358595E-003
  0.822872E+000  0.177156E+000  0.314911E-001  0.340153E-002  0.340153E-002  0.367418E-003
  0.823767E+000  0.182076E+000  0.306882E-001  0.339667E-002  0.339667E-002  0.375955E-003
  0.824681E+000  0.186991E+000  0.299446E-001  0.339320E-002  0.339320E-002  0.384503E-003
  0.825614E+000  0.191903E+000  0.292283E-001  0.338793E-002  0.338793E-002  0.392704E-003
  0.826565E+000  0.196812E+000  0.285601E-001  0.338353E-002  0.338353E-002  0.400849E-003
  0.827533E+000  0.201718E+000  0.279299E-001  0.337913E-002  0.337913E-002  0.408827E-003
  0.828518E+000  0.206620E+000  0.273345E-001  0.337467E-002  0.337467E-002  0.416632E-003
  0.829519E+000  0.211518E+000  0.267856E-001  0.337188E-002  0.337188E-002  0.424467E-003
  0.830535E+000  0.216414E+000  0.262469E-001  0.336642E-002  0.336642E-002  0.431776E-003
  0.831565E+000  0.221307E+000  0.257487E-001  0.336229E-002  0.336229E-002  0.439051E-003
  0.832610E+000  0.226196E+000  0.252837E-001  0.335892E-002  0.335892E-002  0.446229E-003
  0.833667E+000  0.231083E+000  0.248373E-001  0.335441E-002  0.335441E-002  0.453030E-003
  0.834735E+000  0.235968E+000  0.244159E-001  0.334974E-002  0.334974E-002  0.459567E-003
  0.835815E+000  0.240850E+000  0.240150E-001  0.334451E-002  0.334451E-002  0.465783E-003
  0.836904E+000  0.245730E+000  0.236481E-001  0.334065E-002  0.334065E-002  0.471917E-003
  0.838001E+000  0.250608E+000  0.233105E-001  0.333761E-002  0.333761E-002  0.477883E-003
  0.839105E+000  0.255485E+000  0.230057E-001  0.333606E-002  0.333606E-002  0.483762E-003
  0.840215E+000  0.260360E+000  0.226990E-001  0.333097E-002  0.333097E-002  0.488805E-003
  0.841328E+000  0.265234E+000  0.224337E-001  0.332865E-002  0.332865E-002  0.493897E-003
  0.842443E+000  0.270109E+000  0.221965E-001  0.332721E-002  0.332721E-002  0.498742E-003
  0.843558E+000  0.274983E+000  0.219829E-001  0.332594E-002  0.332594E-002  0.503204E-003
  0.844670E+000  0.279857E+000  0.218034E-001  0.332637E-002  0.332637E-002  0.507480E-003
  0.845777E+000  0.284733E+000  0.216569E-001  0.332829E-002  0.332829E-002  0.511501E-003
  0.846875E+000  0.289611E+000  0.215333E-001  0.332997E-002  0.332997E-002  0.514955E-003
  0.847963E+000  0.294491E+000  0.214457E-001  0.333329E-002  0.333329E-002  0.518091E-003
  0.849036E+000  0.299375E+000  0.214042E-001  0.333958E-002  0.333958E-002  0.521056E-003
  0.850091E+000  0.304263E+000  0.214141E-001  0.334939E-002  0.334939E-002  0.523881E-003
  0.851122E+000  0.309155E+000  0.214761E-001  0.336247E-002  0.336247E-002  0.526455E-003
  0.852127E+000  0.314053E+000  0.215847E-001  0.337750E-002  0.337750E-002  0.528501E-003
  0.853100E+000  0.318957E+000  0.217742E-001  0.339927E-002  0.339927E-002  0.530677E-003
  0.854036E+000  0.323869E+000  0.220612E-001  0.342966E-002  0.342966E-002  0.533179E-003
  0.854929E+000  0.328789E+000  0.224197E-001  0.346374E-002  0.346374E-002  0.535133E-003
  0.855775E+000  0.333717E+000  0.229283E-001  0.351255E-002  0.351255E-002  0.538111E-003
  0.856568E+000  0.338653E+000  0.235833E-001  0.357404E-002  0.357404E-002  0.541646E-003
  0.857303E+000  0.343599E+000  0.244129E-001  0.365079E-002  0.365079E-002  0.545950E-003
  0.857978E+000  0.348553E+000  0.255175E-001  0.375521E-002  0.375521E-002  0.552625E-003
  0.858587E+000  0.353516E+000  0.268721E-001  0.388073E-002  0.388073E-002  0.560436E-003
  0.859130E+000  0.358486E+000  0.286922E-001  0.405414E-002  0.405414E-002  0.572841E-003
  0.859605E+000  0.363464E+000  0.310888E-001  0.428489E-002  0.428489E-002  0.590575E-003
  0.860012E+000  0.368447E+000  0.342240E-001  0.458693E-002  0.458693E-002  0.614771E-003
  0.860353E+000  0.373435E+000  0.386077E-001  0.501585E-002  0.501585E-002  0.651652E-003
  0.860631E+000  0.378428E+000  0.449380E-001  0.564080E-002  0.564080E-002  0.708057E-003
  0.860848E+000  0.383423E+000  0.548688E-001  0.663387E-002  0.663387E-002  0.802064E-003
  0.861010E+000  0.388420E+000  0.707352E-001  0.820892E-002  0.820892E-002  0.952658E-003
  0.861120E+000  0.393419E+000  0.102851E+000  0.114207E-001  0.114207E-001  0.126817E-002
  0.861183E+000  0.398419E+000  0.220492E+000  0.233574E-001  0.233574E-001  0.247434E-002
  0.861205E+000  0.403419E+000  0.626815E-001  0.625701E-002  0.625701E-002  0.624548E-003
  0.861189E+000  0.408419E+000  0.224232E+000  0.213822E-001  0.213822E-001  0.203895E-002
  0.861140E+000  0.413418E+000  0.107028E+000  0.962751E-002  0.962751E-002  0.866029E-003
  0.861063E+000  0.418418E+000  0.674206E-001  0.570351E-002  0.570351E-002  0.482495E-003
  0.860961E+000  0.423417E+000  0.506948E-001  0.401623E-002  0.401623E-002  0.318181E-003
  0.860838E+000  0.428415E+000  0.406043E-001  0.300009E-002  0.300009E-002  0.221665E-003
  0.860698E+000  0.433413E+000  0.337035E-001  0.231290E-002  0.231290E-002  0.158723E-003
  0.860542E+000  0.438411E+000  0.285002E-001  0.180649E-002  0.180649E-002  0.114505E-003
  0.860374E+000  0.443408E+000  0.251155E-001  0.146248E-002  0.146248E-002  0.851612E-004
  0.860196E+000  0.448405E+000  0.228356E-001  0.121392E-002  0.121392E-002  0.645312E-004
  0.860011E+000  0.453402E+000  0.204592E-001  0.986222E-003  0.986222E-003  0.475405E-004
  0.859820E+000  0.458398E+000  0.188452E-001  0.816908E-003  0.816908E-003  0.354119E-004
  0.859625E+000  0.463394E+000  0.175653E-001  0.678123E-003  0.678123E-003  0.261798E-004
  0.859427E+000  0.468390E+000  0.167176E-001  0.567894E-003  0.567894E-003  0.192915E-004
  0.859229E+000  0.473386E+000  0.156934E-001  0.462675E-003  0.462675E-003  0.136410E-004
  0.859031E+000  0.478382E+000  0.151222E-001  0.379835E-003  0.379835E-003  0.954089E-005
  0.858834E+000  0.483378E+000  0.144922E-001  0.302557E-003  0.302557E-003  0.631686E-005
  0.858639E+000  0.488375E+000  0.142586E-001  0.239023E-003  0.239023E-003  0.400712E-005
  0.858449E+000  0.493371E+000  0.138840E-001  0.178006E-003  0.178006E-003  0.228250E-005
  0.858262E+000  0.498368E+000  0.135071E-001  0.121461E-003  0.121461E-003  0.109250E-005
  0.858081E+000  0.503364E+000  0.135197E-001  0.719860E-004  0.719860E-004  0.383563E-006
  0.857905E+000  0.508361E+000  0.133440E-001  0.237982E-004  0.237982E-004  0.427092E-007
  0.857736E+000  0.513358E+000  0.134047E-001  0.214912E-004  0.214912E-004  0.347177E-007
  0.857574E+000  0.518356E+000  0.137063E-001  0.664409E-004  0.664409E-004  0.322330E-006
  0.857420E+000  0.523353E+000  0.140720E-001  0.111738E-003  0.111738E-003  0.887508E-006
  0.857275E+000  0.528351E+000  0.141736E-001  0.154103E-003  0.154103E-003  0.167575E-005
  0.857138E+000  0.533349E+000  0.146943E-001  0.200935E-003  0.200935E-003  0.274790E-005
  0.857011E+000  0.538348E+000  0.153744E-001  0.250828E-003  0.250828E-003  0.409243E-005
  0.856893E+000  0.543346E+000  0.166892E-001  0.314159E-003  0.314159E-003  0.591402E-005
  0.856786E+000  0.548345E+000  0.175461E-001  0.371446E-003  0.371446E-003  0.786365E-005
  0.856690E+000  0.553344E+000  0.192596E-001  0.449895E-003  0.449895E-003  0.105096E-004
  0.856604E+000  0.558344E+000  0.224617E-001  0.571135E-003  0.571135E-003  0.145225E-004
  0.856531E+000  0.563343E+000  0.266088E-001  0.726645E-003  0.726645E-003  0.198438E-004
  0.856469E+000  0.568343E+000  0.321964E-001  0.935729E-003  0.935729E-003  0.271954E-004
  0.856419E+000  0.573342E+000  0.360720E-001  0.110662E-002  0.110662E-002  0.339489E-004
  0.856382E+000  0.578342E+000  0.546936E-001  0.175734E-002  0.175734E-002  0.564650E-004
  0.856358E+000  0.583342E+000  0.195624E+001  0.653873E-001  0.653873E-001  0.218557E-002
  0.856347E+000  0.588342E+000  0.416166E-001  0.143773E-002  0.143773E-002  0.496690E-004
  0.856349E+000  0.593342E+000  0.327524E-001  0.116554E-002  0.116554E-002  0.414778E-004
  0.856366E+000  0.598342E+000  0.610145E-001  0.222694E-002  0.222694E-002  0.812798E-004
  0.856397E+000  0.603342E+000  0.361028E-001  0.134398E-002  0.134398E-002  0.500317E-004
  0.856442E+000  0.608342E+000  0.298262E-001  0.112746E-002  0.112746E-002  0.426190E-004
  0.856503E+000  0.613341E+000  0.205346E-001  0.785246E-003  0.785246E-003  0.300278E-004
  0.856578E+000  0.618341E+000  0.158661E-001  0.611277E-003  0.611277E-003  0.235507E-004
  0.856669E+000  0.623340E+000  0.130514E-001  0.504734E-003  0.504734E-003  0.195193E-004
  0.856776E+000  0.628339E+000  0.110056E-001  0.425633E-003  0.425633E-003  0.164609E-004
  0.856899E+000  0.633337E+000  0.955756E-002  0.368278E-003  0.368278E-003  0.141905E-004
  0.857038E+000  0.638335E+000  0.830456E-002  0.317643E-003  0.317643E-003  0.121494E-004
  0.857194E+000  0.643333E+000  0.735036E-002  0.278016E-003  0.278016E-003  0.105153E-004
  0.857367E+000  0.648330E+000  0.656807E-002  0.244705E-003  0.244705E-003  0.911667E-005
  0.857557E+000  0.653326E+000  0.596648E-002  0.218080E-003  0.218080E-003  0.797077E-005
  0.857765E+000  0.658322E+000  0.540328E-002  0.192919E-003  0.192919E-003  0.688776E-005
  0.857991E+000  0.663317E+000  0.491665E-002  0.170697E-003  0.170697E-003  0.592606E-005
  0.858236E+000  0.668311E+000  0.452315E-002  0.151936E-003  0.151936E-003  0.510346E-005
  0.858498E+000  0.673304E+000  0.415378E-002  0.134308E-003  0.134308E-003  0.434251E-005
  0.858780E+000  0.678296E+000  0.382620E-002  0.118367E-003  0.118367E-003  0.366159E-005
  0.859081E+000  0.683287E+000  0.355280E-002  0.104467E-003  0.104467E-003  0.307156E-005
  0.859402E+000  0.688277E+000  0.331211E-002  0.918663E-004  0.918663E-004  0.254783E-005
  0.859742E+000  0.693265E+000  0.309578E-002  0.803081E-004  0.803081E-004  0.208307E-005
  0.860103E+000  0.698252E+000  0.289690E-002  0.695568E-004  0.695568E-004  0.166989E-005
  0.860485E+000  0.703238E+000  0.273045E-002  0.599299E-004  0.599299E-004  0.131516E-005
  0.860887E+000  0.708221E+000  0.256310E-002  0.506571E-004  0.506571E-004  0.100096E-005
  0.861311E+000  0.713203E+000  0.242334E-002  0.422858E-004  0.422858E-004  0.737635E-006
  0.861756E+000  0.718183E+000  0.228698E-002  0.343378E-004  0.343378E-004  0.515334E-006
  0.862224E+000  0.723162E+000  0.217028E-002  0.270251E-004  0.270251E-004  0.336295E-006
  0.862714E+000  0.728138E+000  0.206014E-002  0.201339E-004  0.201339E-004  0.196535E-006
  0.863226E+000  0.733111E+000  0.195685E-002  0.136611E-004  0.136611E-004  0.951344E-007
  0.863762E+000  0.738082E+000  0.186321E-002  0.758478E-005  0.758478E-005  0.306375E-007
  0.864322E+000  0.743051E+000  0.177522E-002  0.185918E-005  0.185918E-005  0.170548E-008
  0.864906E+000  0.748017E+000  0.169576E-002  0.353351E-005  0.353351E-005  0.711812E-008
  0.865514E+000  0.752980E+000  0.162072E-002  0.861627E-005  0.861627E-005  0.455588E-007
  0.866147E+000  0.757939E+000  0.155152E-002  0.134198E-004  0.134198E-004  0.115822E-006
  0.866805E+000  0.762896E+000  0.148816E-002  0.179715E-004  0.179715E-004  0.216774E-006
  0.867490E+000  0.767849E+000  0.142784E-002  0.222743E-004  0.222743E-004  0.347219E-006
  0.868200E+000  0.772798E+000  0.137012E-002  0.263095E-004  0.263095E-004  0.504941E-006
  0.868937E+000  0.777743E+000  0.131717E-002  0.301439E-004  0.301439E-004  0.689587E-006
  0.869701E+000  0.782685E+000  0.126863E-002  0.337965E-004  0.337965E-004  0.900068E-006
  0.870493E+000  0.787622E+000  0.122195E-002  0.372228E-004  0.372228E-004  0.113359E-005
  0.871314E+000  0.792554E+000  0.117676E-002  0.404152E-004  0.404152E-004  0.138776E-005
  0.872163E+000  0.797481E+000  0.113524E-002  0.434490E-004  0.434490E-004  0.166262E-005
  0.873041E+000  0.802403E+000  0.109547E-002  0.462718E-004  0.462718E-004  0.195418E-005
  0.873949E+000  0.807320E+000  0.105815E-002  0.489237E-004  0.489237E-004  0.226168E-005
  0.874888E+000  0.812231E+000  0.102293E-002  0.514034E-004  0.514034E-004  0.258275E-005
  0.875857E+000  0.817136E+000  0.989425E-003  0.536934E-004  0.536934E-004  0.291348E-005
  0.876859E+000  0.822035E+000  0.956944E-003  0.557710E-004  0.557710E-004  0.325003E-005
  0.877893E+000  0.826927E+000  0.926373E-003  0.576835E-004  0.576835E-004  0.359150E-005
  0.878960E+000  0.831812E+000  0.897032E-003  0.593975E-004  0.593975E-004  0.393270E-005
  0.880061E+000  0.836689E+000  0.869042E-003  0.609250E-004  0.609250E-004  0.427085E-005
  0.881196E+000  0.841559E+000  0.842233E-003  0.622557E-004  0.622557E-004  0.460141E-005
  0.882368E+000  0.846419E+000  0.816341E-003  0.633776E-004  0.633776E-004  0.492002E-005
  0.883575E+000  0.851271E+000  0.790693E-003  0.642288E-004  0.642288E-004  0.521697E-005
  0.884820E+000  0.856114E+000  0.766291E-003  0.648930E-004  0.648930E-004  0.549502E-005
  0.886103E+000  0.860946E+000  0.742640E-003  0.653293E-004  0.653293E-004  0.574652E-005
  0.887426E+000  0.865768E+000  0.719367E-003  0.655061E-004  0.655061E-004  0.596459E-005
  0.888790E+000  0.870579E+000  0.696683E-003  0.654413E-004  0.654413E-004  0.614661E-005
  0.890195E+000  0.875377E+000  0.674357E-003  0.651131E-004  0.651131E-004  0.628657E-005
  0.891643E+000  0.880163E+000  0.652257E-003  0.645123E-004  0.645123E-004  0.638016E-005
  0.893135E+000  0.884935E+000  0.630416E-003  0.636463E-004  0.636463E-004  0.642516E-005
  0.894672E+000  0.889693E+000  0.608614E-003  0.625010E-004  0.625010E-004  0.641792E-005
  0.896255E+000  0.894436E+000  0.587141E-003  0.611180E-004  0.611180E-004  0.636144E-005
  0.897886E+000  0.899162E+000  0.565518E-003  0.594645E-004  0.594645E-004  0.625212E-005
  0.899565E+000  0.903872E+000  0.544115E-003  0.576005E-004  0.576005E-004  0.609700E-005
  0.901292E+000  0.908564E+000  0.522893E-003  0.555485E-004  0.555485E-004  0.590042E-005
  0.903069E+000  0.913238E+000  0.501878E-003  0.533429E-004  0.533429E-004  0.566894E-005
  0.904893E+000  0.917893E+000  0.481035E-003  0.510152E-004  0.510152E-004  0.540958E-005
  0.906766E+000  0.922529E+000  0.460690E-003  0.486371E-004  0.486371E-004  0.513408E-005
  0.908685E+000  0.927146E+000  0.440879E-003  0.462507E-004  0.462507E-004  0.485117E-005
  0.910650E+000  0.931744E+000  0.421718E-003  0.439040E-004  0.439040E-004  0.456992E-005
  0.912658E+000  0.936323E+000  0.403374E-003  0.416478E-004  0.416478E-004  0.429923E-005
  0.914707E+000  0.940884E+000  0.385942E-003  0.395197E-004  0.395197E-004  0.404587E-005
  0.916795E+000  0.945427E+000  0.369508E-003  0.375511E-004  0.375511E-004  0.381523E-005
  0.918918E+000  0.949954E+000  0.354099E-003  0.357617E-004  0.357617E-004  0.361079E-005
  0.921073E+000  0.954466E+000  0.339763E-003  0.341672E-004  0.341672E-004  0.343499E-005
  0.923259E+000  0.958963E+000  0.326480E-003  0.327719E-004  0.327719E-004  0.328869E-005
  0.925471E+000  0.963447E+000  0.314320E-003  0.315852E-004  0.315852E-004  0.317295E-005
  0.927708E+000  0.967918E+000  0.303106E-003  0.305884E-004  0.305884E-004  0.308590E-005
  0.929967E+000  0.972379E+000  0.292894E-003  0.297844E-004  0.297844E-004  0.302780E-005
  0.932246E+000  0.976830E+000  0.283588E-003  0.291594E-004  0.291594E-004  0.299727E-005
  0.934542E+000  0.981271E+000  0.275146E-003  0.287042E-004  0.287042E-004  0.299353E-005
  0.936853E+000  0.985705E+000  0.267466E-003  0.284031E-004  0.284031E-004  0.301521E-005
  0.939179E+000  0.990131E+000  0.260473E-003  0.282435E-004  0.282435E-004  0.306148E-005
  0.941517E+000  0.994551E+000  0.254164E-003  0.282203E-004  0.282203E-004  0.313232E-005
  0.943866E+000  0.998964E+000  0.248430E-003  0.283172E-004  0.283172E-004  0.322670E-005
  0.946225E+000  0.100337E+001  0.243350E-003  0.285403E-004  0.285403E-004  0.334618E-005
  0.948593E+000  0.100778E+001  0.238907E-003  0.288856E-004  0.288856E-004  0.349144E-005
  0.950969E+000  0.101218E+001  0.234649E-003  0.292965E-004  0.292965E-004  0.365669E-005
  0.953352E+000  0.101657E+001  0.230506E-003  0.297589E-004  0.297589E-004  0.384089E-005
  0.955741E+000  0.102096E+001  0.227307E-003  0.303779E-004  0.303779E-004  0.405873E-005
  0.958136E+000  0.102535E+001  0.224083E-003  0.310269E-004  0.310269E-004  0.429500E-005
  0.960535E+000  0.102974E+001  0.220833E-003  0.316993E-004  0.316993E-004  0.454919E-005
  0.962939E+000  0.103412E+001  0.218393E-003  0.325143E-004  0.325143E-004  0.483965E-005
  0.965348E+000  0.103851E+001  0.216079E-003  0.333751E-004  0.333751E-004  0.515397E-005
  0.967759E+000  0.104289E+001  0.214165E-003  0.343223E-004  0.343223E-004  0.549947E-005
  0.970174E+000  0.104726E+001  0.211861E-003  0.352292E-004  0.352292E-004  0.585699E-005
  0.972592E+000  0.105164E+001  0.209825E-003  0.361982E-004  0.361982E-004  0.624369E-005
  0.975012E+000  0.105602E+001  0.208672E-003  0.373408E-004  0.373408E-004  0.668085E-005
  0.977435E+000  0.106039E+001  0.206651E-003  0.383471E-004  0.383471E-004  0.711479E-005
  0.979859E+000  0.106476E+001  0.205359E-003  0.395036E-004  0.395036E-004  0.759797E-005
  0.982285E+000  0.106913E+001  0.204300E-003  0.407243E-004  0.407243E-004  0.811676E-005
  0.984713E+000  0.107351E+001  0.203168E-003  0.419496E-004  0.419496E-004  0.866055E-005
  0.987142E+000  0.107788E+001  0.201977E-003  0.431780E-004  0.431780E-004  0.922938E-005
  0.989572E+000  0.108225E+001  0.200982E-003  0.444633E-004  0.444633E-004  0.983557E-005
  0.992003E+000  0.108662E+001  0.200109E-003  0.457915E-004  0.457915E-004  0.104775E-004
  0.994434E+000  0.109098E+001  0.199190E-003  0.471237E-004  0.471237E-004  0.111472E-004
  0.996866E+000  0.109535E+001  0.198170E-003  0.484445E-004  0.484445E-004  0.118416E-004
  0.999299E+000  0.109972E+001  0.197337E-003  0.498235E-004  0.498235E-004  0.125783E-004
  0.100173E+001  0.110409E+001  0.196911E-003  0.513196E-004  0.513196E-004  0.133740E-004
  0.100416E+001  0.110846E+001  0.198513E-003  0.533783E-004  0.533783E-004  0.143518E-004
  0.100660E+001  0.111283E+001  0.195230E-003  0.541407E-004  0.541407E-004  0.150131E-004
  0.100903E+001  0.111719E+001  0.194610E-003  0.556258E-004  0.556258E-004  0.158986E-004
  0.101146E+001  0.112156E+001  0.194469E-003  0.572651E-004  0.572651E-004  0.168617E-004
  0.101390E+001  0.112593E+001  0.194130E-003  0.588719E-004  0.588719E-004  0.178524E-004
  0.101633E+001  0.113030E+001  0.192730E-003  0.601574E-004  0.601574E-004  0.187760E-004
  0.101876E+001  0.113467E+001  0.192241E-003  0.617334E-004  0.617334E-004  0.198230E-004
  0.102119E+001  0.113904E+001  0.192054E-003  0.634223E-004  0.634223E-004  0.209430E-004
  0.102362E+001  0.114341E+001  0.191677E-003  0.650661E-004  0.650661E-004  0.220860E-004
  0.102605E+001  0.114778E+001  0.190870E-003  0.665750E-004  0.665750E-004  0.232201E-004
  0.102848E+001  0.115215E+001  0.189783E-003  0.679909E-004  0.679909E-004  0.243570E-004
  0.103091E+001  0.115652E+001  0.189101E-003  0.695573E-004  0.695573E-004  0.255842E-004
  0.103333E+001  0.116089E+001  0.189596E-003  0.715696E-004  0.715696E-004  0.270153E-004
  0.103576E+001  0.116526E+001  0.187755E-003  0.727171E-004  0.727171E-004  0.281620E-004
  0.103818E+001  0.116963E+001  0.187142E-003  0.743312E-004  0.743312E-004  0.295225E-004
  0.104061E+001  0.117401E+001  0.186450E-003  0.759312E-004  0.759312E-004  0.309217E-004
  0.104303E+001  0.117838E+001  0.185877E-003  0.775829E-004  0.775829E-004  0.323810E-004
  0.104545E+001  0.118276E+001  0.184783E-003  0.790232E-004  0.790232E-004  0.337933E-004
  0.104787E+001  0.118713E+001  0.184882E-003  0.809874E-004  0.809874E-004  0.354752E-004
  0.105029E+001  0.119151E+001  0.184600E-003  0.828070E-004  0.828070E-004  0.371439E-004
  0.105270E+001  0.119589E+001  0.182511E-003  0.838077E-004  0.838077E-004  0.384827E-004
  0.105511E+001  0.120027E+001  0.183974E-003  0.864587E-004  0.864587E-004  0.406301E-004
  0.105753E+001  0.120465E+001  0.180565E-003  0.868333E-004  0.868333E-004  0.417566E-004
  0.105994E+001  0.120903E+001  0.179631E-003  0.883687E-004  0.883687E-004  0.434713E-004
  0.106235E+001  0.121341E+001  0.179485E-003  0.903075E-004  0.903075E-004  0.454368E-004
  0.106475E+001  0.121779E+001  0.177532E-003  0.913341E-004  0.913341E-004  0.469870E-004
  0.106716E+001  0.122218E+001  0.176583E-003  0.928824E-004  0.928824E-004  0.488546E-004
  0.106956E+001  0.122656E+001  0.175615E-003  0.944209E-004  0.944209E-004  0.507648E-004
  0.107196E+001  0.123095E+001  0.174176E-003  0.957110E-004  0.957110E-004  0.525923E-004
  0.107436E+001  0.123534E+001  0.173044E-003  0.971733E-004  0.971733E-004  0.545664E-004
  0.107675E+001  0.123972E+001  0.171764E-003  0.985513E-004  0.985513E-004  0.565433E-004
  0.107915E+001  0.124411E+001  0.173301E-003  0.101598E-003  0.101598E-003  0.595603E-004
  0.108154E+001  0.124851E+001  0.169266E-003  0.101380E-003  0.101380E-003  0.607192E-004
  0.108392E+001  0.125290E+001  0.169809E-003  0.103899E-003  0.103899E-003  0.635692E-004
  0.108631E+001  0.125729E+001  0.166407E-003  0.104028E-003  0.104028E-003  0.650298E-004
  0.108869E+001  0.126169E+001  0.167278E-003  0.106845E-003  0.106845E-003  0.682425E-004
  0.109108E+001  0.126608E+001  0.165194E-003  0.107837E-003  0.107837E-003  0.703932E-004
  0.109346E+001  0.127048E+001  0.163295E-003  0.108967E-003  0.108967E-003  0.727126E-004
  0.109583E+001  0.127488E+001  0.160520E-003  0.109537E-003  0.109537E-003  0.747443E-004
  0.109821E+001  0.127928E+001  0.158566E-003  0.110734E-003  0.110734E-003  0.773284E-004
  0.110058E+001  0.128368E+001  0.156448E-003  0.111913E-003  0.111913E-003  0.800529E-004
  0.110295E+001  0.128808E+001  0.154901E-003  0.113683E-003  0.113683E-003  0.834291E-004
  0.110533E+001  0.129248E+001  0.151461E-003  0.114353E-003  0.114353E-003  0.863315E-004
  0.110771E+001  0.129688E+001  0.147885E-003  0.115383E-003  0.115383E-003  0.900177E-004
  0.111009E+001  0.130127E+001  0.140521E-003  0.114275E-003  0.114275E-003  0.929209E-004
  0.111251E+001  0.130565E+001  0.125670E-003  0.108556E-003  0.108556E-003  0.937548E-004
  0.111500E+001  0.130999E+001  0.927337E-004  0.886729E-004  0.886729E-004  0.847562E-004
  0.111763E+001  0.131424E+001  0.476754E-004  0.536521E-004  0.536521E-004  0.603257E-004
  0.112040E+001  0.131840E+001  0.215774E-004  0.293214E-004  0.293214E-004  0.397866E-004
  0.112324E+001  0.132252E+001  0.110317E-004  0.178589E-004  0.178589E-004  0.288541E-004
  0.112611E+001  0.132661E+001  0.640618E-005  0.121300E-004  0.121300E-004  0.229128E-004
  0.112899E+001  0.133070E+001  0.400157E-005  0.874824E-005  0.874824E-005  0.190710E-004
  0.113188E+001  0.133478E+001  0.264436E-005  0.662975E-005  0.662975E-005  0.165667E-004
  0.113478E+001  0.133885E+001  0.177572E-005  0.509777E-005  0.509777E-005  0.145778E-004
  0.113769E+001  0.134292E+001  0.120939E-005  0.398760E-005  0.398760E-005  0.130870E-004
  0.114060E+001  0.134699E+001  0.818206E-006  0.312082E-005  0.312082E-005  0.118357E-004
  0.114351E+001  0.135105E+001  0.545138E-006  0.243529E-005  0.243529E-005  0.108002E-004
  0.114643E+001  0.135511E+001  0.351512E-006  0.187610E-005  0.187610E-005  0.991625E-005
  0.114935E+001  0.135917E+001  0.214323E-006  0.140800E-005  0.140800E-005  0.912163E-005
  0.115227E+001  0.136322E+001  0.119738E-006  0.101554E-005  0.101554E-005  0.842485E-005
  0.115520E+001  0.136728E+001  0.570912E-007  0.681567E-006  0.681567E-006  0.780754E-005
  0.115813E+001  0.137133E+001  0.192781E-007  0.394072E-006  0.394072E-006  0.723461E-005
  0.116106E+001  0.137538E+001  0.121888E-008  0.147722E-006  0.147722E-006  0.676114E-005
  0.116400E+001  0.137942E+001  0.112256E-008  0.677738E-007  0.677738E-007  0.623486E-005
  0.116694E+001  0.138347E+001  0.932755E-008  0.253049E-006  0.253049E-006  0.578675E-005
  0.116988E+001  0.138751E+001  0.301559E-007  0.413597E-006  0.413597E-006  0.538041E-005
  0.117282E+001  0.139155E+001  0.594508E-007  0.552464E-006  0.552464E-006  0.500304E-005
  0.117577E+001  0.139559E+001  0.958234E-007  0.672820E-006  0.672820E-006  0.465197E-005
  0.117872E+001  0.139963E+001  0.137863E-006  0.776056E-006  0.776056E-006  0.432362E-005
  0.118167E+001  0.140367E+001  0.184385E-006  0.863574E-006  0.863574E-006  0.401432E-005
  0.118462E+001  0.140770E+001  0.234675E-006  0.937975E-006  0.937975E-006  0.372745E-005
  0.118758E+001  0.141174E+001  0.288150E-006  0.100067E-005  0.100067E-005  0.345908E-005
  0.119053E+001  0.141577E+001  0.345947E-006  0.105895E-005  0.105895E-005  0.322916E-005
  0.119349E+001  0.141980E+001  0.402818E-006  0.109826E-005  0.109826E-005  0.298463E-005
  0.119645E+001  0.142383E+001  0.463244E-006  0.113470E-005  0.113470E-005  0.277160E-005
  0.119942E+001  0.142786E+001  0.520347E-006  0.115276E-005  0.115276E-005  0.254736E-005
  0.120238E+001  0.143188E+001  0.580745E-006  0.117066E-005  0.117066E-005  0.235441E-005
  0.120535E+001  0.143591E+001  0.641632E-006  0.118208E-005  0.118208E-005  0.217317E-005
  0.120832E+001  0.143993E+001  0.706843E-006  0.119482E-005  0.119482E-005  0.201575E-005
  0.121128E+001  0.144395E+001  0.763083E-006  0.118772E-005  0.118772E-005  0.184524E-005
  0.121426E+001  0.144798E+001  0.823531E-006  0.118283E-005  0.118283E-005  0.169588E-005
  0.121723E+001  0.145200E+001  0.882700E-006  0.117286E-005  0.117286E-005  0.155574E-005
  0.122020E+001  0.145602E+001  0.944901E-006  0.116360E-005  0.116360E-005  0.143054E-005
  0.122318E+001  0.146003E+001  0.100764E-005  0.115142E-005  0.115142E-005  0.131358E-005
  0.122615E+001  0.146405E+001  0.105694E-005  0.112228E-005  0.112228E-005  0.118971E-005
  0.122913E+001  0.146807E+001  0.111321E-005  0.109901E-005  0.109901E-005  0.108321E-005
  0.123211E+001  0.147208E+001  0.116917E-005  0.107380E-005  0.107380E-005  0.984573E-006
  0.123509E+001  0.147610E+001  0.122095E-005  0.104349E-005  0.104349E-005  0.890324E-006
  0.123807E+001  0.148011E+001  0.127301E-005  0.101248E-005  0.101248E-005  0.803868E-006
  0.124105E+001  0.148413E+001  0.133650E-005  0.988970E-006  0.988970E-006  0.730505E-006
  0.124404E+001  0.148814E+001  0.137382E-005  0.945127E-006  0.945127E-006  0.648983E-006
  0.124702E+001  0.149215E+001  0.142350E-005  0.909989E-006  0.909989E-006  0.580571E-006
  0.125001E+001  0.149616E+001  0.147024E-005  0.872212E-006  0.872212E-006  0.516349E-006
  0.125299E+001  0.150017E+001  0.151856E-005  0.835106E-006  0.835106E-006  0.458222E-006
  0.125598E+001  0.150418E+001  0.155916E-005  0.793284E-006  0.793284E-006  0.402636E-006
  0.125897E+001  0.150819E+001  0.160112E-005  0.752124E-006  0.752124E-006  0.352376E-006
  0.126196E+001  0.151220E+001  0.164278E-005  0.710704E-006  0.710704E-006  0.306574E-006
  0.126495E+001  0.151620E+001  0.168644E-005  0.669924E-006  0.669924E-006  0.265265E-006
  0.126794E+001  0.152021E+001  0.172036E-005  0.625276E-006  0.625276E-006  0.226438E-006
  0.127093E+001  0.152422E+001  0.175994E-005  0.582777E-006  0.582777E-006  0.192185E-006
  0.127392E+001  0.152822E+001  0.179277E-005  0.538115E-006  0.538115E-006  0.160754E-006
  0.127692E+001  0.153223E+001  0.183018E-005  0.494738E-006  0.494738E-006  0.132997E-006
  0.127991E+001  0.153623E+001  0.186394E-005  0.450568E-006  0.450568E-006  0.108196E-006
  0.128290E+001  0.154024E+001  0.189845E-005  0.406632E-006  0.406632E-006  0.863984E-007
  0.128590E+001  0.154424E+001  0.192757E-005  0.361500E-006  0.361500E-006  0.671168E-007
  0.128889E+001  0.154825E+001  0.196208E-005  0.317641E-006  0.317641E-006  0.507599E-007
  0.129189E+001  0.155225E+001  0.197956E-005  0.271191E-006  0.271191E-006  0.365049E-007
  0.129488E+001  0.155625E+001  0.200737E-005  0.226768E-006  0.226768E-006  0.249846E-007
  0.129788E+001  0.156026E+001  0.203717E-005  0.182511E-006  0.182511E-006  0.157315E-007
  0.130088E+001  0.156426E+001  0.205578E-005  0.137523E-006  0.137523E-006  0.859210E-008
  0.130387E+001  0.156826E+001  0.208638E-005  0.937008E-007  0.937008E-007  0.361156E-008
  0.130687E+001  0.157226E+001  0.210099E-005  0.492594E-007  0.492594E-007  0.568505E-009
  0.130987E+001  0.157626E+001  0.212526E-005  0.539241E-008  0.539241E-008  0.563386E-009
  0.131287E+001  0.158027E+001  0.214297E-005  0.382540E-007  0.382540E-007  0.114382E-009
  0.131587E+001  0.158427E+001  0.216185E-005  0.816138E-007  0.816138E-007  0.252046E-008
  0.131886E+001  0.158827E+001  0.219540E-005  0.125426E-006  0.125426E-006  0.661237E-008
  0.132186E+001  0.159227E+001  0.220394E-005  0.167827E-006  0.167827E-006  0.122330E-007
  0.132486E+001  0.159627E+001  0.221539E-005  0.209939E-006  0.209939E-006  0.193539E-007
  0.132786E+001  0.160027E+001  0.222874E-005  0.251851E-006  0.251851E-006  0.279244E-007
  0.133086E+001  0.160427E+001  0.224330E-005  0.293612E-006  0.293612E-006  0.378992E-007
  0.133386E+001  0.160827E+001  0.225863E-005  0.335258E-006  0.335258E-006  0.492382E-007
  0.133686E+001  0.161227E+001  0.227456E-005  0.376827E-006  0.376827E-006  0.619078E-007
  0.133986E+001  0.161627E+001  0.229107E-005  0.418378E-006  0.418378E-006  0.758834E-007
  0.134286E+001  0.162027E+001  0.230836E-005  0.460002E-006  0.460002E-006  0.911538E-007
  0.134586E+001  0.162427E+001  0.232679E-005  0.501845E-006  0.501845E-006  0.107727E-006
  0.134886E+001  0.162828E+001  0.231563E-005  0.536857E-006  0.536857E-006  0.123957E-006
  0.135185E+001  0.163228E+001  0.234583E-005  0.581099E-006  0.581099E-006  0.143442E-006
  0.135485E+001  0.163628E+001  0.234546E-005  0.617861E-006  0.617861E-006  0.162258E-006
  0.135785E+001  0.164028E+001  0.234652E-005  0.654530E-006  0.654530E-006  0.182071E-006
  0.136085E+001  0.164428E+001  0.235011E-005  0.691528E-006  0.691528E-006  0.202984E-006
  0.136385E+001  0.164828E+001  0.235786E-005  0.729497E-006  0.729497E-006  0.225199E-006
  0.136685E+001  0.165228E+001  0.237203E-005  0.769379E-006  0.769379E-006  0.249054E-006
  0.136984E+001  0.165628E+001  0.237193E-005  0.804352E-006  0.804352E-006  0.272269E-006
  0.137284E+001  0.166029E+001  0.239069E-005  0.845758E-006  0.845758E-006  0.298707E-006
  0.137584E+001  0.166429E+001  0.238219E-005  0.877337E-006  0.877337E-006  0.322617E-006
  0.137884E+001  0.166829E+001  0.238977E-005  0.914506E-006  0.914506E-006  0.349462E-006
  0.138183E+001  0.167229E+001  0.239150E-005  0.949166E-006  0.949166E-006  0.376219E-006
  0.138483E+001  0.167629E+001  0.240209E-005  0.987357E-006  0.987357E-006  0.405346E-006
  0.138783E+001  0.168030E+001  0.240277E-005  0.102137E-005  0.102137E-005  0.433668E-006
  0.139082E+001  0.168430E+001  0.240163E-005  0.105426E-005  0.105426E-005  0.462295E-006
  0.139382E+001  0.168831E+001  0.240496E-005  0.108902E-005  0.108902E-005  0.492636E-006
  0.139681E+001  0.169231E+001  0.240738E-005  0.112314E-005  0.112314E-005  0.523487E-006
  0.139980E+001  0.169631E+001  0.241011E-005  0.115727E-005  0.115727E-005  0.555190E-006
  0.140280E+001  0.170032E+001  0.241363E-005  0.119180E-005  0.119180E-005  0.587984E-006
  0.140579E+001  0.170432E+001  0.241825E-005  0.122671E-005  0.122671E-005  0.621770E-006
  0.140878E+001  0.170833E+001  0.241757E-005  0.125883E-005  0.125883E-005  0.654970E-006
  0.141177E+001  0.171234E+001  0.243561E-005  0.130079E-005  0.130079E-005  0.694210E-006
  0.141476E+001  0.171634E+001  0.242079E-005  0.132512E-005  0.132512E-005  0.724851E-006
  0.141775E+001  0.172035E+001  0.242904E-005  0.136187E-005  0.136187E-005  0.763041E-006
  0.142074E+001  0.172436E+001  0.243560E-005  0.139777E-005  0.139777E-005  0.801656E-006
  0.142373E+001  0.172837E+001  0.243673E-005  0.143056E-005  0.143056E-005  0.839336E-006
  0.142672E+001  0.173238E+001  0.243199E-005  0.145977E-005  0.145977E-005  0.875688E-006
  0.142971E+001  0.173638E+001  0.243220E-005  0.149182E-005  0.149182E-005  0.914503E-006
  0.143270E+001  0.174039E+001  0.245370E-005  0.153715E-005  0.153715E-005  0.962434E-006
  0.143568E+001  0.174441E+001  0.242970E-005  0.155378E-005  0.155378E-005  0.993104E-006
  0.143867E+001  0.174842E+001  0.242438E-005  0.158204E-005  0.158204E-005  0.103183E-005
  0.144165E+001  0.175243E+001  0.242239E-005  0.161223E-005  0.161223E-005  0.107248E-005
  0.144463E+001  0.175644E+001  0.242286E-005  0.164401E-005  0.164401E-005  0.111498E-005
  0.144761E+001  0.176046E+001  0.245073E-005  0.169472E-005  0.169472E-005  0.117139E-005
  0.145060E+001  0.176447E+001  0.242919E-005  0.171146E-005  0.171146E-005  0.120524E-005
  0.145358E+001  0.176848E+001  0.244815E-005  0.175657E-005  0.175657E-005  0.125980E-005
  0.145655E+001  0.177250E+001  0.243007E-005  0.177502E-005  0.177502E-005  0.129599E-005
  0.145953E+001  0.177652E+001  0.243176E-005  0.180781E-005  0.180781E-005  0.134339E-005
  0.146251E+001  0.178053E+001  0.242693E-005  0.183573E-005  0.183573E-005  0.138799E-005
  0.146548E+001  0.178455E+001  0.242519E-005  0.186582E-005  0.186582E-005  0.143490E-005
  0.146846E+001  0.178857E+001  0.242116E-005  0.189421E-005  0.189421E-005  0.148137E-005
  0.147143E+001  0.179259E+001  0.242130E-005  0.192574E-005  0.192574E-005  0.153103E-005
  0.147440E+001  0.179661E+001  0.242430E-005  0.195963E-005  0.195963E-005  0.158344E-005
  0.147738E+001  0.180063E+001  0.244273E-005  0.200642E-005  0.200642E-005  0.164746E-005
  0.148034E+001  0.180466E+001  0.244538E-005  0.204037E-005  0.204037E-005  0.170184E-005
  0.148331E+001  0.180868E+001  0.242322E-005  0.205353E-005  0.205353E-005  0.173964E-005
  0.148628E+001  0.181270E+001  0.242445E-005  0.208630E-005  0.208630E-005  0.179471E-005
  0.148925E+001  0.181673E+001  0.242987E-005  0.212283E-005  0.212283E-005  0.185398E-005
  0.149221E+001  0.182076E+001  0.241971E-005  0.214566E-005  0.214566E-005  0.190203E-005
  0.149517E+001  0.182478E+001  0.242046E-005  0.217811E-005  0.217811E-005  0.195941E-005
  0.149813E+001  0.182881E+001  0.241914E-005  0.220879E-005  0.220879E-005  0.201610E-005
  0.150109E+001  0.183284E+001  0.241958E-005  0.224114E-005  0.224114E-005  0.207523E-005
  0.150405E+001  0.183688E+001  0.242637E-005  0.227956E-005  0.227956E-005  0.214100E-005
  0.150701E+001  0.184091E+001  0.242149E-005  0.230715E-005  0.230715E-005  0.219757E-005
  0.150996E+001  0.184494E+001  0.242100E-005  0.233885E-005  0.233885E-005  0.225882E-005
  0.151291E+001  0.184898E+001  0.244562E-005  0.239522E-005  0.239522E-005  0.234519E-005
  0.151587E+001  0.185301E+001  0.243839E-005  0.242085E-005  0.242085E-005  0.240276E-005
  0.151882E+001  0.185705E+001  0.243239E-005  0.244754E-005  0.244754E-005  0.246210E-005
  0.152176E+001  0.186109E+001  0.243304E-005  0.248085E-005  0.248085E-005  0.252891E-005
  0.152471E+001  0.186513E+001  0.242585E-005  0.250631E-005  0.250631E-005  0.258875E-005
  0.152765E+001  0.186917E+001  0.243217E-005  0.254574E-005  0.254574E-005  0.266391E-005
  0.153059E+001  0.187321E+001  0.243417E-005  0.258087E-005  0.258087E-005  0.273572E-005
  0.153354E+001  0.187726E+001  0.243262E-005  0.261251E-005  0.261251E-005  0.280499E-005
  0.153647E+001  0.188130E+001  0.243413E-005  0.264735E-005  0.264735E-005  0.287852E-005
  0.153941E+001  0.188535E+001  0.243441E-005  0.268112E-005  0.268112E-005  0.295210E-005
  0.154234E+001  0.188940E+001  0.244984E-005  0.273182E-005  0.273182E-005  0.304552E-005
  0.154528E+001  0.189345E+001  0.244267E-005  0.275771E-005  0.275771E-005  0.311262E-005
  0.154821E+001  0.189750E+001  0.245002E-005  0.280001E-005  0.280001E-005  0.319925E-005
  0.155113E+001  0.190155E+001  0.244471E-005  0.282793E-005  0.282793E-005  0.327046E-005
  0.155406E+001  0.190561E+001  0.244723E-005  0.286513E-005  0.286513E-005  0.335363E-005
  0.155698E+001  0.190966E+001  0.245183E-005  0.290492E-005  0.290492E-005  0.344096E-005
  0.155990E+001  0.191372E+001  0.245369E-005  0.294172E-005  0.294172E-005  0.352602E-005
  0.156282E+001  0.191778E+001  0.245835E-005  0.298213E-005  0.298213E-005  0.361670E-005
  0.156574E+001  0.192184E+001  0.248429E-005  0.304895E-005  0.304895E-005  0.374115E-005
  0.156865E+001  0.192591E+001  0.246541E-005  0.306094E-005  0.306094E-005  0.379951E-005
  0.157156E+001  0.192997E+001  0.247094E-005  0.310323E-005  0.310323E-005  0.389647E-005
  0.157447E+001  0.193404E+001  0.247492E-005  0.314388E-005  0.314388E-005  0.399280E-005
  0.157737E+001  0.193811E+001  0.248774E-005  0.319605E-005  0.319605E-005  0.410519E-005
  0.158028E+001  0.194218E+001  0.248840E-005  0.323312E-005  0.323312E-005  0.419987E-005
  0.158318E+001  0.194625E+001  0.250198E-005  0.328726E-005  0.328726E-005  0.431813E-005
  0.158607E+001  0.195033E+001  0.250859E-005  0.333259E-005  0.333259E-005  0.442638E-005
  0.158897E+001  0.195441E+001  0.250103E-005  0.335943E-005  0.335943E-005  0.451155E-005
  0.159186E+001  0.195848E+001  0.250779E-005  0.340556E-005  0.340556E-005  0.462382E-005
  0.159475E+001  0.196257E+001  0.251285E-005  0.344976E-005  0.344976E-005  0.473508E-005
  0.159763E+001  0.196665E+001  0.253201E-005  0.351376E-005  0.351376E-005  0.487523E-005
  0.160052E+001  0.197073E+001  0.254012E-005  0.356318E-005  0.356318E-005  0.499733E-005
