  0.914945E+000  0.824451E-001  0.111979E-003  0.289473E-003  0.289473E-003  0.748311E-003
  0.914945E+000  0.824451E-001  0.111979E-003  0.289473E-003  0.289473E-003  0.748311E-003
  0.914480E+000  0.874234E-001  0.121975E-003  0.296121E-003  0.296121E-003  0.718898E-003
  0.913996E+000  0.924000E-001  0.132236E-003  0.302377E-003  0.302377E-003  0.691432E-003
  0.913495E+000  0.973748E-001  0.143615E-003  0.310152E-003  0.310152E-003  0.669805E-003
  0.912977E+000  0.102348E+000  0.155335E-003  0.317545E-003  0.317545E-003  0.649146E-003
  0.912444E+000  0.107319E+000  0.168377E-003  0.326512E-003  0.326512E-003  0.633163E-003
  0.911898E+000  0.112290E+000  0.182286E-003  0.335974E-003  0.335974E-003  0.619241E-003
  0.911338E+000  0.117258E+000  0.196793E-003  0.345293E-003  0.345293E-003  0.605852E-003
  0.910766E+000  0.122225E+000  0.212917E-003  0.356177E-003  0.356177E-003  0.595830E-003
  0.910184E+000  0.127191E+000  0.230030E-003  0.367400E-003  0.367400E-003  0.586803E-003
  0.909592E+000  0.132156E+000  0.248764E-003  0.379808E-003  0.379808E-003  0.579886E-003
  0.908991E+000  0.137120E+000  0.269027E-003  0.393073E-003  0.393073E-003  0.574316E-003
  0.908383E+000  0.142083E+000  0.291398E-003  0.407872E-003  0.407872E-003  0.570903E-003
  0.907767E+000  0.147045E+000  0.315520E-003  0.423434E-003  0.423434E-003  0.568258E-003
  0.907147E+000  0.152006E+000  0.341544E-003  0.439886E-003  0.439886E-003  0.566544E-003
  0.906521E+000  0.156967E+000  0.369990E-003  0.457626E-003  0.457626E-003  0.566021E-003
  0.905892E+000  0.161927E+000  0.401559E-003  0.477333E-003  0.477333E-003  0.567406E-003
  0.905260E+000  0.166887E+000  0.436483E-003  0.498953E-003  0.498953E-003  0.570364E-003
  0.904625E+000  0.171846E+000  0.474768E-003  0.522174E-003  0.522174E-003  0.574313E-003
  0.903990E+000  0.176806E+000  0.516390E-003  0.546772E-003  0.546772E-003  0.578943E-003
  0.903355E+000  0.181765E+000  0.562684E-003  0.573849E-003  0.573849E-003  0.585236E-003
  0.902721E+000  0.186725E+000  0.613954E-003  0.603345E-003  0.603345E-003  0.592921E-003
  0.902088E+000  0.191685E+000  0.672113E-003  0.636683E-003  0.636683E-003  0.603120E-003
  0.901459E+000  0.196645E+000  0.735823E-003  0.672194E-003  0.672194E-003  0.614067E-003
  0.900833E+000  0.201606E+000  0.808107E-003  0.712127E-003  0.712127E-003  0.627547E-003
  0.900211E+000  0.206567E+000  0.887916E-003  0.754995E-003  0.754995E-003  0.641974E-003
  0.899595E+000  0.211529E+000  0.979788E-003  0.804117E-003  0.804117E-003  0.659944E-003
  0.898986E+000  0.216492E+000  0.108256E-002  0.857773E-003  0.857773E-003  0.679665E-003
  0.898385E+000  0.221455E+000  0.119915E-002  0.917570E-003  0.917570E-003  0.702113E-003
  0.897793E+000  0.226420E+000  0.133315E-002  0.985352E-003  0.985352E-003  0.728291E-003
  0.897211E+000  0.231386E+000  0.148829E-002  0.106276E-002  0.106276E-002  0.758901E-003
  0.896640E+000  0.236353E+000  0.166485E-002  0.114879E-002  0.114879E-002  0.792690E-003
  0.896082E+000  0.241322E+000  0.187203E-002  0.124849E-002  0.124849E-002  0.832639E-003
  0.895538E+000  0.246293E+000  0.211408E-002  0.136295E-002  0.136295E-002  0.878700E-003
  0.895010E+000  0.251265E+000  0.240045E-002  0.149635E-002  0.149635E-002  0.932768E-003
  0.894500E+000  0.256239E+000  0.274624E-002  0.165563E-002  0.165563E-002  0.998132E-003
  0.894009E+000  0.261214E+000  0.315620E-002  0.184059E-002  0.184059E-002  0.107337E-002
  0.893539E+000  0.266192E+000  0.365770E-002  0.206374E-002  0.206374E-002  0.116440E-002
  0.893094E+000  0.271172E+000  0.428878E-002  0.234200E-002  0.234200E-002  0.127891E-002
  0.892674E+000  0.276155E+000  0.506301E-002  0.267640E-002  0.267640E-002  0.141479E-002
  0.892284E+000  0.281139E+000  0.607497E-002  0.310991E-002  0.310991E-002  0.159204E-002
  0.891926E+000  0.286127E+000  0.743223E-002  0.368589E-002  0.368589E-002  0.182796E-002
  0.891603E+000  0.291116E+000  0.926427E-002  0.445262E-002  0.445262E-002  0.214003E-002
  0.891320E+000  0.296108E+000  0.119448E-001  0.556682E-002  0.556682E-002  0.259439E-002
  0.891080E+000  0.301102E+000  0.160893E-001  0.727470E-002  0.727470E-002  0.328923E-002
  0.890888E+000  0.306099E+000  0.233654E-001  0.102563E-001  0.102563E-001  0.450206E-002
  0.890749E+000  0.311097E+000  0.406588E-001  0.173411E-001  0.173411E-001  0.739602E-002
  0.890667E+000  0.316096E+000  0.948387E-001  0.393267E-001  0.393267E-001  0.163075E-001
  0.890649E+000  0.321096E+000  0.531786E+000  0.214482E+000  0.214482E+000  0.865057E-001
  0.890699E+000  0.326096E+000  0.696375E-001  0.273841E-001  0.273841E-001  0.107684E-001
  0.890823E+000  0.331094E+000  0.405974E-001  0.155751E-001  0.155751E-001  0.597536E-002
  0.891027E+000  0.336090E+000  0.301384E-001  0.112943E-001  0.112943E-001  0.423254E-002
  0.891314E+000  0.341082E+000  0.243454E-001  0.892557E-002  0.892557E-002  0.327231E-002
  0.891689E+000  0.346068E+000  0.209882E-001  0.753943E-002  0.753943E-002  0.270833E-002
  0.892154E+000  0.351046E+000  0.187817E-001  0.662164E-002  0.662164E-002  0.233451E-002
  0.892712E+000  0.356015E+000  0.172071E-001  0.596389E-002  0.596389E-002  0.206706E-002
  0.893363E+000  0.360972E+000  0.160598E-001  0.548159E-002  0.548159E-002  0.187100E-002
  0.894105E+000  0.365917E+000  0.151861E-001  0.511346E-002  0.511346E-002  0.172180E-002
  0.894937E+000  0.370847E+000  0.145079E-001  0.482734E-002  0.482734E-002  0.160624E-002
  0.895855E+000  0.375762E+000  0.139674E-001  0.460010E-002  0.460010E-002  0.151503E-002
  0.896856E+000  0.380661E+000  0.135279E-001  0.441679E-002  0.441679E-002  0.144206E-002
  0.897934E+000  0.385544E+000  0.131577E-001  0.426498E-002  0.426498E-002  0.138247E-002
  0.899085E+000  0.390409E+000  0.128507E-001  0.414109E-002  0.414109E-002  0.133445E-002
  0.900303E+000  0.395259E+000  0.125781E-001  0.403452E-002  0.403452E-002  0.129410E-002
  0.901584E+000  0.400092E+000  0.123432E-001  0.394533E-002  0.394533E-002  0.126107E-002
  0.902922E+000  0.404909E+000  0.121339E-001  0.386886E-002  0.386886E-002  0.123357E-002
  0.904314E+000  0.409712E+000  0.119447E-001  0.380256E-002  0.380256E-002  0.121054E-002
  0.905754E+000  0.414500E+000  0.117726E-001  0.374502E-002  0.374502E-002  0.119134E-002
  0.907239E+000  0.419274E+000  0.116146E-001  0.369468E-002  0.369468E-002  0.117531E-002
  0.908766E+000  0.424035E+000  0.114637E-001  0.364900E-002  0.364900E-002  0.116151E-002
  0.910331E+000  0.428784E+000  0.113242E-001  0.360893E-002  0.360893E-002  0.115014E-002
  0.911931E+000  0.433521E+000  0.111916E-001  0.357279E-002  0.357279E-002  0.114057E-002
  0.913564E+000  0.438247E+000  0.110667E-001  0.354057E-002  0.354057E-002  0.113273E-002
  0.915227E+000  0.442962E+000  0.109462E-001  0.351097E-002  0.351097E-002  0.112613E-002
  0.916918E+000  0.447668E+000  0.108275E-001  0.348298E-002  0.348298E-002  0.112040E-002
  0.918636E+000  0.452363E+000  0.107170E-001  0.345849E-002  0.345849E-002  0.111610E-002
  0.920378E+000  0.457050E+000  0.106062E-001  0.343465E-002  0.343465E-002  0.111226E-002
  0.922144E+000  0.461728E+000  0.105006E-001  0.341310E-002  0.341310E-002  0.110939E-002
  0.923931E+000  0.466397E+000  0.103974E-001  0.339284E-002  0.339284E-002  0.110713E-002
  0.925739E+000  0.471059E+000  0.102985E-001  0.337437E-002  0.337437E-002  0.110563E-002
  0.927567E+000  0.475713E+000  0.101994E-001  0.335615E-002  0.335615E-002  0.110436E-002
  0.929414E+000  0.480360E+000  0.101032E-001  0.333917E-002  0.333917E-002  0.110361E-002
  0.931278E+000  0.484999E+000  0.100101E-001  0.332336E-002  0.332336E-002  0.110336E-002
  0.933159E+000  0.489632E+000  0.991811E-002  0.330809E-002  0.330809E-002  0.110338E-002
  0.935056E+000  0.494258E+000  0.982825E-002  0.329361E-002  0.329361E-002  0.110374E-002
  0.936968E+000  0.498878E+000  0.973861E-002  0.327924E-002  0.327924E-002  0.110420E-002
  0.938895E+000  0.503491E+000  0.965176E-002  0.326583E-002  0.326583E-002  0.110504E-002
  0.940837E+000  0.508099E+000  0.956734E-002  0.325322E-002  0.325322E-002  0.110621E-002
  0.942792E+000  0.512701E+000  0.948287E-002  0.324055E-002  0.324055E-002  0.110738E-002
  0.944760E+000  0.517297E+000  0.940019E-002  0.322841E-002  0.322841E-002  0.110877E-002
  0.946741E+000  0.521888E+000  0.931925E-002  0.321678E-002  0.321678E-002  0.111035E-002
  0.948735E+000  0.526474E+000  0.923962E-002  0.320550E-002  0.320550E-002  0.111208E-002
  0.950740E+000  0.531054E+000  0.916092E-002  0.319440E-002  0.319440E-002  0.111388E-002
  0.952757E+000  0.535629E+000  0.908402E-002  0.318379E-002  0.318379E-002  0.111586E-002
  0.954785E+000  0.540199E+000  0.900814E-002  0.317338E-002  0.317338E-002  0.111792E-002
  0.956824E+000  0.544765E+000  0.893285E-002  0.316302E-002  0.316302E-002  0.111999E-002
  0.958873E+000  0.549325E+000  0.885905E-002  0.315301E-002  0.315301E-002  0.112218E-002
  0.960933E+000  0.553881E+000  0.878655E-002  0.314328E-002  0.314328E-002  0.112447E-002
  0.963003E+000  0.558433E+000  0.871497E-002  0.313369E-002  0.313369E-002  0.112680E-002
  0.965082E+000  0.562980E+000  0.864462E-002  0.312435E-002  0.312435E-002  0.112920E-002
  0.967171E+000  0.567523E+000  0.857553E-002  0.311526E-002  0.311526E-002  0.113169E-002
  0.969269E+000  0.572061E+000  0.850730E-002  0.310629E-002  0.310629E-002  0.113421E-002
  0.971377E+000  0.576595E+000  0.843899E-002  0.309708E-002  0.309708E-002  0.113662E-002
  0.973493E+000  0.581125E+000  0.837222E-002  0.308822E-002  0.308822E-002  0.113914E-002
  0.975618E+000  0.585651E+000  0.830716E-002  0.307978E-002  0.307978E-002  0.114179E-002
  0.977751E+000  0.590173E+000  0.824195E-002  0.307108E-002  0.307108E-002  0.114433E-002
  0.979892E+000  0.594692E+000  0.817884E-002  0.306293E-002  0.306293E-002  0.114705E-002
  0.982042E+000  0.599206E+000  0.811477E-002  0.305422E-002  0.305422E-002  0.114954E-002
  0.984199E+000  0.603717E+000  0.805349E-002  0.304634E-002  0.304634E-002  0.115232E-002
  0.986364E+000  0.608224E+000  0.799304E-002  0.303855E-002  0.303855E-002  0.115511E-002
  0.988537E+000  0.612727E+000  0.793108E-002  0.302999E-002  0.302999E-002  0.115757E-002
  0.990717E+000  0.617226E+000  0.787106E-002  0.302193E-002  0.302193E-002  0.116021E-002
  0.992905E+000  0.621723E+000  0.781197E-002  0.301403E-002  0.301403E-002  0.116288E-002
  0.995099E+000  0.626215E+000  0.775406E-002  0.300636E-002  0.300636E-002  0.116561E-002
  0.997301E+000  0.630704E+000  0.769648E-002  0.299861E-002  0.299861E-002  0.116828E-002
  0.999509E+000  0.635190E+000  0.763979E-002  0.299098E-002  0.299098E-002  0.117097E-002
  0.100172E+001  0.639673E+000  0.765119E-002  0.300991E-002  0.300991E-002  0.118407E-002
  0.100395E+001  0.644152E+000  0.757031E-002  0.299248E-002  0.299248E-002  0.118291E-002
  0.100617E+001  0.648628E+000  0.753586E-002  0.299309E-002  0.299309E-002  0.118879E-002
  0.100841E+001  0.653101E+000  0.742143E-002  0.296173E-002  0.296173E-002  0.118196E-002
  0.101065E+001  0.657571E+000  0.736652E-002  0.295376E-002  0.295376E-002  0.118437E-002
  0.101290E+001  0.662037E+000  0.734093E-002  0.295742E-002  0.295742E-002  0.119144E-002
  0.101515E+001  0.666501E+000  0.726180E-002  0.293926E-002  0.293926E-002  0.118969E-002
  0.101741E+001  0.670962E+000  0.721145E-002  0.293253E-002  0.293253E-002  0.119251E-002
  0.101967E+001  0.675419E+000  0.720041E-002  0.294164E-002  0.294164E-002  0.120177E-002
  0.102194E+001  0.679874E+000  0.716491E-002  0.294068E-002  0.294068E-002  0.120693E-002
  0.102422E+001  0.684326E+000  0.706114E-002  0.291146E-002  0.291146E-002  0.120045E-002
  0.102650E+001  0.688775E+000  0.702590E-002  0.291019E-002  0.291019E-002  0.120543E-002
  0.102879E+001  0.693221E+000  0.696328E-002  0.289741E-002  0.289741E-002  0.120561E-002
  0.103108E+001  0.697665E+000  0.692604E-002  0.289498E-002  0.289498E-002  0.121006E-002
  0.103338E+001  0.702105E+000  0.686781E-002  0.288361E-002  0.288361E-002  0.121075E-002
  0.103568E+001  0.706543E+000  0.683359E-002  0.288211E-002  0.288211E-002  0.121555E-002
  0.103799E+001  0.710979E+000  0.677472E-002  0.287006E-002  0.287006E-002  0.121588E-002
  0.104030E+001  0.715412E+000  0.676088E-002  0.287691E-002  0.287691E-002  0.122419E-002
  0.104262E+001  0.719842E+000  0.668764E-002  0.285835E-002  0.285835E-002  0.122168E-002
  0.104494E+001  0.724270E+000  0.668257E-002  0.286874E-002  0.286874E-002  0.123151E-002
  0.104727E+001  0.728695E+000  0.660045E-002  0.284591E-002  0.284591E-002  0.122707E-002
  0.104960E+001  0.733118E+000  0.658761E-002  0.285275E-002  0.285275E-002  0.123537E-002
  0.105194E+001  0.737538E+000  0.650753E-002  0.283031E-002  0.283031E-002  0.123098E-002
  0.105428E+001  0.741956E+000  0.647297E-002  0.282742E-002  0.282742E-002  0.123503E-002
  0.105663E+001  0.746372E+000  0.643002E-002  0.282075E-002  0.282075E-002  0.123742E-002
  0.105898E+001  0.750785E+000  0.638722E-002  0.281395E-002  0.281395E-002  0.123971E-002
  0.106133E+001  0.755196E+000  0.635401E-002  0.281121E-002  0.281121E-002  0.124377E-002
  0.106369E+001  0.759604E+000  0.629954E-002  0.279892E-002  0.279892E-002  0.124358E-002
  0.106605E+001  0.764011E+000  0.629898E-002  0.281046E-002  0.281046E-002  0.125396E-002
  0.106842E+001  0.768415E+000  0.622014E-002  0.278694E-002  0.278694E-002  0.124869E-002
  0.107079E+001  0.772817E+000  0.619012E-002  0.278506E-002  0.278506E-002  0.125306E-002
  0.107317E+001  0.777217E+000  0.614638E-002  0.277690E-002  0.277690E-002  0.125459E-002
  0.107555E+001  0.781614E+000  0.612266E-002  0.277764E-002  0.277764E-002  0.126012E-002
  0.107793E+001  0.786010E+000  0.605887E-002  0.276001E-002  0.276001E-002  0.125727E-002
  0.108032E+001  0.790404E+000  0.604278E-002  0.276399E-002  0.276399E-002  0.126426E-002
  0.108271E+001  0.794795E+000  0.600152E-002  0.275632E-002  0.275632E-002  0.126590E-002
  0.108510E+001  0.799185E+000  0.594887E-002  0.274322E-002  0.274322E-002  0.126499E-002
  0.108750E+001  0.803572E+000  0.590974E-002  0.273622E-002  0.273622E-002  0.126688E-002
  0.108990E+001  0.807958E+000  0.587170E-002  0.272956E-002  0.272956E-002  0.126888E-002
  0.109231E+001  0.812341E+000  0.587807E-002  0.274351E-002  0.274351E-002  0.128049E-002
  0.109471E+001  0.816723E+000  0.582671E-002  0.273036E-002  0.273036E-002  0.127943E-002
  0.109713E+001  0.821103E+000  0.579656E-002  0.272708E-002  0.272708E-002  0.128300E-002
  0.109954E+001  0.825481E+000  0.572882E-002  0.270587E-002  0.270587E-002  0.127805E-002
  0.110196E+001  0.829857E+000  0.569253E-002  0.269934E-002  0.269934E-002  0.128000E-002
  0.110438E+001  0.834231E+000  0.565887E-002  0.269392E-002  0.269392E-002  0.128245E-002
  0.110681E+001  0.838604E+000  0.564909E-002  0.269981E-002  0.269981E-002  0.129029E-002
  0.110923E+001  0.842975E+000  0.562424E-002  0.269838E-002  0.269838E-002  0.129462E-002
  0.111167E+001  0.847344E+000  0.558897E-002  0.269190E-002  0.269190E-002  0.129654E-002
  0.111410E+001  0.851711E+000  0.552118E-002  0.266951E-002  0.266951E-002  0.129072E-002
  0.111654E+001  0.856077E+000  0.550154E-002  0.267028E-002  0.267028E-002  0.129607E-002
  0.111898E+001  0.860441E+000  0.546606E-002  0.266324E-002  0.266324E-002  0.129761E-002
  0.112142E+001  0.864804E+000  0.542389E-002  0.265278E-002  0.265278E-002  0.129745E-002
  0.112387E+001  0.869164E+000  0.540939E-002  0.265578E-002  0.265578E-002  0.130387E-002
  0.112632E+001  0.873524E+000  0.538542E-002  0.265404E-002  0.265404E-002  0.130797E-002
  0.112877E+001  0.877881E+000  0.533829E-002  0.264075E-002  0.264075E-002  0.130633E-002
  0.113122E+001  0.882237E+000  0.529896E-002  0.263115E-002  0.263115E-002  0.130648E-002
  0.113368E+001  0.886592E+000  0.526474E-002  0.262398E-002  0.262398E-002  0.130781E-002
  0.113614E+001  0.890945E+000  0.523476E-002  0.261879E-002  0.261879E-002  0.131010E-002
  0.113860E+001  0.895297E+000  0.520432E-002  0.261325E-002  0.261325E-002  0.131220E-002
  0.114107E+001  0.899647E+000  0.519424E-002  0.261789E-002  0.261789E-002  0.131942E-002
  0.114353E+001  0.903996E+000  0.516434E-002  0.261243E-002  0.261243E-002  0.132152E-002
  0.114600E+001  0.908343E+000  0.513168E-002  0.260547E-002  0.260547E-002  0.132286E-002
  0.114848E+001  0.912689E+000  0.510522E-002  0.260158E-002  0.260158E-002  0.132575E-002
  0.115095E+001  0.917033E+000  0.505216E-002  0.258395E-002  0.258395E-002  0.132158E-002
  0.115343E+001  0.921377E+000  0.502724E-002  0.258060E-002  0.258060E-002  0.132468E-002
  0.115591E+001  0.925719E+000  0.500073E-002  0.257633E-002  0.257633E-002  0.132730E-002
  0.115839E+001  0.930059E+000  0.496544E-002  0.256741E-002  0.256741E-002  0.132749E-002
  0.116087E+001  0.934398E+000  0.495154E-002  0.256946E-002  0.256946E-002  0.133334E-002
  0.116336E+001  0.938736E+000  0.490836E-002  0.255623E-002  0.255623E-002  0.133126E-002
  0.116585E+001  0.943073E+000  0.488558E-002  0.255351E-002  0.255351E-002  0.133462E-002
  0.116834E+001  0.947409E+000  0.485385E-002  0.254599E-002  0.254599E-002  0.133545E-002
  0.117083E+001  0.951743E+000  0.482729E-002  0.254108E-002  0.254108E-002  0.133762E-002
  0.117333E+001  0.956076E+000  0.481942E-002  0.254597E-002  0.254597E-002  0.134497E-002
  0.117582E+001  0.960408E+000  0.478193E-002  0.253510E-002  0.253510E-002  0.134396E-002
  0.117832E+001  0.964739E+000  0.474753E-002  0.252575E-002  0.252575E-002  0.134373E-002
  0.118082E+001  0.969069E+000  0.472677E-002  0.252356E-002  0.252356E-002  0.134729E-002
  0.118333E+001  0.973397E+000  0.472386E-002  0.253088E-002  0.253088E-002  0.135596E-002
  0.118583E+001  0.977725E+000  0.466340E-002  0.250722E-002  0.250722E-002  0.134798E-002
  0.118834E+001  0.982051E+000  0.465756E-002  0.251283E-002  0.251283E-002  0.135571E-002
  0.119084E+001  0.986376E+000  0.463623E-002  0.251000E-002  0.251000E-002  0.135888E-002
  0.119335E+001  0.990701E+000  0.461614E-002  0.250779E-002  0.250779E-002  0.136239E-002
  0.119587E+001  0.995024E+000  0.457789E-002  0.249563E-002  0.249563E-002  0.136049E-002
  0.119838E+001  0.999346E+000  0.453492E-002  0.248072E-002  0.248072E-002  0.135702E-002
  0.120090E+001  0.100367E+001  0.452500E-002  0.248382E-002  0.248382E-002  0.136340E-002
  0.120341E+001  0.100799E+001  0.449969E-002  0.247837E-002  0.247837E-002  0.136505E-002
  0.120593E+001  0.101231E+001  0.446688E-002  0.246871E-002  0.246871E-002  0.136439E-002
  0.120845E+001  0.101663E+001  0.445021E-002  0.246788E-002  0.246788E-002  0.136858E-002
  0.121097E+001  0.102094E+001  0.441181E-002  0.245490E-002  0.245490E-002  0.136600E-002
  0.121350E+001  0.102526E+001  0.440805E-002  0.246114E-002  0.246114E-002  0.137412E-002
  0.121602E+001  0.102958E+001  0.437639E-002  0.245170E-002  0.245170E-002  0.137347E-002
  0.121855E+001  0.103389E+001  0.435327E-002  0.244698E-002  0.244698E-002  0.137545E-002
  0.122107E+001  0.103820E+001  0.432075E-002  0.243684E-002  0.243684E-002  0.137434E-002
  0.122360E+001  0.104252E+001  0.432575E-002  0.244784E-002  0.244784E-002  0.138517E-002
  0.122613E+001  0.104683E+001  0.429213E-002  0.243692E-002  0.243692E-002  0.138360E-002
  0.122867E+001  0.105114E+001  0.427286E-002  0.243409E-002  0.243409E-002  0.138661E-002
  0.123120E+001  0.105545E+001  0.422718E-002  0.241606E-002  0.241606E-002  0.138091E-002
  0.123373E+001  0.105976E+001  0.420840E-002  0.241329E-002  0.241329E-002  0.138389E-002
  0.123627E+001  0.106407E+001  0.417884E-002  0.240427E-002  0.240427E-002  0.138328E-002
  0.123881E+001  0.106838E+001  0.416693E-002  0.240533E-002  0.240533E-002  0.138845E-002
  0.124135E+001  0.107269E+001  0.414784E-002  0.240218E-002  0.240218E-002  0.139120E-002
  0.124388E+001  0.107699E+001  0.411418E-002  0.239047E-002  0.239047E-002  0.138894E-002
  0.124643E+001  0.108130E+001  0.412418E-002  0.240414E-002  0.240414E-002  0.140146E-002
  0.124897E+001  0.108561E+001  0.406841E-002  0.237935E-002  0.237935E-002  0.139153E-002
  0.125151E+001  0.108991E+001  0.404704E-002  0.237455E-002  0.237455E-002  0.139323E-002
  0.125405E+001  0.109422E+001  0.406641E-002  0.239363E-002  0.239363E-002  0.140897E-002
  0.125660E+001  0.109852E+001  0.400398E-002  0.236452E-002  0.236452E-002  0.139635E-002
  0.125915E+001  0.110282E+001  0.403672E-002  0.239155E-002  0.239155E-002  0.141687E-002
  0.126169E+001  0.110713E+001  0.398398E-002  0.236788E-002  0.236788E-002  0.140735E-002
  0.126424E+001  0.111143E+001  0.394193E-002  0.235040E-002  0.235040E-002  0.140145E-002
  0.126679E+001  0.111573E+001  0.391905E-002  0.234424E-002  0.234424E-002  0.140224E-002
  0.126934E+001  0.112003E+001  0.389935E-002  0.233989E-002  0.233989E-002  0.140411E-002
  0.127189E+001  0.112433E+001  0.387811E-002  0.233455E-002  0.233455E-002  0.140536E-002
  0.127444E+001  0.112863E+001  0.386058E-002  0.233137E-002  0.233137E-002  0.140789E-002
  0.127699E+001  0.113293E+001  0.386086E-002  0.233891E-002  0.233891E-002  0.141691E-002
  0.127955E+001  0.113723E+001  0.381960E-002  0.232124E-002  0.232124E-002  0.141066E-002
  0.128210E+001  0.114153E+001  0.381483E-002  0.232562E-002  0.232562E-002  0.141776E-002
  0.128466E+001  0.114583E+001  0.377849E-002  0.231071E-002  0.231071E-002  0.141310E-002
  0.128721E+001  0.115012E+001  0.376160E-002  0.230757E-002  0.230757E-002  0.141559E-002
  0.128977E+001  0.115442E+001  0.373969E-002  0.230130E-002  0.230130E-002  0.141616E-002
  0.129233E+001  0.115872E+001  0.372134E-002  0.229715E-002  0.229715E-002  0.141801E-002
  0.129488E+001  0.116301E+001  0.371287E-002  0.229902E-002  0.229902E-002  0.142356E-002
  0.129744E+001  0.116731E+001  0.370238E-002  0.229962E-002  0.229962E-002  0.142835E-002
  0.130000E+001  0.117160E+001  0.366392E-002  0.228277E-002  0.228277E-002  0.142226E-002
  0.130256E+001  0.117590E+001  0.365486E-002  0.228414E-002  0.228414E-002  0.142750E-002
  0.130512E+001  0.118019E+001  0.362715E-002  0.227379E-002  0.227379E-002  0.142539E-002
  0.130768E+001  0.118449E+001  0.363346E-002  0.228472E-002  0.228472E-002  0.143663E-002
  0.131024E+001  0.118878E+001  0.360666E-002  0.227479E-002  0.227479E-002  0.143476E-002
  0.131281E+001  0.119308E+001  0.357215E-002  0.225992E-002  0.225992E-002  0.142974E-002
  0.131537E+001  0.119737E+001  0.355424E-002  0.225542E-002  0.225542E-002  0.143122E-002
  0.131793E+001  0.120166E+001  0.353809E-002  0.225197E-002  0.225197E-002  0.143337E-002
  0.132050E+001  0.120595E+001  0.356799E-002  0.227789E-002  0.227789E-002  0.145426E-002
  0.132306E+001  0.121025E+001  0.350269E-002  0.224294E-002  0.224294E-002  0.143626E-002
  0.132562E+001  0.121454E+001  0.349977E-002  0.224780E-002  0.224780E-002  0.144369E-002
  0.132819E+001  0.121883E+001  0.347343E-002  0.223759E-002  0.223759E-002  0.144146E-002
  0.133075E+001  0.122312E+001  0.345079E-002  0.222964E-002  0.222964E-002  0.144063E-002
  0.133332E+001  0.122742E+001  0.343434E-002  0.222565E-002  0.222565E-002  0.144235E-002
  0.133588E+001  0.123171E+001  0.345126E-002  0.224326E-002  0.224326E-002  0.145808E-002
  0.133845E+001  0.123600E+001  0.340016E-002  0.221662E-002  0.221662E-002  0.144505E-002
  0.134102E+001  0.124029E+001  0.339334E-002  0.221874E-002  0.221874E-002  0.145072E-002
  0.134358E+001  0.124458E+001  0.337107E-002  0.221068E-002  0.221068E-002  0.144971E-002
  0.134615E+001  0.124887E+001  0.335179E-002  0.220452E-002  0.220452E-002  0.144994E-002
  0.134872E+001  0.125316E+001  0.335884E-002  0.221566E-002  0.221566E-002  0.146156E-002
  0.135128E+001  0.125745E+001  0.331891E-002  0.219572E-002  0.219572E-002  0.145264E-002
  0.135385E+001  0.126174E+001  0.330427E-002  0.219244E-002  0.219244E-002  0.145472E-002
  0.135642E+001  0.126603E+001  0.330695E-002  0.220063E-002  0.220063E-002  0.146442E-002
  0.135899E+001  0.127033E+001  0.327225E-002  0.218389E-002  0.218389E-002  0.145752E-002
  0.136155E+001  0.127462E+001  0.328235E-002  0.219697E-002  0.219697E-002  0.147050E-002
  0.136412E+001  0.127891E+001  0.324628E-002  0.217914E-002  0.217914E-002  0.146279E-002
  0.136669E+001  0.128320E+001  0.322324E-002  0.216994E-002  0.216994E-002  0.146084E-002
  0.136926E+001  0.128749E+001  0.321204E-002  0.216864E-002  0.216864E-002  0.146418E-002
  0.137182E+001  0.129178E+001  0.321825E-002  0.217907E-002  0.217907E-002  0.147545E-002
  0.137439E+001  0.129607E+001  0.318466E-002  0.216254E-002  0.216254E-002  0.146846E-002
  0.137696E+001  0.130036E+001  0.316285E-002  0.215389E-002  0.215389E-002  0.146679E-002
  0.137953E+001  0.130465E+001  0.315327E-002  0.215352E-002  0.215352E-002  0.147074E-002
  0.138209E+001  0.130894E+001  0.315362E-002  0.215989E-002  0.215989E-002  0.147929E-002
  0.138466E+001  0.131323E+001  0.312195E-002  0.214430E-002  0.214430E-002  0.147281E-002
  0.138723E+001  0.131752E+001  0.310547E-002  0.213906E-002  0.213906E-002  0.147339E-002
  0.138980E+001  0.132181E+001  0.310672E-002  0.214601E-002  0.214601E-002  0.148238E-002
  0.139236E+001  0.132610E+001  0.307971E-002  0.213337E-002  0.213337E-002  0.147782E-002
  0.139493E+001  0.133039E+001  0.306369E-002  0.212829E-002  0.212829E-002  0.147848E-002
  0.139750E+001  0.133468E+001  0.307394E-002  0.214145E-002  0.214145E-002  0.149184E-002
  0.140006E+001  0.133897E+001  0.303370E-002  0.211937E-002  0.211937E-002  0.148061E-002
  0.140263E+001  0.134327E+001  0.302186E-002  0.211706E-002  0.211706E-002  0.148317E-002
  0.140519E+001  0.134756E+001  0.304303E-002  0.213788E-002  0.213788E-002  0.150196E-002
  0.140776E+001  0.135185E+001  0.299377E-002  0.210919E-002  0.210919E-002  0.148598E-002
  0.141033E+001  0.135614E+001  0.299617E-002  0.211682E-002  0.211682E-002  0.149556E-002
  0.141289E+001  0.136043E+001  0.296600E-002  0.210138E-002  0.210138E-002  0.148880E-002
  0.141546E+001  0.136472E+001  0.299820E-002  0.213016E-002  0.213016E-002  0.151343E-002
  0.141802E+001  0.136902E+001  0.294063E-002  0.209509E-002  0.209509E-002  0.149268E-002
  0.142058E+001  0.137331E+001  0.293731E-002  0.209857E-002  0.209857E-002  0.149933E-002
  0.142315E+001  0.137760E+001  0.292946E-002  0.209883E-002  0.209883E-002  0.150372E-002
  0.142571E+001  0.138190E+001  0.290561E-002  0.208755E-002  0.208755E-002  0.149981E-002
  0.142827E+001  0.138619E+001  0.289558E-002  0.208615E-002  0.208615E-002  0.150298E-002
  0.143083E+001  0.139048E+001  0.288257E-002  0.208257E-002  0.208257E-002  0.150459E-002
  0.143340E+001  0.139478E+001  0.286333E-002  0.207446E-002  0.207446E-002  0.150293E-002
  0.143596E+001  0.139907E+001  0.285559E-002  0.207463E-002  0.207463E-002  0.150724E-002
  0.143852E+001  0.140336E+001  0.285625E-002  0.208090E-002  0.208090E-002  0.151601E-002
  0.144108E+001  0.140766E+001  0.282658E-002  0.206502E-002  0.206502E-002  0.150865E-002
  0.144364E+001  0.141196E+001  0.281175E-002  0.205992E-002  0.205992E-002  0.150912E-002
  0.144620E+001  0.141625E+001  0.281085E-002  0.206502E-002  0.206502E-002  0.151708E-002
  0.144875E+001  0.142055E+001  0.282539E-002  0.208147E-002  0.208147E-002  0.153343E-002
  0.145131E+001  0.142484E+001  0.277553E-002  0.205046E-002  0.205046E-002  0.151481E-002
  0.145387E+001  0.142914E+001  0.276279E-002  0.204677E-002  0.204677E-002  0.151631E-002
  0.145643E+001  0.143344E+001  0.275348E-002  0.204559E-002  0.204559E-002  0.151968E-002
  0.145898E+001  0.143773E+001  0.273911E-002  0.204060E-002  0.204060E-002  0.152022E-002
  0.146154E+001  0.144203E+001  0.274113E-002  0.204784E-002  0.204784E-002  0.152990E-002
  0.146409E+001  0.144633E+001  0.271604E-002  0.203478E-002  0.203478E-002  0.152440E-002
  0.146664E+001  0.145063E+001  0.272583E-002  0.204785E-002  0.204785E-002  0.153850E-002
  0.146920E+001  0.145493E+001  0.269308E-002  0.202896E-002  0.202896E-002  0.152861E-002
  0.147175E+001  0.145923E+001  0.268081E-002  0.202540E-002  0.202540E-002  0.153023E-002
  0.147430E+001  0.146353E+001  0.267199E-002  0.202444E-002  0.202444E-002  0.153382E-002
  0.147685E+001  0.146783E+001  0.266074E-002  0.202162E-002  0.202162E-002  0.153601E-002
  0.147940E+001  0.147213E+001  0.264663E-002  0.201660E-002  0.201660E-002  0.153655E-002
  0.148195E+001  0.147643E+001  0.263505E-002  0.201348E-002  0.201348E-002  0.153853E-002
  0.148450E+001  0.148073E+001  0.263752E-002  0.202111E-002  0.202111E-002  0.154876E-002
  0.148704E+001  0.148504E+001  0.264802E-002  0.203493E-002  0.203493E-002  0.156379E-002
  0.148959E+001  0.148934E+001  0.260133E-002  0.200478E-002  0.200478E-002  0.154503E-002
  0.149214E+001  0.149364E+001  0.261516E-002  0.202123E-002  0.202123E-002  0.156218E-002
  0.149468E+001  0.149795E+001  0.258011E-002  0.199987E-002  0.199987E-002  0.155011E-002
  0.149722E+001  0.150225E+001  0.257008E-002  0.199782E-002  0.199782E-002  0.155298E-002
  0.149977E+001  0.150656E+001  0.256222E-002  0.199749E-002  0.199749E-002  0.155723E-002
  0.150231E+001  0.151086E+001  0.256503E-002  0.200548E-002  0.200548E-002  0.156799E-002
  0.150485E+001  0.151517E+001  0.254036E-002  0.199197E-002  0.199197E-002  0.156196E-002
  0.150739E+001  0.151948E+001  0.252622E-002  0.198666E-002  0.198666E-002  0.156234E-002
  0.150992E+001  0.152379E+001  0.255057E-002  0.201167E-002  0.201167E-002  0.158663E-002
  0.151246E+001  0.152809E+001  0.250135E-002  0.197865E-002  0.197865E-002  0.156517E-002
  0.151500E+001  0.153240E+001  0.250273E-002  0.198559E-002  0.198559E-002  0.157530E-002
  0.151753E+001  0.153671E+001  0.247984E-002  0.197324E-002  0.197324E-002  0.157013E-002
  0.152007E+001  0.154102E+001  0.249184E-002  0.198870E-002  0.198870E-002  0.158714E-002
  0.152260E+001  0.154533E+001  0.246779E-002  0.197537E-002  0.197537E-002  0.158120E-002
  0.152513E+001  0.154965E+001  0.245147E-002  0.196817E-002  0.196817E-002  0.158016E-002
  0.152766E+001  0.155396E+001  0.243747E-002  0.196281E-002  0.196281E-002  0.158059E-002
  0.153019E+001  0.155827E+001  0.242731E-002  0.196054E-002  0.196054E-002  0.158352E-002
  0.153272E+001  0.156259E+001  0.241494E-002  0.195647E-002  0.195647E-002  0.158503E-002
  0.153524E+001  0.156690E+001  0.241400E-002  0.196163E-002  0.196163E-002  0.159404E-002
  0.153777E+001  0.157122E+001  0.239579E-002  0.195280E-002  0.195280E-002  0.159172E-002
  0.154029E+001  0.157553E+001  0.238652E-002  0.195121E-002  0.195121E-002  0.159530E-002
  0.154282E+001  0.157985E+001  0.237946E-002  0.195145E-002  0.195145E-002  0.160043E-002
  0.154534E+001  0.158417E+001  0.236193E-002  0.194308E-002  0.194308E-002  0.159850E-002
  0.154786E+001  0.158849E+001  0.235165E-002  0.194064E-002  0.194064E-002  0.160146E-002
  0.155038E+001  0.159280E+001  0.236460E-002  0.195743E-002  0.195743E-002  0.162037E-002
  0.155289E+001  0.159712E+001  0.233194E-002  0.193644E-002  0.193644E-002  0.160802E-002
  0.155541E+001  0.160145E+001  0.232580E-002  0.193745E-002  0.193745E-002  0.161394E-002
  0.155792E+001  0.160577E+001  0.234020E-002  0.195562E-002  0.195562E-002  0.163423E-002
  0.156044E+001  0.161009E+001  0.230016E-002  0.192830E-002  0.192830E-002  0.161656E-002
  0.156295E+001  0.161441E+001  0.228986E-002  0.192581E-002  0.192581E-002  0.161964E-002
  0.156546E+001  0.161874E+001  0.228095E-002  0.192449E-002  0.192449E-002  0.162374E-002
  0.156797E+001  0.162306E+001  0.226938E-002  0.192093E-002  0.192093E-002  0.162598E-002
  0.157048E+001  0.162739E+001  0.225934E-002  0.191865E-002  0.191865E-002  0.162934E-002
  0.157298E+001  0.163171E+001  0.224628E-002  0.191378E-002  0.191378E-002  0.163050E-002
  0.157549E+001  0.163604E+001  0.224743E-002  0.192107E-002  0.192107E-002  0.164210E-002
  0.157799E+001  0.164037E+001  0.222547E-002  0.190857E-002  0.190857E-002  0.163680E-002
  0.158049E+001  0.164470E+001  0.221591E-002  0.190668E-002  0.190668E-002  0.164060E-002
  0.158299E+001  0.164903E+001  0.220487E-002  0.190351E-002  0.190351E-002  0.164334E-002
  0.158549E+001  0.165336E+001  0.219604E-002  0.190225E-002  0.190225E-002  0.164777E-002
  0.158799E+001  0.165769E+001  0.221126E-002  0.192191E-002  0.192191E-002  0.167041E-002
  0.159048E+001  0.166203E+001  0.217708E-002  0.189860E-002  0.189860E-002  0.165574E-002
  0.159297E+001  0.166636E+001  0.217038E-002  0.189919E-002  0.189919E-002  0.166190E-002
  0.159547E+001  0.167070E+001  0.215500E-002  0.189222E-002  0.189222E-002  0.166148E-002
  0.159796E+001  0.167503E+001  0.216180E-002  0.190473E-002  0.190473E-002  0.167823E-002
  0.160044E+001  0.167937E+001  0.214463E-002  0.189612E-002  0.189612E-002  0.167641E-002
