  0.101701E+001  0.478810E-001  0.187169E-003  0.514151E-004  0.514151E-004  0.141236E-004
  0.101701E+001  0.478810E-001  0.187169E-003  0.514151E-004  0.514151E-004  0.141236E-004
  0.101748E+001  0.528581E-001  0.153463E-003  0.464030E-004  0.464030E-004  0.140309E-004
  0.101800E+001  0.578309E-001  0.144607E-003  0.477704E-004  0.477704E-004  0.157807E-004
  0.101857E+001  0.627991E-001  0.120687E-003  0.432736E-004  0.432736E-004  0.155161E-004
  0.101917E+001  0.677626E-001  0.103952E-003  0.401349E-004  0.401349E-004  0.154955E-004
  0.101981E+001  0.727211E-001  0.103630E-003  0.428500E-004  0.428500E-004  0.177178E-004
  0.102050E+001  0.776744E-001  0.102179E-003  0.450792E-004  0.450792E-004  0.198879E-004
  0.102121E+001  0.826224E-001  0.910776E-004  0.426260E-004  0.426260E-004  0.199495E-004
  0.102197E+001  0.875651E-001  0.795971E-004  0.394156E-004  0.394156E-004  0.195179E-004
  0.102276E+001  0.925023E-001  0.750605E-004  0.391805E-004  0.391805E-004  0.204514E-004
  0.102358E+001  0.974340E-001  0.729593E-004  0.400156E-004  0.400156E-004  0.219469E-004
  0.102444E+001  0.102360E+000  0.672507E-004  0.386674E-004  0.386674E-004  0.222325E-004
  0.102533E+001  0.107281E+000  0.651884E-004  0.391926E-004  0.391926E-004  0.235632E-004
  0.102625E+001  0.112196E+000  0.640978E-004  0.402047E-004  0.402047E-004  0.252177E-004
  0.102719E+001  0.117105E+000  0.597433E-004  0.389999E-004  0.389999E-004  0.254584E-004
  0.102817E+001  0.122009E+000  0.556062E-004  0.377252E-004  0.377252E-004  0.255937E-004
  0.102917E+001  0.126907E+000  0.538771E-004  0.379115E-004  0.379115E-004  0.266767E-004
  0.103020E+001  0.131800E+000  0.514033E-004  0.374608E-004  0.374608E-004  0.272996E-004
  0.103126E+001  0.136687E+000  0.503468E-004  0.379480E-004  0.379480E-004  0.286022E-004
  0.103234E+001  0.141570E+000  0.488734E-004  0.380409E-004  0.380409E-004  0.296090E-004
  0.103344E+001  0.146446E+000  0.456911E-004  0.366746E-004  0.366746E-004  0.294369E-004
  0.103456E+001  0.151318E+000  0.450363E-004  0.372302E-004  0.372302E-004  0.307767E-004
  0.103571E+001  0.156185E+000  0.424404E-004  0.361000E-004  0.361000E-004  0.307063E-004
  0.103688E+001  0.161046E+000  0.409526E-004  0.358032E-004  0.358032E-004  0.313007E-004
  0.103807E+001  0.165903E+000  0.398061E-004  0.357319E-004  0.357319E-004  0.320741E-004
  0.103928E+001  0.170755E+000  0.390292E-004  0.359374E-004  0.359374E-004  0.330900E-004
  0.104050E+001  0.175602E+000  0.382232E-004  0.360630E-004  0.360630E-004  0.340245E-004
  0.104175E+001  0.180444E+000  0.361223E-004  0.348992E-004  0.348992E-004  0.337169E-004
  0.104301E+001  0.185282E+000  0.356668E-004  0.352524E-004  0.352524E-004  0.348422E-004
  0.104429E+001  0.190115E+000  0.348596E-004  0.352222E-004  0.352222E-004  0.355879E-004
  0.104559E+001  0.194944E+000  0.332620E-004  0.343329E-004  0.343329E-004  0.354377E-004
  0.104690E+001  0.199768E+000  0.331205E-004  0.348960E-004  0.348960E-004  0.367662E-004
  0.104823E+001  0.204589E+000  0.319405E-004  0.343299E-004  0.343299E-004  0.368974E-004
  0.104958E+001  0.209405E+000  0.311210E-004  0.341021E-004  0.341021E-004  0.373680E-004
  0.105094E+001  0.214216E+000  0.309640E-004  0.345683E-004  0.345683E-004  0.385914E-004
  0.105231E+001  0.219024E+000  0.295412E-004  0.335781E-004  0.335781E-004  0.381659E-004
  0.105369E+001  0.223828E+000  0.291746E-004  0.337419E-004  0.337419E-004  0.390235E-004
  0.105509E+001  0.228629E+000  0.284805E-004  0.334998E-004  0.334998E-004  0.394029E-004
  0.105651E+001  0.233425E+000  0.279889E-004  0.334665E-004  0.334665E-004  0.400152E-004
  0.105793E+001  0.238218E+000  0.269436E-004  0.327280E-004  0.327280E-004  0.397534E-004
  0.105937E+001  0.243007E+000  0.264580E-004  0.326346E-004  0.326346E-004  0.402523E-004
  0.106082E+001  0.247792E+000  0.260747E-004  0.326420E-004  0.326420E-004  0.408624E-004
  0.106228E+001  0.252574E+000  0.255018E-004  0.323854E-004  0.323854E-004  0.411263E-004
  0.106375E+001  0.257352E+000  0.249495E-004  0.321262E-004  0.321262E-004  0.413663E-004
  0.106523E+001  0.262127E+000  0.247145E-004  0.322529E-004  0.322529E-004  0.420897E-004
  0.106673E+001  0.266899E+000  0.244290E-004  0.322990E-004  0.322990E-004  0.427035E-004
  0.106823E+001  0.271667E+000  0.237317E-004  0.317728E-004  0.317728E-004  0.425375E-004
  0.106974E+001  0.276433E+000  0.238855E-004  0.323688E-004  0.323688E-004  0.438641E-004
  0.107127E+001  0.281195E+000  0.230521E-004  0.316102E-004  0.316102E-004  0.433445E-004
  0.107280E+001  0.285954E+000  0.228330E-004  0.316667E-004  0.316667E-004  0.439169E-004
  0.107435E+001  0.290710E+000  0.227578E-004  0.319124E-004  0.319124E-004  0.447484E-004
  0.107590E+001  0.295462E+000  0.221713E-004  0.314209E-004  0.314209E-004  0.445282E-004
  0.107746E+001  0.300212E+000  0.218147E-004  0.312334E-004  0.312334E-004  0.447177E-004
  0.107903E+001  0.304959E+000  0.215483E-004  0.311583E-004  0.311583E-004  0.450532E-004
  0.108061E+001  0.309703E+000  0.213300E-004  0.311385E-004  0.311385E-004  0.454560E-004
  0.108220E+001  0.314445E+000  0.213093E-004  0.313958E-004  0.313958E-004  0.462557E-004
  0.108379E+001  0.319183E+000  0.209190E-004  0.310941E-004  0.310941E-004  0.462172E-004
  0.108540E+001  0.323919E+000  0.209518E-004  0.314106E-004  0.314106E-004  0.470892E-004
  0.108701E+001  0.328652E+000  0.205480E-004  0.310589E-004  0.310589E-004  0.469451E-004
  0.108863E+001  0.333383E+000  0.203844E-004  0.310557E-004  0.310557E-004  0.473123E-004
  0.109025E+001  0.338110E+000  0.204235E-004  0.313512E-004  0.313512E-004  0.481245E-004
  0.109189E+001  0.342836E+000  0.199485E-004  0.308465E-004  0.308465E-004  0.476968E-004
  0.109353E+001  0.347558E+000  0.198180E-004  0.308590E-004  0.308590E-004  0.480501E-004
  0.109518E+001  0.352278E+000  0.196626E-004  0.308227E-004  0.308227E-004  0.483158E-004
  0.109684E+001  0.356996E+000  0.196857E-004  0.310574E-004  0.310574E-004  0.489970E-004
  0.109850E+001  0.361711E+000  0.194210E-004  0.308276E-004  0.308276E-004  0.489323E-004
  0.110017E+001  0.366424E+000  0.193190E-004  0.308452E-004  0.308452E-004  0.492470E-004
  0.110185E+001  0.371135E+000  0.193134E-004  0.310088E-004  0.310088E-004  0.497852E-004
  0.110353E+001  0.375843E+000  0.191519E-004  0.309126E-004  0.309126E-004  0.498940E-004
  0.110522E+001  0.380548E+000  0.190691E-004  0.309343E-004  0.309343E-004  0.501810E-004
  0.110692E+001  0.385252E+000  0.190985E-004  0.311307E-004  0.311307E-004  0.507419E-004
  0.110862E+001  0.389953E+000  0.189369E-004  0.310070E-004  0.310070E-004  0.507689E-004
  0.111033E+001  0.394652E+000  0.189089E-004  0.310938E-004  0.310938E-004  0.511290E-004
  0.111204E+001  0.399349E+000  0.190557E-004  0.314610E-004  0.314610E-004  0.519409E-004
  0.111376E+001  0.404043E+000  0.191074E-004  0.316658E-004  0.316658E-004  0.524770E-004
  0.111549E+001  0.408735E+000  0.188136E-004  0.312897E-004  0.312897E-004  0.520380E-004
  0.111722E+001  0.413426E+000  0.190100E-004  0.317210E-004  0.317210E-004  0.529296E-004
  0.111896E+001  0.418114E+000  0.188483E-004  0.315482E-004  0.315482E-004  0.528035E-004
  0.112071E+001  0.422800E+000  0.189626E-004  0.318302E-004  0.318302E-004  0.534278E-004
  0.112246E+001  0.427484E+000  0.190245E-004  0.320180E-004  0.320180E-004  0.538841E-004
  0.112421E+001  0.432166E+000  0.188104E-004  0.317334E-004  0.317334E-004  0.535332E-004
  0.112597E+001  0.436845E+000  0.188363E-004  0.318465E-004  0.318465E-004  0.538413E-004
  0.112774E+001  0.441523E+000  0.190250E-004  0.322290E-004  0.322290E-004  0.545957E-004
  0.112951E+001  0.446199E+000  0.189907E-004  0.322275E-004  0.322275E-004  0.546891E-004
  0.113128E+001  0.450873E+000  0.191133E-004  0.324857E-004  0.324857E-004  0.552125E-004
  0.113306E+001  0.455545E+000  0.192938E-004  0.328366E-004  0.328366E-004  0.558841E-004
  0.113485E+001  0.460215E+000  0.190819E-004  0.325133E-004  0.325133E-004  0.553973E-004
  0.113664E+001  0.464883E+000  0.191899E-004  0.327284E-004  0.327284E-004  0.558165E-004
  0.113844E+001  0.469550E+000  0.192742E-004  0.328969E-004  0.328969E-004  0.561462E-004
  0.114024E+001  0.474214E+000  0.193355E-004  0.330199E-004  0.330199E-004  0.563877E-004
  0.114204E+001  0.478877E+000  0.196781E-004  0.336174E-004  0.336174E-004  0.574293E-004
  0.114385E+001  0.483538E+000  0.198296E-004  0.338825E-004  0.338825E-004  0.578928E-004
  0.114567E+001  0.488197E+000  0.196283E-004  0.335386E-004  0.335386E-004  0.573055E-004
  0.114749E+001  0.492854E+000  0.197547E-004  0.337486E-004  0.337486E-004  0.576539E-004
  0.114931E+001  0.497509E+000  0.200047E-004  0.341635E-004  0.341635E-004  0.583421E-004
  0.115114E+001  0.502163E+000  0.200531E-004  0.342280E-004  0.342280E-004  0.584213E-004
  0.115297E+001  0.506815E+000  0.204484E-004  0.348784E-004  0.348784E-004  0.594897E-004
  0.115481E+001  0.511465E+000  0.203557E-004  0.346900E-004  0.346900E-004  0.591168E-004
  0.115665E+001  0.516113E+000  0.206088E-004  0.350851E-004  0.350851E-004  0.597282E-004
  0.115850E+001  0.520760E+000  0.206491E-004  0.351113E-004  0.351113E-004  0.597010E-004
  0.116035E+001  0.525405E+000  0.208283E-004  0.353679E-004  0.353679E-004  0.600555E-004
  0.116220E+001  0.530049E+000  0.211609E-004  0.358782E-004  0.358782E-004  0.608297E-004
  0.116406E+001  0.534691E+000  0.212400E-004  0.359521E-004  0.359521E-004  0.608529E-004
  0.116592E+001  0.539331E+000  0.216132E-004  0.365170E-004  0.365170E-004  0.616964E-004
  0.116779E+001  0.543970E+000  0.216197E-004  0.364556E-004  0.364556E-004  0.614706E-004
  0.116966E+001  0.548607E+000  0.218457E-004  0.367585E-004  0.367585E-004  0.618498E-004
  0.117153E+001  0.553242E+000  0.223625E-004  0.375428E-004  0.375428E-004  0.630264E-004
  0.117341E+001  0.557876E+000  0.224112E-004  0.375337E-004  0.375337E-004  0.628588E-004
  0.117529E+001  0.562508E+000  0.228281E-004  0.381345E-004  0.381345E-004  0.637020E-004
  0.117718E+001  0.567139E+000  0.228271E-004  0.380298E-004  0.380298E-004  0.633558E-004
  0.117907E+001  0.571769E+000  0.231003E-004  0.383760E-004  0.383760E-004  0.637517E-004
  0.118096E+001  0.576396E+000  0.234581E-004  0.388552E-004  0.388552E-004  0.643570E-004
  0.118286E+001  0.581023E+000  0.236799E-004  0.391011E-004  0.391011E-004  0.645636E-004
  0.118476E+001  0.585647E+000  0.239847E-004  0.394769E-004  0.394769E-004  0.649741E-004
  0.118666E+001  0.590271E+000  0.244480E-004  0.401050E-004  0.401050E-004  0.657872E-004
  0.118857E+001  0.594893E+000  0.246229E-004  0.402513E-004  0.402513E-004  0.657976E-004
  0.119048E+001  0.599513E+000  0.249782E-004  0.406853E-004  0.406853E-004  0.662679E-004
  0.119240E+001  0.604132E+000  0.255968E-004  0.415375E-004  0.415375E-004  0.674039E-004
  0.119431E+001  0.608750E+000  0.258315E-004  0.417583E-004  0.417583E-004  0.675032E-004
  0.119623E+001  0.613366E+000  0.263140E-004  0.423702E-004  0.423702E-004  0.682219E-004
  0.119816E+001  0.617981E+000  0.264488E-004  0.424136E-004  0.424136E-004  0.680133E-004
  0.120009E+001  0.622594E+000  0.270552E-004  0.432045E-004  0.432045E-004  0.689918E-004
  0.120202E+001  0.627207E+000  0.273425E-004  0.434761E-004  0.434761E-004  0.691278E-004
  0.120395E+001  0.631817E+000  0.276800E-004  0.438196E-004  0.438196E-004  0.693684E-004
  0.120589E+001  0.636427E+000  0.281300E-004  0.443312E-004  0.443312E-004  0.698616E-004
  0.120783E+001  0.641035E+000  0.285712E-004  0.448190E-004  0.448190E-004  0.703049E-004
  0.120977E+001  0.645642E+000  0.291335E-004  0.454861E-004  0.454861E-004  0.710158E-004
  0.121172E+001  0.650247E+000  0.295269E-004  0.458780E-004  0.458780E-004  0.712823E-004
  0.121367E+001  0.654852E+000  0.300294E-004  0.464295E-004  0.464295E-004  0.717848E-004
  0.121562E+001  0.659454E+000  0.305465E-004  0.469928E-004  0.469928E-004  0.722921E-004
  0.121758E+001  0.664056E+000  0.312315E-004  0.478007E-004  0.478007E-004  0.731587E-004
  0.121954E+001  0.668657E+000  0.319507E-004  0.486468E-004  0.486468E-004  0.740662E-004
  0.122150E+001  0.673256E+000  0.323440E-004  0.489852E-004  0.489852E-004  0.741870E-004
  0.122346E+001  0.677854E+000  0.327875E-004  0.493902E-004  0.493902E-004  0.743984E-004
  0.122543E+001  0.682451E+000  0.334098E-004  0.500516E-004  0.500516E-004  0.749813E-004
  0.122740E+001  0.687046E+000  0.340540E-004  0.507329E-004  0.507329E-004  0.755794E-004
  0.122937E+001  0.691641E+000  0.346522E-004  0.513330E-004  0.513330E-004  0.760420E-004
  0.123135E+001  0.696234E+000  0.355406E-004  0.523465E-004  0.523465E-004  0.770978E-004
  0.123332E+001  0.700826E+000  0.363793E-004  0.532713E-004  0.532713E-004  0.780055E-004
  0.123531E+001  0.705417E+000  0.371054E-004  0.540126E-004  0.540126E-004  0.786223E-004
  0.123729E+001  0.710007E+000  0.374320E-004  0.541628E-004  0.541628E-004  0.783703E-004
  0.123927E+001  0.714595E+000  0.386265E-004  0.555537E-004  0.555537E-004  0.798974E-004
  0.124126E+001  0.719183E+000  0.392083E-004  0.560442E-004  0.560442E-004  0.801080E-004
  0.124325E+001  0.723769E+000  0.401947E-004  0.570974E-004  0.570974E-004  0.811067E-004
  0.124525E+001  0.728354E+000  0.406207E-004  0.573386E-004  0.573386E-004  0.809356E-004
  0.124724E+001  0.732939E+000  0.419163E-004  0.587922E-004  0.587922E-004  0.824611E-004
  0.124924E+001  0.737522E+000  0.425434E-004  0.592875E-004  0.592875E-004  0.826205E-004
  0.125124E+001  0.742104E+000  0.436479E-004  0.604313E-004  0.604313E-004  0.836668E-004
  0.125325E+001  0.746685E+000  0.442067E-004  0.608012E-004  0.608012E-004  0.836236E-004
  0.125525E+001  0.751265E+000  0.454359E-004  0.620777E-004  0.620777E-004  0.848135E-004
  0.125726E+001  0.755844E+000  0.461780E-004  0.626678E-004  0.626678E-004  0.850445E-004
  0.125927E+001  0.760422E+000  0.472708E-004  0.637160E-004  0.637160E-004  0.858809E-004
  0.126129E+001  0.764999E+000  0.486372E-004  0.651072E-004  0.651072E-004  0.871532E-004
  0.126330E+001  0.769575E+000  0.492458E-004  0.654675E-004  0.654675E-004  0.870315E-004
  0.126532E+001  0.774150E+000  0.504579E-004  0.666105E-004  0.666105E-004  0.879326E-004
  0.126734E+001  0.778724E+000  0.516745E-004  0.677365E-004  0.677365E-004  0.887896E-004
  0.126936E+001  0.783297E+000  0.527270E-004  0.686259E-004  0.686259E-004  0.893174E-004
  0.127138E+001  0.787869E+000  0.541983E-004  0.700368E-004  0.700368E-004  0.905024E-004
  0.127341E+001  0.792440E+000  0.552504E-004  0.708799E-004  0.708799E-004  0.909295E-004
  0.127544E+001  0.797010E+000  0.568139E-004  0.723548E-004  0.723548E-004  0.921454E-004
  0.127747E+001  0.801580E+000  0.581044E-004  0.734555E-004  0.734555E-004  0.928610E-004
  0.127950E+001  0.806148E+000  0.593043E-004  0.744188E-004  0.744188E-004  0.933841E-004
  0.128153E+001  0.810715E+000  0.610414E-004  0.760292E-004  0.760292E-004  0.946959E-004
  0.128357E+001  0.815282E+000  0.622327E-004  0.769303E-004  0.769303E-004  0.950979E-004
  0.128561E+001  0.819848E+000  0.639399E-004  0.784428E-004  0.784428E-004  0.962341E-004
  0.128765E+001  0.824413E+000  0.655260E-004  0.797768E-004  0.797768E-004  0.971256E-004
  0.128969E+001  0.828977E+000  0.670009E-004  0.809479E-004  0.809479E-004  0.977968E-004
  0.129173E+001  0.833540E+000  0.690578E-004  0.827903E-004  0.827903E-004  0.992523E-004
  0.129378E+001  0.838102E+000  0.704989E-004  0.838601E-004  0.838601E-004  0.997523E-004
  0.129583E+001  0.842664E+000  0.727317E-004  0.858388E-004  0.858388E-004  0.101307E-003
  0.129788E+001  0.847225E+000  0.748098E-004  0.875964E-004  0.875964E-004  0.102567E-003
  0.129993E+001  0.851785E+000  0.764634E-004  0.888242E-004  0.888242E-004  0.103182E-003
  0.130198E+001  0.856344E+000  0.780571E-004  0.899542E-004  0.899542E-004  0.103663E-003
  0.130403E+001  0.860902E+000  0.806020E-004  0.921442E-004  0.921442E-004  0.105338E-003
  0.130609E+001  0.865460E+000  0.822268E-004  0.932426E-004  0.932426E-004  0.105733E-003
  0.130815E+001  0.870017E+000  0.846514E-004  0.952130E-004  0.952130E-004  0.107091E-003
  0.131021E+001  0.874573E+000  0.870815E-004  0.971474E-004  0.971474E-004  0.108376E-003
  0.131227E+001  0.879129E+000  0.891767E-004  0.986696E-004  0.986696E-004  0.109172E-003
  0.131433E+001  0.883683E+000  0.914835E-004  0.100389E-003  0.100389E-003  0.110159E-003
  0.131639E+001  0.888237E+000  0.949820E-004  0.103366E-003  0.103366E-003  0.112488E-003
  0.131846E+001  0.892791E+000  0.965930E-004  0.104241E-003  0.104241E-003  0.112494E-003
  0.132053E+001  0.897343E+000  0.995539E-004  0.106536E-003  0.106536E-003  0.114006E-003
  0.132260E+001  0.901895E+000  0.102757E-003  0.109037E-003  0.109037E-003  0.115700E-003
  0.132467E+001  0.906447E+000  0.105492E-003  0.110993E-003  0.110993E-003  0.116779E-003
  0.132674E+001  0.910997E+000  0.108114E-003  0.112785E-003  0.112785E-003  0.117657E-003
  0.132881E+001  0.915548E+000  0.110997E-003  0.114805E-003  0.114805E-003  0.118743E-003
  0.133089E+001  0.920097E+000  0.115348E-003  0.118278E-003  0.118278E-003  0.121282E-003
  0.133296E+001  0.924646E+000  0.117433E-003  0.119381E-003  0.119381E-003  0.121361E-003
  0.133504E+001  0.929194E+000  0.121041E-003  0.121981E-003  0.121981E-003  0.122928E-003
  0.133712E+001  0.933742E+000  0.125111E-003  0.124985E-003  0.124985E-003  0.124858E-003
  0.133920E+001  0.938289E+000  0.129006E-003  0.127750E-003  0.127750E-003  0.126505E-003
  0.134128E+001  0.942835E+000  0.132515E-003  0.130074E-003  0.130074E-003  0.127676E-003
  0.134336E+001  0.947381E+000  0.135733E-003  0.132058E-003  0.132058E-003  0.128482E-003
  0.134544E+001  0.951926E+000  0.139721E-003  0.134737E-003  0.134737E-003  0.129929E-003
  0.134753E+001  0.956471E+000  0.144948E-003  0.138531E-003  0.138531E-003  0.132397E-003
  0.134961E+001  0.961015E+000  0.148167E-003  0.140347E-003  0.140347E-003  0.132938E-003
  0.135170E+001  0.965559E+000  0.152846E-003  0.143479E-003  0.143479E-003  0.134685E-003
  0.135379E+001  0.970103E+000  0.158381E-003  0.147335E-003  0.147335E-003  0.137058E-003
  0.135587E+001  0.974645E+000  0.163398E-003  0.150634E-003  0.150634E-003  0.138867E-003
  0.135796E+001  0.979188E+000  0.168490E-003  0.153919E-003  0.153919E-003  0.140608E-003
  0.136006E+001  0.983730E+000  0.173730E-003  0.157255E-003  0.157255E-003  0.142342E-003
  0.136215E+001  0.988271E+000  0.178029E-003  0.159675E-003  0.159675E-003  0.143212E-003
  0.136424E+001  0.992812E+000  0.182803E-003  0.162455E-003  0.162455E-003  0.144370E-003
  0.136633E+001  0.997352E+000  0.189541E-003  0.166894E-003  0.166894E-003  0.146952E-003
  0.136843E+001  0.100189E+001  0.195112E-003  0.170208E-003  0.170208E-003  0.148482E-003
  0.137052E+001  0.100643E+001  0.201264E-003  0.173951E-003  0.173951E-003  0.150343E-003
  0.137262E+001  0.101097E+001  0.206792E-003  0.177062E-003  0.177062E-003  0.151605E-003
  0.137472E+001  0.101551E+001  0.213924E-003  0.181456E-003  0.181456E-003  0.153915E-003
  0.137682E+001  0.102005E+001  0.221435E-003  0.186065E-003  0.186065E-003  0.156344E-003
  0.137891E+001  0.102459E+001  0.231287E-003  0.192524E-003  0.192524E-003  0.160256E-003
  0.138101E+001  0.102912E+001  0.234963E-003  0.193738E-003  0.193738E-003  0.159745E-003
  0.138312E+001  0.103366E+001  0.245834E-003  0.200775E-003  0.200775E-003  0.163974E-003
  0.138522E+001  0.103820E+001  0.250881E-003  0.202952E-003  0.202952E-003  0.164179E-003
  0.138732E+001  0.104274E+001  0.257689E-003  0.206475E-003  0.206475E-003  0.165439E-003
  0.138942E+001  0.104727E+001  0.266001E-003  0.211101E-003  0.211101E-003  0.167531E-003
  0.139152E+001  0.105181E+001  0.278038E-003  0.218543E-003  0.218543E-003  0.171777E-003
  0.139363E+001  0.105634E+001  0.285174E-003  0.221991E-003  0.221991E-003  0.172805E-003
  0.139573E+001  0.106088E+001  0.294239E-003  0.226843E-003  0.226843E-003  0.174884E-003
  0.139784E+001  0.106541E+001  0.304409E-003  0.232409E-003  0.232409E-003  0.177438E-003
  0.139994E+001  0.106995E+001  0.315100E-003  0.238245E-003  0.238245E-003  0.180134E-003
  0.140205E+001  0.107448E+001  0.322655E-003  0.241580E-003  0.241580E-003  0.180877E-003
  0.140416E+001  0.107902E+001  0.333376E-003  0.247170E-003  0.247170E-003  0.183254E-003
  0.140627E+001  0.108355E+001  0.349340E-003  0.256470E-003  0.256470E-003  0.188287E-003
  0.140837E+001  0.108809E+001  0.359899E-003  0.261641E-003  0.261641E-003  0.190208E-003
  0.141048E+001  0.109262E+001  0.367863E-003  0.264800E-003  0.264800E-003  0.190611E-003
  0.141259E+001  0.109715E+001  0.379017E-003  0.270139E-003  0.270139E-003  0.192536E-003
  0.141470E+001  0.110169E+001  0.393090E-003  0.277400E-003  0.277400E-003  0.195758E-003
  0.141681E+001  0.110622E+001  0.405033E-003  0.282998E-003  0.282998E-003  0.197730E-003
  0.141892E+001  0.111075E+001  0.418044E-003  0.289189E-003  0.289189E-003  0.200051E-003
  0.142103E+001  0.111528E+001  0.431831E-003  0.295756E-003  0.295756E-003  0.202558E-003
  0.142315E+001  0.111982E+001  0.447767E-003  0.303599E-003  0.303599E-003  0.205848E-003
  0.142526E+001  0.112435E+001  0.461065E-003  0.309494E-003  0.309494E-003  0.207749E-003
  0.142737E+001  0.112888E+001  0.475300E-003  0.315857E-003  0.315857E-003  0.209899E-003
  0.142948E+001  0.113341E+001  0.491925E-003  0.323628E-003  0.323628E-003  0.212908E-003
  0.143160E+001  0.113794E+001  0.512337E-003  0.333656E-003  0.333656E-003  0.217290E-003
  0.143371E+001  0.114247E+001  0.523710E-003  0.337632E-003  0.337632E-003  0.217668E-003
  0.143583E+001  0.114700E+001  0.553474E-003  0.353208E-003  0.353208E-003  0.225405E-003
  0.143794E+001  0.115154E+001  0.558895E-003  0.353069E-003  0.353069E-003  0.223042E-003
  0.144006E+001  0.115607E+001  0.577411E-003  0.361062E-003  0.361062E-003  0.225775E-003
  0.144217E+001  0.116060E+001  0.597066E-003  0.369573E-003  0.369573E-003  0.228759E-003
  0.144429E+001  0.116513E+001  0.612985E-003  0.375563E-003  0.375563E-003  0.230099E-003
  0.144641E+001  0.116966E+001  0.635027E-003  0.385102E-003  0.385102E-003  0.233538E-003
  0.144852E+001  0.117419E+001  0.659212E-003  0.395707E-003  0.395707E-003  0.237531E-003
  0.145064E+001  0.117871E+001  0.673173E-003  0.399958E-003  0.399958E-003  0.237630E-003
  0.145276E+001  0.118324E+001  0.694914E-003  0.408652E-003  0.408652E-003  0.240312E-003
  0.145488E+001  0.118777E+001  0.716328E-003  0.416933E-003  0.416933E-003  0.242671E-003
  0.145700E+001  0.119230E+001  0.737254E-003  0.424716E-003  0.424716E-003  0.244669E-003
  0.145912E+001  0.119683E+001  0.758828E-003  0.432662E-003  0.432662E-003  0.246691E-003
  0.146124E+001  0.120136E+001  0.783896E-003  0.442370E-003  0.442370E-003  0.249638E-003
  0.146336E+001  0.120588E+001  0.805132E-003  0.449690E-003  0.449690E-003  0.251165E-003
  0.146549E+001  0.121041E+001  0.835639E-003  0.461915E-003  0.461915E-003  0.255331E-003
  0.146761E+001  0.121494E+001  0.852263E-003  0.466265E-003  0.466265E-003  0.255088E-003
  0.146973E+001  0.121946E+001  0.878731E-003  0.475807E-003  0.475807E-003  0.257635E-003
  0.147186E+001  0.122399E+001  0.900795E-003  0.482720E-003  0.482720E-003  0.258680E-003
  0.147399E+001  0.122851E+001  0.941001E-003  0.499062E-003  0.499062E-003  0.264677E-003
  0.147611E+001  0.123304E+001  0.957503E-003  0.502598E-003  0.502598E-003  0.263815E-003
  0.147824E+001  0.123756E+001  0.976293E-003  0.507175E-003  0.507175E-003  0.263472E-003
  0.148037E+001  0.124209E+001  0.100625E-002  0.517348E-003  0.517348E-003  0.265985E-003
  0.148250E+001  0.124661E+001  0.103053E-002  0.524372E-003  0.524372E-003  0.266818E-003
  0.148463E+001  0.125113E+001  0.105920E-002  0.533409E-003  0.533409E-003  0.268622E-003
  0.148677E+001  0.125565E+001  0.108686E-002  0.541683E-003  0.541683E-003  0.269968E-003
  0.148890E+001  0.126018E+001  0.111829E-002  0.551615E-003  0.551615E-003  0.272093E-003
  0.149104E+001  0.126470E+001  0.113196E-002  0.552599E-003  0.552599E-003  0.269766E-003
  0.149318E+001  0.126922E+001  0.115749E-002  0.559240E-003  0.559240E-003  0.270195E-003
  0.149532E+001  0.127374E+001  0.118327E-002  0.565811E-003  0.565811E-003  0.270556E-003
  0.149746E+001  0.127825E+001  0.121550E-002  0.575248E-003  0.575248E-003  0.272242E-003
  0.149960E+001  0.128277E+001  0.123372E-002  0.577883E-003  0.577883E-003  0.270683E-003
  0.150175E+001  0.128729E+001  0.126394E-002  0.585943E-003  0.585943E-003  0.271634E-003
  0.150389E+001  0.129180E+001  0.128352E-002  0.588939E-003  0.588939E-003  0.270232E-003
  0.150604E+001  0.129632E+001  0.130958E-002  0.594739E-003  0.594739E-003  0.270095E-003
  0.150819E+001  0.130083E+001  0.133133E-002  0.598428E-003  0.598428E-003  0.268990E-003
  0.151034E+001  0.130535E+001  0.138485E-002  0.616133E-003  0.616133E-003  0.274122E-003
  0.151250E+001  0.130986E+001  0.137734E-002  0.606521E-003  0.606521E-003  0.267084E-003
  0.151466E+001  0.131437E+001  0.140021E-002  0.610299E-003  0.610299E-003  0.266004E-003
  0.151682E+001  0.131888E+001  0.142197E-002  0.613469E-003  0.613469E-003  0.264663E-003
  0.151898E+001  0.132339E+001  0.143936E-002  0.614664E-003  0.614664E-003  0.262486E-003
  0.152114E+001  0.132789E+001  0.145934E-002  0.616884E-003  0.616884E-003  0.260765E-003
  0.152331E+001  0.133240E+001  0.147687E-002  0.617960E-003  0.617960E-003  0.258569E-003
  0.152548E+001  0.133690E+001  0.150202E-002  0.622122E-003  0.622122E-003  0.257675E-003
  0.152765E+001  0.134141E+001  0.151139E-002  0.619685E-003  0.619685E-003  0.254075E-003
  0.152982E+001  0.134591E+001  0.153746E-002  0.624028E-003  0.624028E-003  0.253281E-003
  0.153200E+001  0.135041E+001  0.153971E-002  0.618640E-003  0.618640E-003  0.248562E-003
  0.153418E+001  0.135491E+001  0.155243E-002  0.617477E-003  0.617477E-003  0.245600E-003
  0.153636E+001  0.135941E+001  0.156756E-002  0.617246E-003  0.617246E-003  0.243047E-003
  0.153855E+001  0.136391E+001  0.157682E-002  0.614652E-003  0.614652E-003  0.239594E-003
  0.154073E+001  0.136840E+001  0.158598E-002  0.612058E-003  0.612058E-003  0.236203E-003
  0.154292E+001  0.137290E+001  0.160176E-002  0.611967E-003  0.611967E-003  0.233807E-003
  0.154512E+001  0.137739E+001  0.161981E-002  0.612662E-003  0.612662E-003  0.231727E-003
  0.154731E+001  0.138189E+001  0.160548E-002  0.601199E-003  0.601199E-003  0.225128E-003
  0.154951E+001  0.138638E+001  0.160698E-002  0.595755E-003  0.595755E-003  0.220862E-003
  0.155171E+001  0.139087E+001  0.161181E-002  0.591586E-003  0.591586E-003  0.217130E-003
  0.155391E+001  0.139536E+001  0.160845E-002  0.584474E-003  0.584474E-003  0.212383E-003
  0.155611E+001  0.139985E+001  0.161540E-002  0.581154E-003  0.581154E-003  0.209074E-003
  0.155832E+001  0.140433E+001  0.161899E-002  0.576621E-003  0.576621E-003  0.205368E-003
  0.156052E+001  0.140882E+001  0.161509E-002  0.569499E-003  0.569499E-003  0.200810E-003
  0.156273E+001  0.141330E+001  0.159679E-002  0.557399E-003  0.557399E-003  0.194572E-003
  0.156494E+001  0.141779E+001  0.160103E-002  0.553255E-003  0.553255E-003  0.191183E-003
  0.156716E+001  0.142227E+001  0.160495E-002  0.548985E-003  0.548985E-003  0.187784E-003
  0.156937E+001  0.142676E+001  0.157333E-002  0.532706E-003  0.532706E-003  0.180365E-003
  0.157158E+001  0.143124E+001  0.156962E-002  0.526020E-003  0.526020E-003  0.176282E-003
  0.157380E+001  0.143572E+001  0.155772E-002  0.516628E-003  0.516628E-003  0.171342E-003
  0.157601E+001  0.144021E+001  0.156239E-002  0.512783E-003  0.512783E-003  0.168296E-003
  0.157823E+001  0.144469E+001  0.152542E-002  0.495348E-003  0.495348E-003  0.160853E-003
  0.158044E+001  0.144917E+001  0.152700E-002  0.490555E-003  0.490555E-003  0.157592E-003
  0.158266E+001  0.145365E+001  0.149526E-002  0.475104E-003  0.475104E-003  0.150959E-003
  0.158487E+001  0.145813E+001  0.148209E-002  0.465687E-003  0.465687E-003  0.146322E-003
  0.158709E+001  0.146262E+001  0.146137E-002  0.453926E-003  0.453926E-003  0.140995E-003
  0.158930E+001  0.146710E+001  0.144330E-002  0.443068E-003  0.443068E-003  0.136012E-003
  0.159151E+001  0.147159E+001  0.142868E-002  0.433286E-003  0.433286E-003  0.131404E-003
  0.159372E+001  0.147607E+001  0.140817E-002  0.421727E-003  0.421727E-003  0.126300E-003
  0.159592E+001  0.148056E+001  0.140020E-002  0.413912E-003  0.413912E-003  0.122355E-003
  0.159813E+001  0.148505E+001  0.136876E-002  0.399123E-003  0.399123E-003  0.116381E-003
  0.160033E+001  0.148954E+001  0.135288E-002  0.388895E-003  0.388895E-003  0.111789E-003
